0.2783981851008798 0.3937120613140618
0.4944692688914714 0.070380595382881
0.6872773389371238 0.3052879100629565
0.1734786609687614 0.3628177807311714
0.4149737079768093 0.4002499009977369
0.6798868651800223 0.4470573393494458
0.6885843895597044 0.7427103341877114
0.4934648164241975 0.4057573369719667
0.0750443462338598 0.4420273827557399
0.2807022114744724 0.4209600352735384
0.57242822354031 0.921213224384645
0.1935394991124715 0.4049094164504052
0.325249239206559 0.5937680605791198
0.6854521946654634 0.5851388518809544
0.7935809790869858 0.6078411408404115
0.745059241323826 0.7363560957417186
0.5703400416794483 0.42985136207289
0.4341100096928161 0.8108555076724783
0.5352718570940636 0.1984453723221724
0.3564112671608383 0.6137188245258985
0.3866828783485428 0.78217823969526
0.4815270767459454 0.5081766350969269
0.6292586591979658 0.2883906705481266
0.4635629584690037 0.8856284000572313
0.4349595674298047 0.771610630098015
0.7033798629570093 0.4648071768535007
0.4984951274903685 0.8100677026211669
0.592041147274469 0.6659789917783526
0.1138920795103716 0.4353903130575377
0.8638226809649702 0.4005307158041549
0.382912765601461 0.2638195035419799
0.3824236985343225 0.6075568211421243
0.5412500573878875 0.5725843684712995
0.8146785755660957 0.5602990783326585
0.6068578382153893 0.6260023692303094
0.4674137340788698 0.3413939988993199
0.7165823321423634 0.3990059858954378
0.3122086722344767 0.7152836785139366
0.2142700480286019 0.5894384445693265
0.5694817784552518 0.2329995167172842
0.753516317730307 0.4038975919339584
0.4424257103505423 0.8835366726607836
0.5568261752252475 0.6336669951138321
0.580349734610044 0.7526046510819738
0.5336977050745214 0.05471838184792421
0.4643818396242756 0.9070973840407134
0.5607930406210843 0.5982508708372253
0.6810546035105861 0.5721178775602822
0.6951220171484608 0.783993827638505
0.706041475147983 0.6043257508303033
0.3281329688404714 0.6066951935299338
0.5783901592775031 0.5099200465936833
0.2788685810453342 0.4913027227745477
0.3994708934424758 0.1775005541247692
0.4779775773002086 0.2793307473963181
0.8614626040699455 0.3935707422926226
0.4573816825058475 0.6660395625977569
0.2638386519752124 0.5079446440164465
0.4901856649994772 0.8547493487945726
0.6251195117553471 0.7896716836732758
0.4055144492313548 0.2867023851206929
0.6506314834507206 0.6464852147771312
0.4305238837963468 0.5464737078502672
0.319993772480431 0.3473221235051585
0.7763910385990741 0.3392607413445536
0.3029159678066585 0.4993224813971078
0.3360576175659178 0.4664876779406745
0.7034317782005295 0.589286183067304
0.5491038663313619 0.9041383910651044
0.5700834137502994 0.3823807739134679
0.2397723464882628 0.3655610031057334
0.2611024510584453 0.280983949516021
0.5614709681622161 0.2297315030534818
0.5440552770777829 0.1896728574705339
0.3119120645289704 0.6906654759639674
0.4043656399868957 0.3438080851753393
0.4852183157361265 0.1285094129152125
0.220533702748973 0.5185157222313798
0.4500596547812717 0.8316000240935872
0.5979923842429109 0.5680085306173152
0.05930904642488699 0.4659284142231324
0.6479554389675088 0.5132822107067906
0.3845150041776212 0.6599079109792161
0.5346905473271766 0.598769541605305
0.6629349590438794 0.6475421361969805
0.6445744801121518 0.5393527171000619
0.4547813481674217 0.6763071676665539
0.7886988452173426 0.4945002356864217
0.7586675866208388 0.5081750812769736
0.7126414913502889 0.5697195110283897
0.5532762321628557 0.08272086015943925
0.6208748764334873 0.4055156837579168
0.1369664747168108 0.5878213503616562
0.3652935824826612 0.3921982379951364
0.6382087678298791 0.4458127901053621
0.5955517812804747 0.5092500228817171
0.4160833967010277 0.1490905683483708
0.9664892108431701 0.5174845143219381
0.5668759546346059 0.4813404374528103
0.4966135379001065 0.5344393567576985
0.5232560042189753 0.2695828986846833
0.5906269928506002 0.1087803973809501
0.5399459568391689 0.9052637930914088
0.4457482585376287 0.493312593057416
0.8177235997840689 0.4038651192635462
0.6524154788946707 0.1529372165906452
0.4283140761557861 0.4135386959943269
0.4716205808899457 0.2568820516121576
0.7267273077279034 0.2544260259789177
0.5823240394448116 0.1727725779980941
0.7578524497526722 0.416102906045237
0.5533574484236442 0.6926382661355951
0.4282263463103505 0.5144222635374449
0.2656389075594804 0.431968327023056
0.5933599607884066 0.7122428576611471
0.6070572622087972 0.1817121335566078
0.2352707804080348 0.2943871481262111
0.2897164329974259 0.7138730364153251
0.5536115574269991 0.07535519873292829
0.1464190989265663 0.5850383593505253
0.8466542170201601 0.6474974510703514
0.3288495676248318 0.5954635787347299
0.5924133932287168 0.6198680519706382
0.7176084894694057 0.2332655648021054
0.3791699440373422 0.2977467639011396
0.5886512183634366 0.1022698501267982
0.43553467362192 0.5996971711222584
0.1212970667078832 0.5450125454789031
0.4030282750451939 0.9025293368027769
0.8923889957241471 0.5594872823502192
0.7360663469938051 0.4102472472624294
0.3492494595091395 0.6020105058257953
0.2708851163066965 0.2689796395213414
0.4807405439857144 0.5835430697648242
0.2369882527715633 0.5328924742464041
0.2779536588278115 0.7298510259403633
0.6685268114447784 0.5145704556549264
0.7275731997529883 0.621628165889993
0.6138655283162202 0.3324020321708695
0.4421840481876756 0.898975086397168
0.551106575466122 0.7594768056262561
0.5576537022360729 0.2353213990778341
0.4808902244758559 0.8022532931033198
0.3215962864699249 0.3287491705032604
0.6432460707179022 0.7878479419974953
0.2485764287974193 0.4208925831520753
0.5331541104761977 0.2863205294947015
0.6754617647980526 0.1927778154800004
0.2988532950287757 0.6639916794281191
0.6504732765819858 0.6997951825338866
0.3233847865483798 0.4075631129005126
0.4276023286317995 0.5795271557756669
0.1735487593934899 0.6435617467330275
0.4664028342438272 0.2898082257621559
0.3752317350059295 0.8042243755897571
0.1554833884883231 0.4467580318317378
0.5634280913182451 0.8871468900676218
0.6308018889436295 0.2240375966095964
0.6896572293721203 0.4811950706793875
0.8295850825405797 0.3340529452834899
0.4804536422968223 0.2205554153943218
0.4760453082306244 0.06395784987421249
0.507000100512597 0.4249871199825321
0.5008667060450788 0.6474893203254692
0.3578778032802163 0.3632466755678148
0.2983253037626201 0.2726534798706669
0.2915244215723363 0.5097906113406369
0.4012284701263121 0.8900868224072116
0.3550246469698227 0.6239776582284904
0.4837117952566308 0.413986957332905
0.6065223511098378 0.1485328734219262
0.4367255900910864 0.4204549304386754
0.2538682645019189 0.7284532796772897
0.7995983595726976 0.6711149527175806
0.4637150345034136 0.4741782044402231
0.3806280340835716 0.1423245625233991
0.8035502487555265 0.4397046170386389
0.6655042208142917 0.7843727280822059
0.2051624398971659 0.4378197439110474
0.1237854817852478 0.4117425270514325
0.1978850820615489 0.5582511195253442
0.4521722423920638 0.2118469136150092
0.7192641968591003 0.2770561896037228
0.5191546324931201 0.8718598975879939
0.628671307649139 0.778930719156666
0.8548337699124882 0.5458428511826872
0.1919198248219278 0.3805837624419981
0.7125041105198197 0.4803661782734452
0.5194481927146634 0.8602251173180637
0.370399658116648 0.8614597176587816
0.6035037385053833 0.3652418778047806
0.1623745840383005 0.4042974870809074
0.2459308325730625 0.4771944855263601
0.4768684272090297 0.3125065148269922
0.7109407945382832 0.5732569276978735
0.6276073693226858 0.3219742925777115
0.1869619415106719 0.6163325386052501
0.6668506804637402 0.5191064699896815
0.3124329197745123 0.2574705615500533
0.2396986029308514 0.7286602481346063
0.7839262593600405 0.6957039055733454
0.4791091298157942 0.9648153501401787
0.2402985208268269 0.4967913270162495
0.531642634012585 0.7956512778319109
0.6506787590459112 0.7668874748220486
0.1297895795774954 0.5446121200794358
0.3178507850869857 0.242595953013915
0.5036555851481704 0.5574263437077376
0.4863335801788716 0.3834715403402265
0.5194553750099276 0.7953883356385658
0.6978121376019838 0.582917213416548
0.7368860223391143 0.5652587226038207
0.3116622358652239 0.3809895864831125
0.6531932486823488 0.5201819368171223
0.5243072720728036 0.6954621489483823
0.5889321464782118 0.847262200141478
0.5405818071312116 0.7341480233542724
0.3579224500279311 0.8505922791653207
0.4558536512545585 0.2546949285730175
0.5986171632441305 0.6014248681172835
0.3744378107541149 0.6475219778883273
0.8477439668962266 0.6237225995902979
0.4127667246196195 0.124304792542848
0.3648028699925433 0.6157524178091535
0.144807112060339 0.63044416786174
0.7026180474054158 0.672736158011743
0.4590394968255551 0.5904202106608737
0.7659002808024992 0.6189041288222805
0.6896478477219762 0.2128035412173647
0.5748641241454813 0.111079467157245
0.6966548038435777 0.3125751051189497
0.4482740110388282 0.5998237033778542
0.5117069910484884 0.4421879270238717
0.5046324228129203 0.2379269978560552
0.4100547914045414 0.5665551339722262
0.2199728909987878 0.7046943901276375
0.1153735146878672 0.4709725816129391
0.6926067416062781 0.4395530728788442
0.270035996688449 0.6864503533825782
0.5013245114951376 0.9659756793313822
0.4066256617949838 0.5998786481599423
0.6502424225629937 0.2913715869167827
0.7820460740716112 0.3963890266728241
0.4269959326687909 0.5881453123448358
0.316066422191249 0.7676742699204456
0.4640248876900676 0.822291710341683
0.5848932061179054 0.8843836972930229
0.0665951560326018 0.481296409544133
0.5714242840863727 0.2868655281973103
0.8480340356149861 0.5305676261917404
0.4550283233278477 0.1982911872253638
0.4872624182844153 0.6349182809631931
0.1931394922460478 0.53288790783576
0.2377714678314021 0.6134371427832835
0.6423290006034946 0.2640003315122823
0.3263038334788587 0.4753463981901905
0.3073073504730348 0.653018778033475
0.3882630708123588 0.7014121231272461
0.1227120292829209 0.5128081110910545
0.3482730594383238 0.7554586586601256
0.4739138987700513 0.5501651398231794
0.7834415890383917 0.352335612813503
0.7919185422410405 0.6218712598327243
0.5112826589733473 0.9782635545974177
0.1508583605626638 0.4669735228955584
0.4032537257716722 0.5847165674474095
0.7349348257019734 0.7232367349670609
0.2313583892698826 0.4296233247936728
0.09358560410301031 0.5898535488419374
0.7747262926905516 0.362494131962293
0.6994306460108193 0.2514686123786019
0.4250024318450422 0.4150309327659858
0.1664235693373074 0.3964068507224899
0.8258659296085916 0.329300296765453
0.4858840429133048 0.3773532531202448
0.4524670373789998 0.9299561376514961
0.4102958164406937 0.5473176806206045
0.4611063948151257 0.8315602482108766
0.3120587362419101 0.5597457654300401
0.5312037361508067 0.4106616765497383
0.5875993551157745 0.1505273138475648
0.8405905156953246 0.4087825637340611
0.6686199824310104 0.4390382263958974
0.5927355687391145 0.3153623758105469
0.628470213192747 0.565468461665381
0.2089371062303773 0.5081613901765077
0.212230910528608 0.6265941636323235
0.5159803540268483 0.6676151562971369
0.3957273283731164 0.2632041476200871
0.5085856227942553 0.03424431137093098
0.8147324809129904 0.5382395499089313
0.5415459058256431 0.3176523378518277
0.3656600162770373 0.7876963017843404
0.5429645009194963 0.5894589921281468
0.6852831524539456 0.3672087336113865
0.746607122029826 0.5669607642792995
0.8586000364224986 0.4556009798359796
0.2484455868644966 0.7403998252064729
0.5589583761443984 0.7731052187031914
0.5519972456691393 0.9397562383655582
0.484579177545124 0.07506237536528038
0.5005017207280698 0.704099174023314
0.485591903411797 0.1062410130443573
0.5661425309497384 0.7184552952915358
0.8419864204663406 0.5682217891184648
0.5010964022750574 0.4540274648637458
0.6407131061839112 0.1699531779379081
0.1781799929879205 0.4446876280627025
0.4104089317876612 0.4905447665456434
0.7187274144245667 0.689292352167112
0.7545960576157341 0.3730553859238241
0.3692444508061545 0.4410719676232084
0.1878890994789569 0.6295599773160839
0.8228856796210539 0.5309266506156569
0.4472875824107145 0.2587797287225229
0.8078054331934356 0.3242308519683204
0.5182975046911614 0.2070180586683873
0.2654940081632398 0.5884613173996699
0.552603873760154 0.666071051857537
0.6037312563135986 0.6862847957929796
0.4734263138107913 0.8632121360438494
0.9262507378587965 0.547649056238769
0.5037201525014484 0.9190169453166914
0.06081581159716498 0.4429488134530662
0.2124209275538999 0.4904412574245187
0.3206771610349678 0.4112417099158346
0.303073145455221 0.2163861440224814
0.2428908678516383 0.5296493273313356
0.4215144932405941 0.08109316121050958
0.5150497249682265 0.2802661954171068
0.5580837489865575 0.4036471940878584
0.7178813154623656 0.7286104581352256
0.3434604843502883 0.7373997235594332
0.1502957967938241 0.3798980524609046
0.2618591263905505 0.3974379812159511
0.2080024469257844 0.5970767178591483
0.681741453800694 0.3540756960979767
0.3894949270202258 0.8030122318159738
0.5003381250911547 0.3156968366548204
0.1862729368035874 0.5322856492499595
0.330202151187528 0.8047284129272446
0.5984168710589263 0.7813227696381061
0.7024586423400299 0.5683845619032951
0.3256191797707816 0.7666600105827319
0.4500515335589004 0.4033249565924765
0.09837099881804301 0.4390459171553106
0.5681623245311219 0.2758791293776069
0.5108915574130131 0.2629786315590291
0.3716237207263656 0.6519415705902807
0.6075897746452873 0.398856213773749
0.7819487126943198 0.5382081787366755
0.197706623423845 0.6246967988105409
0.6105395084835431 0.4446807153355057
0.5290927764134946 0.163500024628721
0.7158776794586075 0.5112247881931681
0.5708253843279772 0.3942902912367212
0.2084051182492683 0.5825210165720958
0.1274538980835921 0.5689441871181473
0.1310341693770553 0.4718644449850419
0.2268185451671001 0.4853816396483193
0.1624400874372001 0.629271669765702
0.8133619582382414 0.4068563871832478
0.153837466027315 0.5949536707233473
0.5384133849169329 0.4470559461823588
0.5148587093731019 0.7854685798228915
0.6003936597405263 0.4938470190010853
0.2828746338831304 0.2918089593310669
0.5176759911775248 0.7229504181905348
0.1051670756760051 0.5113354604789998
0.5583578747238097 0.3005511560820812
0.1114122828493515 0.4146619970740208
0.5491298067273874 0.7635481325490608
0.3254592426769287 0.4668663645765896
0.6395003570265477 0.5728890740257241
0.2854489440680619 0.5827818067895778
0.9090651323378628 0.5482066512306576
0.7516931943935534 0.552947517146989
0.5829199246291974 0.1668686744551506
0.8236742850650441 0.5951766984059581
0.5683746760081405 0.2454166389495833
0.5658033770279671 0.3817216688362085
0.4636621926177034 0.4962391907647752
0.2691590493043573 0.7658913797650331
0.3831181693599864 0.5358619620667066
0.3444557663643881 0.6225869033847478
0.6425035887797986 0.2458554935651794
0.3908475482364974 0.4968422752694751
0.1244062043323771 0.4337428082297834
0.3033115523497156 0.7900218139809374
0.6634871969823168 0.3261756333344236
0.4801542707148585 0.1664279800897349
0.5710769692307085 0.5749992366942395
0.1908650652287905 0.4840489749805613
0.5504246379930575 0.3837259071965149
0.8094543120884748 0.6502557298916688
0.5666869586874232 0.4554950026099536
0.3560196785449785 0.3485948882866211
0.5153972530998734 0.2621931487523643
0.4504967955096826 0.2059923927362338
0.476528582910416 0.0897027824386919
0.4115445415392452 0.5288461794456039
0.5363675234918345 0.6364654302049146
0.5994956344537801 0.4907115887905924
0.5479133863766491 0.9060247074526724
0.3561346078001764 0.7452202603972614
0.8625437135934775 0.5067332618414627
0.1522428937328332 0.5051992766569713
0.7044953977481263 0.7604065476712073
0.6097717832017291 0.4644343449868008
0.3139743584311817 0.2647061290238144
0.2001879684579962 0.3041451162580563
0.7868436440357034 0.6921990709636612
0.203940067461045 0.3360179124412431
0.5831915254154276 0.7263722900755171
0.2813045658716592 0.7765454718547783
0.8376713852849934 0.490521346544711
0.6058679877154333 0.7123418388364864
0.2786490566735392 0.5778731603654254
0.5064091771109704 0.231454963836088
0.5341193174742526 0.4619404322905446
0.2360279911332661 0.6776006938304803
0.5071822599145348 0.574816931430147
0.6512375620631589 0.3919539635210825
0.5775246149972845 0.270168112714899
0.2437673686409386 0.4701660235953202
0.8890918324146264 0.4549764744724738
0.4150749589284159 0.4407184617841378
0.4582959980812193 0.2394619980037339
0.4132742779273797 0.8176779737103734
0.5666030521572677 0.1450640661964382
0.5775797513341541 0.6712875597490632
0.8070794399972226 0.3499382647447208
0.3727658775860807 0.4166040269467584
0.2998123990968291 0.7505745609555525
0.5606527124436831 0.8435586641185244
0.3510950765391203 0.7212264842419627
0.5497111857287325 0.8288669654858276
0.478390124904536 0.10194865605373
0.6237675609577267 0.8276686782687807
0.6824222033459739 0.8139104696286564
0.8824866144766318 0.4556709642924649
0.1898101968571023 0.6232511574527861
0.3631131559698432 0.6471824057036701
0.5953284291308497 0.269723134219028
0.1181795868048601 0.4670332957452205
0.2855531762620886 0.6963946433948479
0.5357712561107497 0.3707073415425171
0.465988267119946 0.9079062994454893
0.8368844550082705 0.3712637425819109
0.4768901212136882 0.7606139656850242
0.9092508070447409 0.4799882680669527
0.3692562813490409 0.1394470913270803
0.1374807359604987 0.6144077203625987
0.4338450824943162 0.0917440448708654
0.9617689290687912 0.5207510893224736
0.521024349966435 0.7102335949851947
0.810910307444168 0.6656092696036948
0.09423094280324495 0.4520058589953873
0.8375364785044191 0.5495033529439015
0.8793083276296189 0.5014901427585238
0.439637827354606 0.2352910709801317
0.6061144421440318 0.3046937553009733
0.9201235392867921 0.5409503597623724
0.3071674029824786 0.5001394769557875
0.2952224557323128 0.5514293386659743
0.6136814596248888 0.2879987189602098
0.5040371343289229 0.9298293708968719
0.5249276831406022 0.1964004035218078
0.579287923900885 0.3537782334870893
0.3929976184458686 0.6065928449402845
0.8362933509099406 0.6202437409252968
0.4201247500561167 0.9147791378111805
0.8905356997887869 0.4772925996196363
0.4561747324536172 0.5120284104261812
0.587533773586711 0.09188902018990652
0.5359265763551823 0.8959827526471531
0.3918535118042302 0.8109472537484628
0.5526565447880778 0.5703357372391596
0.5319703320735419 0.7193729203880433
0.7407239393386279 0.5015704580813057
0.6225360512267372 0.2441170904634188
0.4055422222445285 0.5375697370494946
0.5315066439336535 0.8010044049662761
0.3407048035992495 0.6024225347719575
0.7139722189536096 0.5552285006671798
0.6138850803539698 0.1538984644228228
0.6592776807571069 0.4471076458357476
0.3794185468918446 0.3605547579296262
0.5331010411689077 0.1761008352364426
0.4631285816012435 0.06620946304435305
0.7181475532767879 0.6795313453214736
0.8835080126419567 0.5765800824219898
0.6510324650655623 0.5059115251464429
0.5674349432678082 0.4662753342518987
0.8496499481204284 0.4795338373204348
0.4335285137739785 0.1133316364122243
0.647638852195658 0.7376582828423544
0.2227797757124357 0.6871564430983742
0.3397372189744039 0.7701360049499553
0.6059495546142712 0.2686617090978254
0.7070654738944295 0.4986375645899949
0.3563825067377521 0.6510164883501707
0.3002591419493311 0.4340997309102954
0.06201570327122785 0.4386744845213874
0.4291363956103269 0.4457855659408226
0.3855874181008244 0.3710203623397366
0.6011605287613834 0.3035975457628307
0.1622338761069172 0.5361072197363751
0.4145352085453898 0.5630956440307201
0.3772360184840656 0.3150903145178655
0.7321709598351103 0.2800643341897713
0.4071505140680846 0.5510901292751583
0.2495960498346659 0.6859874911108028
0.8054919808092313 0.4770161833287031
0.3773866299701235 0.2076130704120299
0.7573476091467436 0.3857289268482285
0.4072542657646081 0.8123513646522404
0.5836963803979119 0.5858679519455375
0.5206796099962344 0.9465311395182199
0.3761721466881893 0.1809797956023346
0.7874741947169598 0.4971562597477143
0.7730627177442603 0.5557900879469682
0.4627036886745522 0.8236766981824498
0.2479412029114986 0.3990399219532925
0.4326009448191019 0.365859114757663
0.8102964841146716 0.553392982677753
0.5815052492240932 0.8736097361877396
0.5138764276708477 0.492436630891503
0.7162564564352041 0.3023495734369317
0.2994411376405453 0.6562625705196087
0.5926093611938031 0.2491616524903068
0.5190416182983846 0.7775153801263442
0.2435913656999737 0.4533736416816645
0.2037056742033583 0.5425110294801461
0.4930369281046455 0.06395882839962874
0.06581303560586926 0.5644649153300957
0.4539544093633866 0.650882026890541
0.1958332873747867 0.6900702348251246
0.6434109598362121 0.7390805703254109
0.5823282184560622 0.2925504899377968
0.4256651403920547 0.1837013946627086
0.8307256239543814 0.615722206092627
0.3526175264007212 0.6841619837624514
0.6267500291161806 0.5426461806515122
0.7608960216393647 0.6801381886173409
0.5876094090843409 0.560267549324834
0.5077719642559388 0.6529901938696403
0.2778894227602746 0.5157497352720958
0.2740741858122452 0.5972472350465068
0.2113132475734634 0.4174517903537689
0.5934766694730986 0.3985689327518767
0.6820857722029839 0.4798329528197236
0.7041336438907075 0.2895528163398239
0.3280326898676315 0.5446128145130171
0.8128953399159521 0.5645171652014384
0.5584175245071816 0.161613237671748
0.4971413592534516 0.8175992500221151
0.7661132040364338 0.6064399579788595
0.2764833668815567 0.4371623867455617
0.5065287504838342 0.9748583816212433
0.6457040552193599 0.3916953010920742
0.7987632459672507 0.4128887370986513
0.5111699534734289 0.6155397186346594
0.2457848942479556 0.4242564466554929
0.7844372460548729 0.6768640041831436
0.7118487314638492 0.5219507787568928
0.5675834277313428 0.1283456577204278
0.293783354748796 0.248808298742479
0.3709013756371169 0.64901294634082
0.3371692409043279 0.7045346059383384
0.4946446013490216 0.734417820698827
0.6940931143560549 0.4428965209360008
0.7011033528753923 0.4080034355620442
0.512577681595982 0.5437655431891073
0.5874634039437776 0.6210387018520545
0.4787021347620491 0.08563462751340689
0.3475310256615585 0.7259722345064298
0.398196889279867 0.5852538537681213
0.5844784313915451 0.1867396833975299
0.2152549027622971 0.2924768297049156
0.6258735059203265 0.63573559902376
0.5904202831469815 0.288863358669408
0.3022430879927287 0.3350478647174159
0.5096356822171695 0.9021099830776852
0.6514385589581799 0.7296889818216848
0.5042249362980191 0.7066640927620756
0.1693610287115445 0.4042393909337952
0.4277946166197868 0.3938675044231251
0.3029230580665009 0.6939079394947155
0.2288450325897774 0.5715797878964741
0.1852404604755842 0.5106593332458614
0.4339863961761111 0.3139665410285966
0.309177960395563 0.8052697311246101
0.3725490008692032 0.4750229002552352
0.5185414301962612 0.188860756450776
0.335884797845953 0.4333704234551909
0.7987982665342349 0.4967101382505448
0.3806743104540934 0.6752530793319103
0.6651546376201991 0.4433575697495411
0.6721795657246687 0.6655953534597938
0.8604161329526555 0.3729796073895718
0.5056385761247698 0.8802040870525479
0.514787143982342 0.9493548864236466
0.2316448733339165 0.5013477188256706
0.7497568965668245 0.2745347777573393
0.6105342351559712 0.5487203716679218
0.6770190827193368 0.5938302422532528
0.3244422986875087 0.6949632750150783
0.6138471650264613 0.533318546454305
0.2867456501252414 0.6059987961631558
0.4955559921065669 0.1078538881604827
0.4502918753549511 0.2157272341516657
0.07931673358221203 0.4500172248814315
0.7793504966376792 0.3166805014635804
0.5947190173002269 0.3183060773019279
0.2644883367424401 0.3618554179143403
0.4829308407529243 0.6555728397620306
0.8248152668093026 0.6690289972464827
0.4231721464390777 0.344072230242161
0.5832206701515662 0.4552008151234888
0.5307569759072129 0.9040614063427368
0.5697062966573552 0.693876895519421
0.2735932663789939 0.5095882054096746
0.2073967280088211 0.6410863776850295
0.2157105454922893 0.2978725924372132
0.544395904447478 0.680469283703391
0.6421406203710337 0.6421807533287709
0.3517389692024211 0.4632377031095593
0.7641343421827412 0.3564618203353478
0.4779351522561754 0.6937308398404136
0.3415340204586537 0.3556355384950196
0.5287661064949151 0.5363899430117228
0.3491722657929539 0.2651477015581285
0.5851552826320405 0.3521312927468617
0.7825918971954547 0.4316822445643931
0.3913485104030811 0.1551926666361617
0.6864980719137244 0.491678032951558
0.2386356621863271 0.599351784452315
0.3164288127795573 0.6386088125930494
0.4042629953013351 0.7643081253286315
0.2781107579161713 0.4866677450741219
0.5996628795183748 0.4810191232278086
0.6853909955821097 0.2317682492288966
0.3854367643304463 0.17926490390529
0.500088122193262 0.797245640719329
0.5825428112373775 0.1098165186752252
0.5644082860133061 0.3794287194786938
0.4684278466671054 0.7562439096876346
0.4553482445613624 0.4967887868834903
0.4340314647931039 0.4296723288067466
0.6730477747856545 0.8027302717609839
0.5731876330913224 0.381177293756259
0.9432432886080039 0.5078017471522617
0.7170456391119645 0.4951894660042584
0.8201014341795307 0.6140518582961042
0.4100132517443067 0.5618290593882879
0.5759978150520977 0.5603396755077874
0.7457553608696258 0.7164286104889569
0.2956877972794691 0.3726929481057323
0.6189633403563014 0.8590246598482919
0.3405755443273036 0.495178401608552
0.4961974983098926 0.7155877651967696
0.4915064568850327 0.05799271440002063
0.7504010179197802 0.3471918741794444
0.5359910065342682 0.2121531605014474
0.4089488577526692 0.6495442361521974
0.4665767604462072 0.9043213791893412
0.2500845087080362 0.2920273286546182
0.2849404759286323 0.7132848935389904
0.6291154455242631 0.3414987847168465
0.04616593587579543 0.4894305140547428
0.1049965782336746 0.5564802849934902
0.3454012817935508 0.5030906744949843
0.5264004557550793 0.3861793769749345
0.6795946710629416 0.5589707310874993
0.5675951351656551 0.3734604867903467
0.8391060998679788 0.4074594647315973
0.9075584180692159 0.4079185659407821
0.1680134521366763 0.5622958691996096
0.5696438873079817 0.7427086500170734
0.5001807274037708 0.4565909527908246
0.6431082414946053 0.4540856485821412
0.4028526851668416 0.2231137319946145
0.5889753463776669 0.2482274069952308
0.8354236294830779 0.4125904220024634
0.7639069011740447 0.2790187494418176
0.4515678499207296 0.4127440425338863
0.33089122230274 0.5897027692667464
0.4966915952671199 0.8266667680475628
0.6221794391786579 0.3627121847909511
0.3898711724870403 0.8849461106232588
0.3311297918045238 0.7316409886549187
0.5242452524640141 0.2467852186420179
0.1897981469437883 0.5421859770750311
0.5768180562791532 0.6296205245793627
0.6327539193991776 0.5683563877922936
0.7090256638224679 0.4001100540081334
0.4031117791759931 0.7121361938465344
0.7522999938907562 0.4665247267098185
0.2812371936831938 0.5894311151883813
0.4744221396656761 0.8951316620402494
0.417127715701938 0.6860044353264901
0.8649973317450369 0.5257579144496035
0.4941575702566542 0.9668235444411868
0.795436293637843 0.3643157258104865
0.3426797731169899 0.490609938621173
0.7358167009677985 0.4142056788405902
0.6149161464728018 0.5771243242844386
0.6268834474063698 0.4474295510626849
0.4459936903574553 0.813948698389314
0.4695425104145805 0.1975668260795355
0.413224267453193 0.2164701023378716
0.3258409391730749 0.3508850958174741
0.3187401942777073 0.4309344177447306
0.4316202416389771 0.3008092613134505
0.461851730219663 0.8486757080563292
0.8394785412655671 0.5428271913960676
0.8325761319978403 0.6496629535346005
0.687300614174182 0.7749967281162706
0.5377418455850437 0.2693190008676175
0.3168559922025065 0.2710577722090338
0.3261860533205256 0.7250261003202207
0.4963573982397707 0.9343084091335427
0.7794864669961055 0.6721415190565607
0.5831527773375238 0.5755820131689756
0.6025409749696494 0.2054879203929988
0.6356089273097065 0.3752108046451806
0.2581939417264183 0.6275117872645353
0.6923822928411947 0.7086692123696069
0.6224067794065535 0.4224099338788475
0.3996225124162502 0.4093058557939968
0.542475167078559 0.5201751286573887
0.508384639140819 0.274862611904817
0.3961039031240596 0.7654425430154204
0.5953772266029888 0.7138859003229345
0.4108125711049657 0.1747488391497555
0.6832693494141892 0.6476929762668336
0.3040274771998617 0.7012888929580549
0.3149408847168502 0.3110838476979484
0.3837614093723617 0.8688733648255179
0.1399718528051609 0.623252710406709
0.7828010203804546 0.6168696974712027
0.1003190119994406 0.4105673802328157
0.2375273379321543 0.6686029586070081
0.7246454992315388 0.4185685308527529
0.9455185872518264 0.4954328852786758
0.8455539086238295 0.5699740419641665
0.8396559196990357 0.4030220942550788
0.9765232651296104 0.5140794275664634
0.4256784676153915 0.893322083744796
0.6773105258996464 0.4680132223719957
0.2778189371210963 0.3315572275683804
0.6965469460571466 0.530663328574846
0.744650646480884 0.396294561933703
0.2916032929086747 0.3548754226623975
0.9390182952505279 0.4765695211079062
0.179801258015797 0.3956502600275016
0.3829269185602572 0.4825760844915412
0.6466909567015657 0.2708861257275064
0.2996849666724357 0.6659275530569275
0.776280301388767 0.5060293224456057
0.5690154995252972 0.2834942522247239
0.8862919935657511 0.3910526833261045
0.6438093019473949 0.1542524495261094
0.6247224487856862 0.7920427834125767
0.5890834765809493 0.4182178617160844
0.8239179921595743 0.6372787967796839
0.5102910029496848 0.2412823991980889
0.2286338122103946 0.2739004756366316
0.2121838334952151 0.4591105458035164
0.3511193695918045 0.584264301058119
0.4702344304125768 0.9161589307152636
0.528022688764068 0.7958460147457392
0.4784948762748075 0.8488248026519714
0.2654883073128376 0.616367844636852
0.1769123482342405 0.4312399965762063
0.7313483288628109 0.4182860440575795
0.373360341330948 0.4503250095817515
0.4919918054715356 0.878323049186384
0.3751444482915806 0.1325893757799181
0.6997571791757665 0.3963862446860619
0.3840279426086658 0.6353002722612994
0.481931026970545 0.07473163871828814
0.5987610450689883 0.8560135466900954
0.8004573148738842 0.5037355744069314
0.7454773768573573 0.5112203139231515
0.2980305578060856 0.2442438275341994
0.3934963595291733 0.1238252097751675
0.5869053872283733 0.8042812033573427
0.3763227431506868 0.1308686645700378
0.3430639696348311 0.4383232959833328
0.5766804790223539 0.6552079400126923
0.7166179806681566 0.551115270357521
0.8683177837951931 0.3773598242623185
0.9072120529680989 0.5891952056817709
0.8709941772929903 0.5500982260109712
0.2749109504224792 0.6544261759017118
0.4519364552933633 0.9300539169880312
0.5416387644120151 0.1418915694593308
0.572419700290053 0.9260268176648745
0.5371589035830542 0.05449805852204337
0.349608970892703 0.2403165218197661
0.4747434469661846 0.8786009398242667
0.4165824811329361 0.1597056867872846
0.2474273550051336 0.3211390474028071
0.4336727647729919 0.926062416115535
0.1161201888996867 0.3977318523389692
0.5248886839691421 0.8070283173503473
0.6928920702196223 0.2502367763616659
0.5228792280520189 0.2256213964967207
0.1309961642497208 0.4462206285162805
0.759320010981455 0.5572156535862943
0.1889888849046658 0.3915381066575139
0.6034650552941203 0.7516935056129617
0.5838112945325341 0.2014652165563595
0.62444820156158 0.1588325333528798
0.5697607249542328 0.4945655999640549
0.6564106121721816 0.3399273982242479
0.6074466097551168 0.1665868341234739
0.1288854031589933 0.6184276835988333
0.3553710543203927 0.4155520813809499
0.6565118002273101 0.341092309307603
0.4412170219129041 0.2610496341687299
0.2568858389353033 0.3962127962888891
0.426416695590383 0.7408996480450071
0.436884047920267 0.2296782791440641
0.7020633192452125 0.6880041318312877
0.4710165951362756 0.5776137278182335
0.1360035525476969 0.5499100674373112
0.5602257580186268 0.1655018464309648
0.6948308640220145 0.7344262356453111
0.5284177281656189 0.369961128130068
0.2244285021688305 0.5919756131718978
0.634749851898834 0.8456778163621198
0.3740056109285516 0.3078208647335675
0.3488665112706247 0.327999783106521
0.7372076175785213 0.6118669622875063
0.1611726407234877 0.3774124916102709
0.4803286631495306 0.6778891350526611
0.4390779533956537 0.6541068531167883
0.4464082007971841 0.2294839640978401
0.3141021705295454 0.7150568357363569
0.7479419267727253 0.2709856828024476
0.2811103279095576 0.7658161037826536
0.3649104964413808 0.6366743013185998
0.07822233973402082 0.5745998867625987
0.7214905339198389 0.5538821134468658
0.6965788852728505 0.2991708378493512
0.3560609662029519 0.4322485845704689
0.4636731763787307 0.9226628060231016
0.2725329347447903 0.2967454225883437
0.6948967266863344 0.2817872956520214
0.5629736139909314 0.1177497670732428
0.8701724839960134 0.5535771825180451
0.3691404135405719 0.1492693701702854
0.354731636617435 0.3884292953789764
0.4662661227802875 0.519950349035279
0.6363926166953585 0.6655651670074048
0.5165280782039164 0.7976830465820512
0.6173318312525194 0.8634141316572675
0.227214837451122 0.5005950204310832
0.8046810257250716 0.5344367895260335
0.3306466413891507 0.5836266243665572
0.563950880454564 0.719628645213069
0.4750368055251789 0.160405004743386
0.8721736969087506 0.6130442256923767
0.1728125402358568 0.3357100589034344
0.3602566472644237 0.4181698231808842
0.4197418778775084 0.7066652152596998
0.918846295002869 0.5741143826802491
0.3496145116651249 0.4289392405759648
0.6058189210352065 0.5784072959262822
0.4474138577185276 0.2748434139477046
0.5565669837607058 0.9059619623621601
0.6147847653341314 0.3675235237257094
0.5165954031396963 0.4550942150791522
0.6695913731913493 0.650714901907407
0.1807354139291715 0.5635935332424111
0.4626561562474855 0.3423177421517678
0.5427858389686647 0.05988803044483137
0.7461609883014035 0.4788620297254126
0.9897077318276957 0.4972721428924589
0.4836100100649322 0.4300579896308984
0.8851639085118496 0.4268920658223728
0.4368884721956363 0.7902652644979739
0.5614352543095044 0.5285510363256397
0.6910973418589077 0.3951455586367234
0.7023201198060224 0.4389879394166777
0.5532466061616671 0.8032030719012127
0.6418315205765106 0.8176007384574071
0.6435001734210746 0.5310319006955777
0.48210003105338 0.7064146202783221
0.4858330184138603 0.6798189216991173
0.4653840645880235 0.8611800844215898
0.5398962720957813 0.07215812319550907
0.3682243115014492 0.8664823556369015
0.4680642576073039 0.4648882846033181
0.541098102567423 0.7170916854973876
0.7186365275873509 0.6037945447772545
0.1575649112168092 0.5653393891848189
0.2891448801066425 0.7059449543771014
0.2712468403616007 0.5517548274460409
0.4464502783598886 0.9079736873192839
0.3733910297421633 0.7662208693097832
0.5887102153026887 0.7598398608561026
0.5603831064549837 0.5256833650575354
0.5153241831724426 0.1278435489676257
0.2310262208995665 0.7043175327018899
0.5958324069215648 0.3819168823482474
0.6644454314657348 0.5490843900601762
0.3736025438410581 0.6879818738516057
0.6584723121992194 0.8158276556311105
0.6768660508504089 0.2039181657448048
0.2359587351752161 0.6686581781125772
0.3121842804103397 0.2616728207937294
0.5997645555133787 0.8404998691056167
0.5966650824342491 0.4783742609709145
0.3246625227369863 0.7168196095957818
0.2128888294141439 0.676440594319282
0.4835501164640453 0.6456130335767242
0.4944647513802486 0.262475649614195
0.7436910692573799 0.6342235054115744
0.4404262961897463 0.7964154058069892
0.178448214576677 0.5857384947634605
0.1615989920452837 0.6285614192623926
0.6433150360537722 0.6678418042112984
0.5311258861502042 0.4448376034538923
0.482967452266385 0.9255504043013875
0.6630921456028052 0.5727509597823042
0.39200011237282 0.2964212683214664
0.7230791964270199 0.6147138547720291
0.4437889130562712 0.7548848431334977
0.2067140662548597 0.6205506339970775
0.5331172567290977 0.3858146557982405
0.1193697527591624 0.399997805678882
0.1711176637594459 0.5934679043144625
0.4541985048330909 0.2050499615959198
0.2061127786923271 0.6955099403760584
0.04263746703222382 0.5253200597243147
0.9458344720686945 0.4814662049102535
0.5437842755274723 0.7185201955640967
0.6534275534180025 0.5483667392833024
0.4822023140219314 0.4561261752024813
0.4825982232912175 0.8933175070845116
0.6696048724783679 0.6161871823527345
0.8798469652588006 0.5728665530287473
0.549319755193872 0.6376370222719637
0.8092433444221476 0.6790485366553891
0.97021866051836 0.4948583898358599
0.05233849900975451 0.4634926966617673
0.6720865053165652 0.2694538393805029
0.5180888420981655 0.2078773087971615
0.8422609726905043 0.5311739211068146
0.197599282470215 0.5644110570685742
0.5667370052990207 0.72163657253956
0.5763099846218159 0.4004095825017331
0.3412071498544096 0.5773215938986422
0.7487006648548294 0.2506206188427471
0.6234109414450221 0.5722890857598483
0.3804056356259712 0.867801528547362
0.8116289920037915 0.6759678065766471
0.3567762041538782 0.2410017884389686
0.2008183897881033 0.6522149757519526
0.365043045783056 0.6000380766946053
0.3632770754935054 0.4530874130772911
0.7816207788665632 0.359154534590959
0.6647627108862597 0.4369430528337507
0.07675171065735642 0.5675864220376912
0.7246463001155585 0.4527285038841509
0.5862022472539252 0.3002347661517687
0.6946939478822814 0.6213375658766914
0.5573212399496684 0.07788769032127463
0.301906466328255 0.6088851423193294
0.4782728989670771 0.5066644079697495
0.4980348149807379 0.9823078981105284
0.2641981770588406 0.4031832299874374
0.7143792635358813 0.6858711264138264
0.3532297208679227 0.667197105120851
0.7770702278264486 0.670471713135151
0.7280682831812665 0.3419653665375977
0.4194979657903799 0.368170857970696
0.5653344793868819 0.1507815947005882
0.1325813442259265 0.5455676042400562
0.4336951208871134 0.1263848035701797
0.563786626795872 0.8348315663212875
0.4183032792583509 0.4241147509637048
0.3431090014255057 0.4552124698379277
0.335862943339567 0.2151923224722957
0.5314651274854876 0.1366352231710495
0.6501051712666907 0.6452280638906173
0.4133237011788284 0.5617931929019756
0.6652226974072154 0.8063618466833546
0.480504010661043 0.02872262040724138
0.7717608183874216 0.4558543931278815
0.7626373996337629 0.2828334460230421
0.5041253374215993 0.01957010090946731
0.6008888691651713 0.3355677916305679
0.3047911167349686 0.7155278702733283
0.6281537130300036 0.397849916517812
0.6386032704493324 0.1951570036637051
0.659572942448035 0.1874930689395704
0.5869752645773807 0.5555167047196787
0.3170785975816469 0.3122491281064813
0.686239019850167 0.5874402486576921
0.5472978009107122 0.5999903307499759
0.5359773845951123 0.2391277311823998
0.4980979552614933 0.6333990001735657
0.7984943737868625 0.3671757755845736
0.3722451552865421 0.2863888000210739
0.1289968939560681 0.6245400535951898
0.3877795981368259 0.3905986993581984
0.5325283617358525 0.5631491515325782
0.4292111389411715 0.5351337571962637
0.4318110311843013 0.5586834863506556
0.2242844170721563 0.5120186524500565
0.6211099415325844 0.5808623395661354
0.4506362877415646 0.4359630935569531
0.7135272727390994 0.6721148175107099
0.6442724143172333 0.1751658111600902
0.9302764286186503 0.4416481136312597
0.8412234410989015 0.52906000134056
0.7818721730617679 0.5492957323472123
0.6159733609902882 0.3167926681807567
0.08241498848028828 0.5188116729338731
0.6779781454934678 0.4766523495139462
0.2231518611755433 0.4155435973174657
0.5496256523762991 0.3037179472437944
0.1735702909826101 0.5388547550759006
0.03268187403975664 0.4876589972228275
0.5357243893059745 0.1277892432827138
0.7889643650529392 0.6526032526322578
0.6865637854390668 0.4552278604224034
0.3335950454974547 0.7242102806222529
0.3586100792392338 0.6205669829743987
0.9238237127719544 0.5514550637278364
0.4444199369601902 0.8396666460939951
0.4496710116823471 0.7484644058702321
0.4075139521480362 0.6937011332072555
0.7633853141804198 0.6863067466427434
0.2391389824389264 0.669114999396769
0.3826708103546168 0.82192546521764
0.5082785498462223 0.9641804668071898
0.5486615646910538 0.3758091515200498
0.6808064038144302 0.6696653308783937
0.2500020813859083 0.3619179203897458
0.7810709565509291 0.5970230111043119
0.646439943081606 0.3517118870617739
0.7344789145820475 0.5970198295561576
0.5008486100435023 0.1429651773017175
0.3047111508385135 0.4481446253764888
0.6520989002625022 0.5332443184054673
0.6508347474744368 0.8339745538495089
0.6651639917955451 0.3374195279737917
0.4180192352213913 0.8410989732203368
0.2674866374298086 0.499480895815863
0.4341343360230648 0.6345417019385011
0.6979867330063516 0.6075489163263117
0.4165004941959565 0.8404841518520692
0.5791898799021189 0.4075997656758698
0.1909904586430373 0.3961154426595145
0.6637912278926763 0.1775476296625007
0.4613748134596931 0.5235920480867003
0.6335471695360309 0.4587192188561553
0.6544635731325298 0.5994601564237916
0.7262897626469262 0.6818037742342241
0.1443093357885096 0.5807545423478232
0.03373229173768466 0.4886869728307386
0.4691173633404042 0.03390547194857974
0.6028675504079245 0.2557821025338618
0.400305813077189 0.8223553944207692
0.4122466904520572 0.4833799323931458
0.1278404856502956 0.6179384978727499
0.3731174005170401 0.8563928205493644
0.4461634171408835 0.5803105057706832
0.5698182775449352 0.9248557869474776
0.1049115089194954 0.4211086980903499
0.8313399784742651 0.4998223619725868
0.2626357683961544 0.754305534763946
0.6302677434405803 0.4808123576175727
0.712719756207817 0.7635587995715275
0.9183253944063917 0.5275495179052885
0.7043411460686084 0.6315487491865259
0.8418911596232904 0.5154304587970652
0.6442595791804038 0.1643493515041213
0.6124482556736334 0.6874080117281705
0.4703477607165932 0.950349959513604
0.2390453144236394 0.4680658717786994
0.7712321611889914 0.6531747788569325
0.9493251516482301 0.4710052132936003
0.451183307446418 0.7045434693650025
0.4619864233235305 0.1198592594962254
0.6285582077825961 0.2315379807936042
0.3835552120753193 0.4384654033138706
0.2771568796377877 0.6717486923909487
0.672585777700816 0.7762568133204644
0.1945624872746969 0.4820652626540088
0.4048314736014729 0.5195172077567178
0.3815747420568412 0.3391483244305477
0.4473718389768641 0.2333884108248439
0.5312518569785877 0.6009617739303803
0.5203130996666313 0.6086779048515678
0.3740374339133404 0.2438934957948958
0.5581259325795361 0.5434688447040102
0.4632421927128652 0.3849687870496277
0.410951688882933 0.3898930841462354
0.557009650407718 0.5351229547225711
0.7581515385875611 0.661111792937086
0.3354530880325037 0.5496232181404059
0.4120506630836904 0.4358026574654775
0.4770717047571815 0.4259115571269254
0.5136157970256683 0.9739949709265723
0.7458765923536005 0.4568389488560796
0.4403018537586657 0.630061353403487
0.6768230507139328 0.4374833588003104
0.7451804970454098 0.4093435164701488
0.4952543595248173 0.8949717105018827
0.3843960040541151 0.3726298654421893
0.3575636939896903 0.6888998577168352
0.5055417540659921 0.520555638285497
0.2811035957582839 0.3801330202025068
0.5061748233153179 0.6162475036925615
0.3414552198087779 0.2586880344262943
0.5187846776325292 0.3489812442694296
0.2434505280674463 0.5747249059643509
0.5617345963362076 0.5419360949304799
0.4723162397933987 0.510603447786277
0.5234504525847333 0.4822038963658157
0.5494361876062374 0.3288445588514497
0.5006946401589794 0.2475903617907657
0.4862104064770859 0.806018179167235
0.6097488829676584 0.4688853003031529
0.6834434856917083 0.2673226384923423
0.4107476532727234 0.6145290600503512
0.5730606912155375 0.5813135825939446
0.6770604315845912 0.8130593587964511
0.460590743853763 0.294491231689132
0.6043186951159206 0.8951643447340764
0.2806124523529681 0.6144053365881615
0.1695563538833388 0.4243479226728623
0.1396227197918981 0.5618325615440031
0.6263326191813468 0.703942652909208
0.1851889195180686 0.3832370512405681
0.2174781607188639 0.4616047729811933
0.3867069041360155 0.4481442421011289
0.5464684335744154 0.6525828060055443
0.4777714281106862 0.2574523770349489
0.5543580611426661 0.3258083011890155
0.5093367224659382 0.1928367183778591
0.4464917281546344 0.7060144284731169
0.8789078126248587 0.5500671762388242
0.9111260968060546 0.5863500549450227
0.7239770973951078 0.4537976744130492
0.5301619216563205 0.9112172280388907
0.5581865663727754 0.5090689827267766
0.5209759807996658 0.5718567452721397
0.3284042367926842 0.6801296468924708
0.9636094071005106 0.4852419650119697
0.3272756541901506 0.4588226796440612
0.6432112463418369 0.1920329781039306
0.4496152290647401 0.6637627693757361
0.5729675389450797 0.1398270256005922
0.8525443753040569 0.5193193720683479
0.5913245225233392 0.3328699746970262
0.4913587311778639 0.04546199939209705
0.3307412580262786 0.5331918320824431
0.2753281926065458 0.5111122495482651
0.3435078397514411 0.624139085579493
0.5469358351741831 0.2524251531510245
0.65001841447344 0.7089015586139092
0.4414838047140199 0.1145271571561145
0.73036002956514 0.7680933460659011
0.6506541300061107 0.271042567979017
0.5159977609243419 0.7322939142269003
0.4308493232649905 0.1074503952219263
0.8657041559492245 0.6221019150426682
0.5491826154037557 0.2944869258279642
0.853974230322361 0.4764609102382296
0.3460793222550285 0.4623063985886077
0.2181028674840011 0.3210912181489033
0.8972027103836482 0.5042630305798901
0.1200627963110549 0.6049906722709398
0.04859779019125654 0.543434964348021
0.5786604814492127 0.767172916252353
0.3365596608098992 0.5913188575852569
0.08072589007869846 0.4433474967040613
0.712643257014924 0.4975893717665696
0.6010620100158257 0.3890114527370685
0.5705452547774112 0.2788105439682474
0.6664135870205131 0.4357796618558019
0.382843586848524 0.3867809485518173
0.4905986431255124 0.8752944083242815
0.8466347112979763 0.5237145378628664
0.1190361492734662 0.4080477337105008
0.6929792664256156 0.4606294956366876
0.5965656115896165 0.2678629225970521
0.6143215723665115 0.2474159729425321
0.483279544714848 0.7030797754845846
0.1719378501793605 0.4504867970924759
0.1331960972469887 0.3717474897785487
0.7636614951124933 0.2711157931119826
0.3942240694295472 0.5431092876938448
0.6710376251369283 0.3630407354693371
0.6634180033658494 0.463527161002689
0.880374933261727 0.4704276679737305
0.5024800754828975 0.05808030696356903
0.5324614402031292 0.231901212140792
0.4292979899146607 0.7387239707240489
0.792664750729649 0.3471119146017576
0.8440713349564359 0.5612987223591639
0.6515016500996836 0.359262337075015
0.2423729911479404 0.4945368726374612
0.647878520131552 0.6299599832713907
0.6070385858865419 0.8201460805566401
0.3490577759038322 0.4753285262120859
0.4379984207983166 0.1733732027212627
0.5577332589418985 0.8868748307268486
0.2185985817660294 0.6941708438746574
0.3033803966394746 0.6151643244786853
0.791453346035923 0.3095960364490281
0.1613717459317653 0.3397060679733483
0.6790511541811833 0.2741671670820454
0.3057611922773004 0.7076469274932071
0.7171978631823417 0.3253286252697738
0.5878583052165745 0.6421570443654683
0.5888945147959834 0.353300001034307
0.500985740633661 0.1417934923511545
0.3263308785791228 0.3241903510197716
0.05516086118818475 0.5100768920810411
0.6876856139461942 0.7876375862745645
0.5818083650268583 0.7347135490626348
0.6271202915613865 0.7358536158422014
0.8969968079253603 0.5530285836239629
0.3685059091412238 0.3948501424134224
0.09608600091678199 0.471960341086893
0.5618582169997101 0.6407473559976307
0.6128001114154252 0.7644409774610021
0.5092080621161478 0.04276235653106863
0.4106264431854674 0.7532063587866229
0.4119619666861185 0.8292194149228762
0.8025461813313084 0.6847543615951284
0.2086048549366114 0.352524145567795
0.6414810535649892 0.5805708804924992
0.5504873443999645 0.7534732498602983
0.2584060001100332 0.5459055972353694
0.6607071957453291 0.3382999241363125
0.8098794309882951 0.6752871898364619
0.1652749506687881 0.6104819478086132
0.2366031736613524 0.6173393419213496
0.7647114092147786 0.5322003915611377
0.4931250472621774 0.07926581203407945
0.5366005652697843 0.3430677881800842
0.469227652460096 0.547090746520501
0.1970119842964168 0.4063914799425198
0.3969476930434077 0.7864237537645482
0.2835182133957186 0.5850112198517824
0.3652020065420581 0.6416977714630917
0.2286980973202395 0.374570268097562
0.7405048128297383 0.7381930106504637
0.299258202822519 0.2765491860473064
0.2479318172836206 0.3081794287916579
0.284292271313466 0.2650664841135513
0.7273038248050723 0.4587660666237212
0.5288981540529147 0.8468553742816578
0.5505284576640972 0.4835398493575098
0.652395330276584 0.7267602811587092
0.5095544973291054 0.05331435046902644
0.1610632522280989 0.5198046481303134
0.2460049779035235 0.2954504565953102
0.7705183931188564 0.4209918862067311
0.3552184102015306 0.1822601850635288
0.3321286676156442 0.7256462436732334
0.2296107528376286 0.6641174458785227
0.6099406956871246 0.3291580242085017
0.3652543046906518 0.3346376628241623
0.1451820671960067 0.569963718963994
0.6137964382678361 0.3171363713770045
0.4549679581828693 0.8846611367229996
0.2769425232061394 0.4916151136057084
0.2257151178395899 0.4113007637470246
0.4423640442154361 0.5370839811789949
0.5266377180546666 0.5780952468063684
0.6000206982604156 0.8684569946355218
0.7108801965135183 0.5685893637923243
0.211138225297579 0.5436698797212529
0.604063941872763 0.5777316761891156
0.2628916253658653 0.505802402036318
0.6234023760900119 0.8377289433982129
0.2834996402609103 0.4811402379090073
0.5198935193784789 0.5835917396007262
0.7171320603113958 0.4558305095862133
0.771706799457428 0.4920482665856352
0.2559891319035054 0.3988646822971699
0.4536619076150825 0.760092426954051
0.4708870256236497 0.09670005456332864
0.544992552022505 0.2779476656000825
0.705590807483889 0.5172191101923476
0.7659970695158522 0.4481202000475126
0.4048160811045788 0.5321662706023226
0.8234158906756844 0.4144250790613333
0.5601019727345559 0.1760397926041777
0.6903461654394383 0.4631678439400929
0.2508622767027783 0.487357976677475
0.3526700923941385 0.4192234893836978
0.3151109253115525 0.4105511736920686
0.2828669389071031 0.646119949273776
0.8677724001770931 0.5223996732200125
0.787659358732849 0.3254573131494231
0.6403059278995179 0.3833381474782412
0.3795553587352333 0.4668713189112049
0.6053627459848123 0.6626877227373515
0.6042765318516709 0.5461422729682842
0.234497187758041 0.5254666483254261
0.5119198949870529 0.7355518997734026
0.6146199002553745 0.2896835111119422
0.4210442273037694 0.4640260073135997
0.5161573554771085 0.2339586633283207
0.3452220854605209 0.5000984969962554
0.3612703459499047 0.4026563933126697
0.8212786687732281 0.3677199715139855
0.2608940395381233 0.2829580484338692
0.5346547121765837 0.0944895955916446
0.5991979617849478 0.7723814736689676
0.49088740826887 0.1581456967064515
0.3701296193146159 0.5771649542370154
0.359590270834996 0.1656509531994418
0.5103380686446577 0.5831607097447242
0.733456828055453 0.751858968908344
0.4848012436247593 0.9811700605298529
0.06735843848660439 0.555952996293301
0.8030026077765252 0.3345290037097453
0.514219659246096 0.08305541160711627
0.5571553913226686 0.901409663892007
0.5272650620973865 0.9433778606065789
0.4494953031084091 0.5394281258797825
0.5344496416188179 0.03802310251767049
0.3454738038615324 0.3349193661856688
0.6716712206320846 0.327980393673351
0.4987854042284674 0.3408224370677104
0.9465052459013584 0.4565336590904233
0.3917287828617312 0.8869861133121353
0.4095629370943213 0.1830864485132762
0.3013406116685481 0.5058501275743978
0.623639346348273 0.4076811989681152
0.7911703139125432 0.5622723444544678
0.3099250531255151 0.3775739072746491
0.4146930475331189 0.397213796120658
0.4998113864996672 0.5476495354513207
0.4711942393614454 0.3295948767890098
0.5345083263101019 0.8366089215759831
0.676154290194852 0.7006464838454448
0.4693845033145654 0.3182860900833565
0.6670864641919124 0.6471050934871223
0.5127758116374967 0.07132538946655176
0.3355441012281922 0.6873097903161447
0.8000276246937829 0.6278083975780251
0.4924884921383975 0.2546535101089936
0.6506679450549283 0.2396001324634608
0.6220847094213965 0.3842669938842159
0.6538963390803793 0.5348329616526873
0.2155112757018161 0.6187668296524804
0.4504511773832997 0.5892257958091688
0.5325672855558815 0.8849168060312581
0.7735197889195009 0.3391230773119986
0.6545764230117734 0.6596951222536751
0.3857117413155646 0.8129542717579273
0.8495642851239724 0.4376624289790837
0.4555551313953468 0.3543583877601715
0.8404509817468518 0.5112279054753682
0.4445342953694393 0.5046234132148987
0.7847070925574453 0.3122719652790119
0.3731856505349176 0.8106487249447991
0.5192940645816997 0.1283237413730266
0.4461465615276263 0.3422156455723946
0.03178698617600195 0.5217205016309128
0.808054117381453 0.6037437777625236
0.4930471749902716 0.8453888709163058
0.8432437340667504 0.6097804693832136
0.679187963008057 0.5207149071182172
0.3171624909358458 0.2504191308200856
0.6436451360010365 0.668333703488759
0.6546746902604456 0.3038833601524037
0.1680482131869112 0.5568283920314093
0.7543362722858742 0.3216915611421401
0.3787152443800782 0.5003530345527427
0.6144456415058939 0.8377416487234549
0.494463602769619 0.1117570408533566
0.473345814886882 0.9703001298820404
0.214294813626471 0.683760134338671
0.4083899144680431 0.4373275533764769
0.7788872888983376 0.6721682354595047
0.3424631020002482 0.2294021061937518
0.4753610384684152 0.1631166101747897
0.2321484572812439 0.6897722844630894
0.239598006467269 0.622928260451431
0.192109146350371 0.6151622926133368
0.8635782355283744 0.4391418587218138
0.6061076617529438 0.1157753761597452
0.3002361032829757 0.4814604378328677
0.5917453767034861 0.3822949967567829
0.2786633135802874 0.2370862183896485
0.2074888609863953 0.3955641859787462
0.4087429609921522 0.6276627473390416
0.5953340804843134 0.5591493566850222
0.2817672075003372 0.4304554874380688
0.4660642649772171 0.4961223929092703
0.3849733916087497 0.684160624766216
0.491067621161397 0.6026102452478977
0.09045663193107012 0.4804121022290578
0.5372325093519756 0.5145914542200887
0.3867661152980735 0.3882896315445507
0.5744772111425672 0.2270863974060647
0.2015493727402718 0.3049649541965219
0.6024576154891194 0.8538057851868823
0.5006551928719529 0.2174898045156585
0.479606639781378 0.5179086237714455
0.5279439536829091 0.5863779676588665
0.6097930280954807 0.5469490436002447
0.3928299428039996 0.5114022431199453
0.2869035552878856 0.4917003365397443
0.4330337109163626 0.8179749589848959
0.5013338365816765 0.9894224956711598
0.2734039209101604 0.2627582745499168
0.3191437174212592 0.1836596381065488
0.9017191802014883 0.4871831964373787
0.5034027665871965 0.6502085412662149
0.760674640355869 0.6059747645201268
0.629915754891248 0.7339261124955444
0.7085705822308119 0.5821742671593864
0.7416409878705875 0.6441183524347345
0.8458685260783667 0.5980502931570921
0.7570585837334362 0.7301671199360142
0.6158747813137943 0.6296683802338855
0.4610443139554806 0.8497029021510814
0.3727926863263353 0.6382484329593564
0.6806917042880142 0.220811050896671
0.583603460426226 0.6091423495026039
0.5886810444218193 0.13582006374019
0.322844153254662 0.8054790369194802
0.8258607340666893 0.563481888649457
0.3276662965714865 0.555306234192208
0.5239304678498455 0.6748160772540214
0.129828118108917 0.4472951844907812
0.6197757326112386 0.2177086639077367
0.4826276355762197 0.6001834834082369
0.6265016167468443 0.4249707211806962
0.5527453825050486 0.70902186215543
0.8518752700658306 0.4599373420166747
0.3394270852661128 0.1674008384131068
0.6163684064210218 0.5025842359552548
0.06390691831525541 0.4659334197703081
0.7477199230089733 0.322346686058901
0.4608032471724798 0.6222414297915814
0.4560113345726158 0.6335482211468255
0.7053312063975608 0.2233448140579681
0.5022544915070302 0.2299731201441401
0.7468586178002203 0.5747484099021969
0.3439865008108322 0.3597272899243799
0.503909049867334 0.7003381382246912
0.301189322958994 0.2758856729484666
0.830487798308753 0.6603970715103191
0.6124333046145071 0.4919759002349576
0.5213391535814824 0.6644685563050694
0.6053716157988072 0.3091190059759084
0.5824691774597214 0.3933381315784195
0.3407538520523125 0.8122978191548282
0.8452593555611474 0.486054483315444
0.4231527190607868 0.684323417503773
0.7290266384883032 0.7360742129544682
0.6003919342389591 0.1930344560798936
0.4941055704559019 0.7905901499535877
0.7272105709965145 0.5178838175675856
0.723591365678407 0.4442267464401262
0.1700876672643961 0.5055455598674482
0.6724967929259467 0.2003993170984567
0.469093225941737 0.3026959373288701
0.5456452920155537 0.4175516733870364
0.4104810485559912 0.5854926445417156
0.189374315781375 0.511051765803338
0.4696455633508058 0.4209189053780116
0.8677159283218082 0.557633898761674
0.7886806652842476 0.5898579662709618
0.4184420012131989 0.2635446467406741
0.4144878187043075 0.3378197175654717
0.9101045346726714 0.4865129036746331
0.3421108422169225 0.2072328933539053
0.288235881416959 0.567351795984007
0.1148722276689129 0.3909298221402735
0.3569404012901998 0.4991768424462022
0.1243493148867396 0.5246212777171768
0.1022315335742638 0.4792000975082338
0.5007363001293936 0.7007685286478983
0.05763947268657765 0.5478264109701244
0.3019436412919159 0.79040054324755
0.3262256554285146 0.5621776877713214
0.2184072680585535 0.4883355547493764
0.3396884625995865 0.3281026509351317
0.09843715344067017 0.5450604667028875
0.7670688341022317 0.6351588742485454
0.2478212919531576 0.2711453214325563
0.4412808589613111 0.1460475899693043
0.6455200547435186 0.6549655899024813
0.6681337822027836 0.6972758774486334
0.5134224938625618 0.06644975530624686
0.5298869996908148 0.9390620423823308
0.6850437524212297 0.5357517314367425
0.2978923359354533 0.3301021312741542
0.702320930029859 0.7264433434277203
0.2977238219914548 0.4899132039869099
0.4867364627665088 0.3555717440411202
0.4296245374917035 0.08760738562433479
0.5687275867758812 0.1219872818530404
0.4261179448428408 0.4143837799602492
0.6483570155326438 0.5342780210963202
0.2595809387154173 0.6021253541313585
0.4116522754157129 0.9072154345639886
0.5136471497445882 0.1950831185506582
0.3917262617151375 0.2827877158790006
0.06468083334786767 0.4593818272824277
0.2885822040296774 0.7459138047519902
0.1952934598450188 0.5334640746087722
0.6069919972705567 0.3141485838225725
0.3668302206476037 0.3506615573780649
0.3702137193366367 0.353532612968981
0.3779287400104021 0.8037820915147285
0.1122545825380401 0.5732153317580634
0.5427869367534505 0.1063917490636835
0.7116092384062327 0.4897325564159088
0.2513008432520969 0.6552126071023776
0.373691981652493 0.1431629433154443
0.156718120418405 0.5145345656675682
0.3625888820060865 0.3801506753692238
0.5269001024136376 0.079745446004165
0.4535757089439898 0.5304339075359371
0.6277357505401264 0.418366148894226
0.6298615089205696 0.2089032779807558
0.4822887723539462 0.9095993345914573
0.4933552476555361 0.2395654197387983
0.3352924729799909 0.1890760210194646
0.3412551924371763 0.3623395413769079
0.6385720319201164 0.3899536868698587
0.5153935176336144 0.4181709209764189
0.3068016222503579 0.7482008969281171
0.4106929249825881 0.3653839104401744
0.3347564837817016 0.6501966876674317
0.5489929011470964 0.2272689976847083
0.2654974070482393 0.2830885837858971
0.3615396904722414 0.6279705380821975
0.456041916804068 0.07944616341178523
0.611298677672918 0.2987329534972598
0.4815840349372579 0.1179055494601285
0.2274966070164715 0.4602408753442274
0.9583341825991104 0.4638232836893068
0.7010319686786654 0.7497012024342825
0.6471047113607028 0.3394742301355778
0.614150206238362 0.8055584074067199
0.870886273196902 0.4948160072848563
0.07159892577272609 0.4948671510893953
0.2763292407716974 0.5574566343675095
0.3814611680824005 0.4621332171082865
0.439475161532467 0.8474643932261563
0.2923206140514396 0.2178841602198565
0.5655287593322426 0.4491337777073613
0.2850102902744689 0.390135197595872
0.3012458878411048 0.6868868317991451
0.5827130945222652 0.748108637470223
0.5596399666950206 0.5619524821566155
0.4336377074683518 0.8494658872876284
0.2582805596305348 0.6967144860624673
0.5781481047661113 0.8995769705131604
0.5856060485205438 0.148048754744018
0.3708327885374161 0.4644277831766205
0.5233681570912425 0.9507903545080526
0.4595808825878899 0.8871827524229198
0.6553385634535603 0.5734968730995393
0.8315919251760965 0.4126882639837796
0.4968945951576186 0.1490099974710585
0.6051021572157189 0.6120737167632927
0.3602857063690539 0.203750576145778
0.1234902901321556 0.3781566923533644
0.6142233127728838 0.4856796572904476
0.7485620241736115 0.4880585931823216
0.7201726775703758 0.2760221973276092
0.9871367723011358 0.5060470916532921
0.5380716851267359 0.5123845894805851
0.2273232071280012 0.3710048339871671
0.8860834164979947 0.4266313001182356
0.5077142118677471 0.6651859766327886
0.5022951267827017 0.1997073168014246
0.7050273222881737 0.2501963627766297
0.6542619919243926 0.2241313642063509
0.7521552901616858 0.3103593631256374
0.246625712920687 0.6277461015950323
0.6053046158305653 0.5368000932296616
0.5065688706178194 0.1560896410662146
0.2417982732423116 0.6871765875734851
0.07619291618531399 0.5252849847050699
0.3992278195862732 0.6049169646485468
0.3194003841433883 0.8136993514253648
0.6536895631043986 0.6151259037784989
0.2815462682475981 0.3692429254744277
0.605701135800581 0.2157833469349884
0.04195408161202696 0.5059195637192468
0.3379098408558009 0.3818028315697788
0.858307677850102 0.4019267826751721
0.7292827505752978 0.4683863379090947
0.3788443730442815 0.8241954117964481
0.3568173630449749 0.6102889300899084
0.6244179150335493 0.3413017195330228
0.6750421279397211 0.7081865381051116
0.4433621417587935 0.5067656849681195
0.4764967381164777 0.9624437112424769
0.3989046682437521 0.6692060537854596
0.1108760317776342 0.4198452641799461
0.7261845076950055 0.5568230147035562
0.524440858952094 0.7067550576777731
0.5159309368432871 0.9571074289979068
0.6947735773380455 0.8022914363722365
0.3660968372286202 0.7382902151799244
0.4884384180279708 0.5083830444856403
0.5967334730739714 0.6145148818513868
0.5536360449594313 0.06572764519876761
0.3705235034631967 0.4151077789329328
0.08321790752795621 0.5815146026444351
0.3843651192661494 0.6354943161838438
0.4229457430279318 0.3775265950854487
0.4733727752023461 0.2352113855277896
0.4204381688152166 0.659617805210752
0.1402634397644336 0.5847069035538005
0.5638875930646533 0.4761919210117032
0.122020254115935 0.5841833624189146
0.2272022346716075 0.366396283237683
0.3122098448599446 0.5535180990268894
0.6312093931107787 0.62964029168823
0.2204899954112011 0.3764830292523096
0.536609615702014 0.8854126797326999
0.2229000248391148 0.5811410646790874
0.1900984294382025 0.6033760111721428
0.4139137206015284 0.2212407786817009
0.5105480772707001 0.8957638173506338
0.1972304376211826 0.6184558994661132
0.4107088371507983 0.3531819792145475
0.3415164181290415 0.481509205464435
0.782650619564076 0.3988957492226828
0.430590146376197 0.8765433541735597
0.7653087158771109 0.6282239865321799
0.3832117439854893 0.7110931326717865
0.3719042725292847 0.6197817348122763
0.5831118772773243 0.5080660019346015
0.847448199638151 0.4059129919818945
0.5836290156454321 0.1399183014739235
0.2606511098309107 0.3465121131301556
0.3852970304101648 0.6652042791221412
0.2829833224574103 0.6131571872487696
0.4063455721900892 0.7353592893269828
0.536146106299772 0.603133548683369
0.6107423753509721 0.481733556422537
0.5933602283456876 0.4622429776140317
0.7138996735514065 0.3511500172250261
0.4452026233708206 0.3626369851820146
0.466671191951925 0.4839322705427341
0.6020076976779427 0.2390741400691583
0.5972579585847371 0.8778872067880115
0.4681125467610497 0.1338370207408871
0.1865669328249298 0.6361727619296376
0.5551015757188124 0.3961492184899654
0.4208278346724511 0.2482459795623314
0.4916497680305556 0.4264409425028427
0.2602394986659411 0.592535885069646
0.5241022008097248 0.2533542423368704
0.698548517004933 0.2802356146998064
0.3736221568867438 0.601379883000656
0.4711088041953359 0.665495270320857
0.9107443519672517 0.4830599040437376
0.365867091073925 0.3574544395545133
0.7939129297673224 0.2997647490439054
0.4057392396196375 0.3786157498680316
0.5479481755517154 0.3818866371645941
0.7009496230966196 0.6863631890517695
0.2837357710189944 0.4768568946581517
0.3070847363527083 0.3467767466605058
0.5086340365924317 0.04503363922329906
0.2781882206936273 0.3268292056256409
0.4993310536952243 0.6993538626486502
0.858814451408442 0.4758858632067204
0.5263458684619979 0.2492340182249131
0.3494032805327604 0.532471165387306
0.1528447140796715 0.3796125475391382
0.5277244151665326 0.8150529170147729
0.4018908440241729 0.8471616443823492
0.3404358117460886 0.2579410420857702
0.3691955334555427 0.7473475138765264
0.2006303430885682 0.6433266444899497
0.6788914326108907 0.593944162910157
0.7944698216121737 0.680185676948451
0.1360755546712142 0.4261396492428539
0.4739922628145711 0.4707883407358479
0.8137503594101931 0.6036751471487567
0.2523278312088545 0.7015114087538437
0.6147035963862242 0.6440183128755781
0.5118527051631411 0.5361771840184256
0.6746010844820736 0.4614368909029248
0.8747031748362891 0.6119176208250752
0.5529298302879435 0.7042057880945382
0.9851786330198756 0.4929039017912481
0.568691926860831 0.8538377943437037
0.8486002815361305 0.4443012872243168
0.369297947108999 0.8263108431376193
0.1705439272409864 0.5270339307909678
0.4556686872508411 0.5047561879258734
0.6480848101976268 0.5086641337855741
0.768192371865303 0.5613078340155272
0.6502842829993081 0.1924088838299264
0.530555173908764 0.0716095246024131
0.7028390651938209 0.3556899571054608
0.7067346328987388 0.7297097674997254
0.4272766595581228 0.0993060002562286
0.3548904724080881 0.3456685066564774
0.7354588645478092 0.4137887392323699
0.7012206773480459 0.6924996331292409
0.2877483854624225 0.5627596258325258
0.723367781886591 0.5651176714287093
0.8527245888312206 0.6119603545063725
0.3543686908556426 0.5428875441002605
0.6163588922800519 0.8741028236218508
0.253071550689025 0.6157575314661058
0.301506139433572 0.2553421147891545
0.5053748547009032 0.1741429131257592
0.7557983491656091 0.425320125073014
0.5638854260127589 0.1954688626798109
0.6876451646372371 0.5221610692344492
0.5026674253229833 0.13190519372086
0.8092590913619379 0.5013822768880237
0.6652015050192222 0.6655035197986796
0.5507458150626435 0.5560502653357783
0.3019133151678856 0.3485062871106358
0.04095716901722024 0.5342920908026775
0.3822392210287008 0.1380031265527317
0.3617208534567857 0.3143459336014562
0.399699111900727 0.621507777605199
0.6768330743144454 0.5127546820599324
0.3218355418685592 0.6071690942919624
0.6074260562794571 0.110022013453228
0.6517053882347625 0.7830353723039377
0.5347421862456526 0.4085705505005269
0.895858204913339 0.4957873899827109
0.7416605865571774 0.4658474791030782
0.4674839908446065 0.03467875297184397
0.2158977833693416 0.3727230726543197
0.8442899215798431 0.4638725966525399
0.663788014074243 0.1992855870551107
0.4754479021692908 0.3491755634132072
0.3690505181154728 0.6835462230522654
0.6303490379049407 0.6244074604427908
0.3852880272259274 0.5331277176104334
0.4764781988614968 0.06651757987940654
0.5389117539258725 0.8123725231578249
0.5917186916485657 0.4381026639877249
0.6347032960169773 0.4990716642188147
0.2877666011030542 0.5275603037289688
0.7495933369442617 0.6669074075167638
0.3237427400111388 0.8053883021683743
0.1258497885094727 0.431332357058917
0.7244391639404506 0.679845395027549
0.6417499417144467 0.6965597578944268
0.5799179736022603 0.5528949268813584
0.7176744239549357 0.4640779296591049
0.7874508931905156 0.4904657615645809
0.8109366177106573 0.6283604662102543
0.2594201867361177 0.5234492691821633
0.7045087850671171 0.2495818400866039
0.3435653376151534 0.6158249055064806
0.328579815592309 0.7885611761772078
0.1931202621637866 0.4067461271475636
0.4858463526590394 0.7710787244444002
0.6855953245743253 0.4950814143056583
0.7138526654689806 0.6116774685871604
0.7699384777340447 0.3766621421594135
0.1169468510002843 0.5988071731925604
0.5723295258957739 0.1337472281682515
0.572526405743192 0.2404769030803676
0.3676902620295646 0.806513035206483
0.2913755789183862 0.2359741731305304
0.4709700957989308 0.5074905759368732
0.611080360740978 0.5930509791008763
0.279102222762538 0.4931203785807591
0.7953521385534058 0.4510854477617224
0.4738627895063443 0.3490424634502242
0.5484892711879661 0.8644867400664681
0.3441685247028501 0.7392296495451677
0.3399427663875753 0.3789994522509267
0.7309682609672324 0.5709205619956017
0.4356780488469991 0.9177785304306046
0.5953717821641791 0.2208954090749824
0.3441699268257892 0.1913495330932594
0.5575180163043764 0.7741472280436023
0.2544135187112733 0.4773212469317141
0.5289575392575989 0.136693191256587
0.5821098929377232 0.2904814296424277
0.3919744616781707 0.1400485456589559
0.4974407539773423 0.5361522207884746
0.2518686130508071 0.6734049399254123
0.2931223423290676 0.5791546116223466
0.6265387941472123 0.3637296544525221
0.4254757067323719 0.613484559991118
0.3079080213005482 0.4696160287430456
0.8088730766694936 0.3464684097310625
0.3406923018067037 0.807625950217922
0.4442708051814703 0.3834109508836976
0.7709774107255621 0.2710980077816904
0.6297643365306768 0.1625912816056505
0.1757434078090081 0.3650433111941483
0.5248929447909206 0.8631713522478073
0.8309311479338292 0.4594047339923777
0.2631288658622447 0.7008246822131926
0.4297885024703803 0.5849405678544656
0.9094413019983918 0.4584684774412087
0.8423382311776781 0.5197683835820313
0.4106109212143813 0.4213896598062965
0.9253176691090355 0.557907014189874
0.5031435045162183 0.6531537210962168
0.4542903865705797 0.5754086836787792
0.6972145178299967 0.576293058893711
0.1212754363107827 0.3995954207769626
0.5997789216951276 0.6777432025570621
0.5735954481275559 0.3442996871372949
0.3506325120089039 0.5956702020459579
0.4166567869783611 0.7649927980718547
0.9195679353147916 0.4536021841443416
0.5175235486952806 0.2151949750799255
0.5366402233582148 0.3544781230271091
0.660642487840392 0.3322496553371997
0.4366661938381168 0.900570837607046
0.5201989127807982 0.4693681421620416
0.2863408459657073 0.2262962952511514
0.2093446362799152 0.484209343455682
0.5440050915768955 0.8523085550894081
0.1751143327339371 0.4978139239025722
0.6575278516938662 0.5781261257663318
0.7654218428163041 0.2955929441444345
0.3697158025781148 0.3603933958369751
0.1835578095710247 0.3527677240596405
0.6098598436283634 0.1136059614095705
0.1720429980301905 0.3700678646668285
0.2050837568004913 0.3239311941625459
0.2813771084814887 0.4125253470456381
0.9357599246846585 0.4721026844135551
0.7182491883126945 0.2472275964691503
0.3721357754814868 0.3793569689038957
0.2731113222018589 0.704937198193018
0.4931074999914914 0.9619646174778975
0.8457631374490608 0.4561968729264279
0.5517698454970962 0.3574629411140853
0.9611601009900818 0.4666293588678726
0.4455466977008947 0.1897808049197468
0.5606487713455124 0.3229533514786843
0.2564588639650101 0.4359405033631237
0.8398998012194374 0.6340467375214525
0.752574137255175 0.4193256850592112
0.1074650016315748 0.5168815692025045
0.8684689707047967 0.448712454542801
0.8176281846640495 0.6712919078347876
0.5178431793836442 0.3930916814035765
0.4252010303747229 0.3999178227639426
0.08621412965635578 0.5808542250180029
0.5225781954841943 0.321783388923698
0.120553570381729 0.4891395687749825
0.5158226959751382 0.3900606584649206
0.3916391613247837 0.3450973514084337
0.3539156655425064 0.6216762394444554
0.4787968780851736 0.3453075958225155
0.6255309027266959 0.4427551525314037
0.2994326820668547 0.725264465444159
0.1782078515006044 0.5427127121506944
0.8134108247451023 0.4161396684527161
0.5463899006484879 0.7379324484211178
0.5067791949890618 0.04588071164295116
0.8679037164466776 0.6116326508236437
0.2634494583913933 0.3785883037507283
0.4653607369155282 0.3114872470981845
0.5691429508755252 0.450353258797026
0.4930590549347625 0.4604959998625031
0.7405167278497196 0.3606064478100625
0.8354655041459457 0.3467178508689363
0.3760871326597514 0.7771747506217822
0.3151528585617445 0.2887604480734913
0.4828518118849209 0.3647136283025095
0.1469645003461315 0.6011389359664354
0.547605566363827 0.2950083755818735
0.5403382023502216 0.7356432404614265
0.4344593527856064 0.6892820274387789
0.5468194040480965 0.6316097585984226
0.504113021140429 0.3961543341332198
0.3915958306394307 0.2971129790049112
0.4683807709215865 0.4701716536010416
0.7698978968707975 0.5552221188244657
0.6426564445758846 0.3762178428597013
0.276906505113749 0.369676694618621
0.8042827799199979 0.3659727550230732
0.8923749520587887 0.517592564857938
0.9110138588478754 0.4336890721012258
0.4265882868077338 0.3168612125400101
0.4429582764358476 0.5790822421711558
0.6305477746004585 0.8263400631728186
0.3325674340799331 0.6269015819804171
0.4364483800801748 0.7269820345273704
0.5498698663142485 0.3121433854564926
0.7294856095169733 0.6796146785424172
0.3131796559198929 0.514470531471052
0.4963174963499717 0.03407608173223298
0.702281322495309 0.234712297244126
0.3138775618222851 0.6927197719492199
0.6234445172452258 0.6873067515774552
0.3389409219913241 0.309654633697599
0.3037162350190197 0.2314216181073091
0.8309268568900954 0.6687838394702261
0.1630467701420114 0.4286343549263851
0.4249244686841323 0.651070619228805
0.8084399447942127 0.5502705172510992
0.7171260606223392 0.4486327215752092
0.2972901150068746 0.5123532380366556
0.6033864238643148 0.5859525149516103
0.5253310104501474 0.6424989942518953
0.3952131095349865 0.473410834247458
0.4408093973146617 0.2979288313411371
0.5077476900147736 0.4513721194579584
0.2601430989432937 0.6071593383689173
0.1885651727307335 0.367643074901313
0.4108760209060306 0.7648900530517764
0.6035303535734178 0.4966306210979974
0.3912619690412057 0.3909070035291051
0.580326021366599 0.264527852991801
0.192950094274554 0.3171826952470317
0.4700466663052351 0.3700481331267751
0.4967678860401451 0.5649323418600279
0.7685271756187636 0.5930543812298406
0.4500760764437043 0.3004613900197577
0.7144944564589518 0.7232580625160762
0.6960863912137987 0.7437177503559582
0.9118508774472798 0.5805665777733271
0.4234758282876048 0.4329714885945786
0.5798363215140028 0.6563762593945885
0.4348265454743869 0.1423385151185184
0.6903356643931812 0.2666686662021872
0.4063874999068978 0.6031259928538973
0.523507283042685 0.6992490928710458
0.3289906174169959 0.262843888250556
0.3966155707255085 0.4915334085969388
0.3601526099452681 0.1919918858011214
0.3103789996630147 0.3115240566667543
0.6858137013224771 0.4237011788992352
0.7656907263080271 0.4771465734586825
0.5442281429225965 0.06390490590029962
0.8689437538255295 0.3979585601918166
0.8262494321621723 0.4646393939841142
0.4965295123700827 0.4284970287206561
0.5166960518842343 0.7300115938409647
0.3059540035439824 0.7573130024669982
0.5433825754240394 0.6297757807940728
0.2876469551913856 0.4557889528036057
0.3969835505523437 0.6654441678589682
0.4476192817922348 0.9324742226965179
0.5175180442291863 0.4334703692548838
0.3720467973742171 0.3313044986371746
0.4574367914023466 0.4264057849238724
0.5351719245501502 0.8538694008971681
0.6415366412137578 0.5088154754285042
0.3078167617358509 0.6659280242729173
0.8522313559847224 0.5277530552191737
0.5600142388607077 0.2224529449227189
0.5374641422161047 0.8014547853587706
0.640118440264437 0.2853975036147653
0.7032077807539284 0.4875375780301766
0.3315900227192973 0.1884566048767182
0.5094186189387001 0.1597329125956817
0.6034021380065995 0.5664660746819714
0.4223052555347517 0.5505236217082118
0.6033394299690525 0.5793446326478794
0.465474742097357 0.04258681512911566
0.582409712004911 0.6005534324779181
0.3495745794090459 0.7618982148592354
0.2009595472821361 0.5453247378435859
0.3616288872674684 0.2094215255795825
0.4664133065830829 0.3486483867806935
0.4050264799029731 0.8131524276819089
0.5131095723828112 0.5567721435297944
0.5379529204256457 0.0437862247029176
0.5969753936486079 0.4314425682430794
0.554426372057425 0.1873135507748042
0.8345042605426815 0.4737169655776846
0.2807992488473486 0.733537193117976
0.536837178346396 0.421473890134348
0.5477462245682058 0.4315625328130263
0.6275617072586613 0.1444047407468262
0.660832930283394 0.7855864646555246
0.5948769776547195 0.1358101420181304
0.5567553972293893 0.9335718869377985
0.5828595113630717 0.5640180790723924
0.8983494402593608 0.5553313002206024
0.408752083271769 0.7708169638391031
0.3881589847373337 0.5175338739417235
