0.5768424669753047 0.3591189635468446
0.1075085809898131 0.4293612776727871
0.9035257626201159 0.9435160103053718
0.1751194778690018 0.8275529542342827
0.1117592918672856 0.06148336494361062
0.7039786804241501 0.7648285478440328
0.01061597657644586 0.9863929898559259
0.1470680537247017 0.0996262443749798
0.1511246743951895 0.5206111872788473
0.9180165359257271 0.02192457946523241
0.7209908052723727 0.8942099035788947
0.7852294550457055 0.4223926781608703
0.5216152744122602 0.6230419833550783
0.9392648312312213 0.9928149140278533
0.09581942477745287 0.3152693368419329
0.9556509474134609 0.4976378455324802
0.3528752675948859 0.1208584877485087
0.8673767965999892 0.9177053214260315
0.7872973025285882 0.5867549246851458
0.6231759713294183 0.08433127541196661
0.02291455128722997 0.1336671957006896
0.7703386321324469 0.7298915602721681
0.08127104874013102 0.1442036351863347
0.8094816172650123 0.03122042064643171
0.7569816181186314 0.1000522948504931
0.8225978001331617 0.5715419100887945
0.1880429212894136 0.2627103457087772
0.8784326476033852 0.4398359507330682
0.09926515663298341 0.327582932296848
0.4450760769059501 0.7401172793061388
0.95719420642786 0.06027139408368032
0.7373243254371357 0.497062615004021
0.2707261418024369 0.8217304949628581
0.7861284602021262 0.4172047899220925
0.4292020299367327 0.8583861354286307
0.4329451667557327 0.3893652013730046
0.6947569572242536 0.7364771266048846
0.979486465486687 0.06380540870870599
0.09736118158490858 0.3717130492766205
0.4257000893155864 0.1877378991488917
0.4034831450774424 0.2986024030751182
0.3452458920003626 0.4911715256315676
0.6047530985165546 0.488590593003672
0.881464117274767 0.2644341351192564
0.5566150374345845 0.9368575764044464
0.6538854560424281 0.9074235225501276
0.6928566469321508 0.2517914655757392
0.4021881661255564 0.9928282312651835
0.8661997767846822 0.2277318684235577
0.1755134552174734 0.7863857512782867
0.453951911494628 0.8356554952718586
0.7990703518400565 0.5173393785897186
0.4034296807214801 0.8887254932461592
0.168621506908206 0.471843289637945
0.5351265876380665 0.1301856184264123
0.5627232114578149 0.6671756678785886
0.3632036171745034 0.9542363161144525
0.0304948904078266 0.695141412225403
0.9936369793331332 0.5094431109929854
0.1176460702067652 0.1827035937667671
0.6372298721827044 0.5794014275701238
0.322982777243077 0.1489988786747083
0.3079026262520552 0.8942497355311598
0.08853450893121528 0.1830542787095549
0.9616855874398413 0.3500266475250208
0.5944780196229171 0.6828374875687878
0.3752611606462968 0.1978406703596272
0.4375699101326167 0.3142987646355041
0.3569190126628137 0.3395635538749543
0.1755812301683501 0.6830131336815839
0.3273424924698762 0.03899580961389282
0.3150959589528592 0.4756470352999611
0.7517262683853937 0.3005548693720691
0.9342697896460077 0.1259856970421701
0.7457360736494982 0.2691788190377054
0.7804962094702947 0.5341208638987802
0.5800067329508578 0.04418436553193894
0.1717898072359177 0.01426118371811813
0.08437089991549518 0.3714540405777171
0.526795099337964 0.8596136533926884
0.7514642194910331 0.3225683546116297
0.9196367004822303 0.5006166988274096
0.620894985390721 0.644419495337616
0.8080795352175056 0.7450326867892619
0.2595958763634456 0.8640140638502398
0.836195671760709 0.2350233464263933
0.469347433108996 0.9164137059345692
0.511715089165782 0.5717337670020323
0.9733780934434414 0.3490018420174616
0.1871552117953657 0.03045259028118263
0.2670922186302829 0.8534485140681969
0.1847560078420233 0.9217623332043475
0.2361683308390691 0.02834550558699267
0.7152431878244806 0.54378545947078
0.7253858889701224 0.1304277132154178
0.6065249420912805 0.643795633357966
0.5737305619717613 0.05827747288766105
0.6673735597106064 0.7812864048332949
0.6449053936747235 0.7536711505411582
0.131689307637564 0.2879440534825393
0.7492439087037395 0.9099424154807634
0.751301052787409 0.1785140312698148
0.01846485110439455 0.7458330129370919
0.004112971454633296 0.9806004179133507
0.4731864349656083 0.1448034692826365
0.03545642360101264 0.4723221441678181
0.5770794185676038 0.8971250200483892
0.6032626016935909 0.3863853114448287
0.2864206168732749 0.4367744055048646
0.140433789962789 0.511883442099147
0.9865358285247686 0.3737280312663309
0.9268065635943559 0.9669621465903403
0.5551986066240905 0.3665422914934673
0.04121157653025898 0.9353840796622995
0.929681949092772 0.1401920713265981
0.5218963784473456 0.3692824086428379
0.3968266581403389 0.8150433476857774
0.7240254485531993 0.5679418760435699
0.7210684146917525 0.9794076857905681
0.2582688468412151 0.1432224844148146
0.5399973821317452 0.1017470405373538
0.6506124213815461 0.8767981745070724
0.1442020827902729 0.4709178539229923
0.8318004702738158 0.4615854752651889
0.4304380330938304 0.3858208824906529
0.1055561417599598 0.2976478453546687
0.1086588632530338 0.5004889437250146
0.02211570369643201 0.8379593176737182
0.1628204602984031 0.6029449419654478
0.8560561797308638 0.6922456852933715
0.5449887402219018 0.3562570982764318
0.0301599133435394 0.6479741917226403
0.9266817974083987 0.6408371597934108
0.6717309345931939 0.4969488384195521
0.8432205686574354 0.6863550987385538
0.09428700217548658 0.5198661751695464
0.8564245887464168 0.2921840309834328
0.01204116557668833 0.9441335197779976
0.6370981678079033 0.8499755791413467
0.6369990973432563 0.549027103038672
0.7340028909523337 0.6638891139166648
0.8295400237169467 0.9861669941937745
0.9937349386938864 0.1847309867245595
0.0192738374628374 0.8575364089198835
0.1126493363563489 0.9182393608991549
0.1121389131398715 0.800182597790174
0.5350088844405126 0.4613385000747791
0.4536047432462822 0.5033044725892915
0.1837793008882523 0.7875199716355545
0.0147674531665154 0.009162666232916727
0.5149670623182262 0.5396072968782235
0.8462405999776664 0.8034303420941197
0.02792684006561141 0.01447696853491998
0.5484423428155996 0.495569736817828
0.1104355115144111 0.817555418833177
0.6571780605960355 0.4401911083135192
0.2512049215767947 0.44581640921222
0.7004692703511732 0.1009065539731682
0.639869630398007 0.3221056347675522
0.9590353963863436 0.05776257069268198
0.3234111771399869 0.8488696340374338
0.6150984732235812 0.352612394948607
0.3250417798307454 0.249411247104858
0.8156569172341681 0.8707861383553962
0.4137416298217489 0.9287864578600161
0.266780152814716 0.2567163811561406
0.7122134977799894 0.1608661185280381
0.730239566168322 0.8198461639742511
0.1248264400517406 0.9903226736571047
0.4227165884772575 0.2054470284261214
0.4476506867729692 0.4755641851739966
0.1977654010731951 0.05998673312397773
0.9756204659650525 0.3949397238038308
0.8931064908910115 0.9765754404842902
0.9568406372112584 0.4339184770007023
0.6768075196535257 0.3630505671130226
0.4490292684135638 0.4302364222947747
0.9096610989102961 0.4088990849358728
0.0783530962444825 0.2782378794477448
0.8438575182001232 0.6225061146247928
0.5439793956483352 0.5773639460397646
0.8265841183446895 0.8622065049496147
0.5409815497551754 0.5532913272652046
0.7836418497411988 0.8875867531958362
0.3892243438815358 0.03088990121608193
0.8333359114316538 0.02065461840245364
0.7699414326203402 0.9344309592453116
0.9174845077573414 0.8660685786278615
0.347302882935558 0.9950133480208728
0.1569881787802242 0.002295753251442267
0.09833808990154391 0.8218013424696714
0.700014236602638 0.1098176941456661
0.6409717229865969 0.7529226080356124
0.02485441260248278 0.4184274401239766
0.9767561154050408 0.5361878733052512
0.7229549749002329 0.2364437426669844
0.3089638225841883 0.8330419089236006
0.6893787553290853 0.3152789977567115
0.5565211625244394 0.7503531276636012
0.2968745614458159 0.8812697684000476
0.3773967468613799 0.9559835579702607
0.1568459148796569 0.7623751226965412
0.7376149102929996 0.3779581412637205
0.0698882311469996 0.8859303616836174
0.009655431141477155 0.7481053486303714
0.840416671290885 0.5141492859556953
0.7031521838507573 0.7784117675420529
0.5916376772674082 0.8278300731791269
0.2215691592234574 0.6902900527338641
0.3071185852464292 0.5007097132505142
0.5075256739822456 0.7960267926914598
0.6338175646311136 0.5785522282421512
0.785726632959916 0.4770381246764392
0.184508430563486 0.1173245609158051
0.8043335068779233 0.7203242672423642
0.1001595660027923 0.6049195076604217
0.1842205511846927 0.1908119379731062
0.4462388148474776 0.7555512006200867
0.3343636378743048 0.06471735077303065
0.6965605981808995 0.0477983687686464
0.8545291477571878 0.918190085259404
0.60624141014926 0.5954120475847118
0.3947010558852739 0.2542277020479463
0.7368600537944676 0.5942723822363559
0.9543521234240436 0.07323325336513586
0.5569118149021122 0.7916642617896977
0.9553681109269513 0.914711606177324
0.77454827914576 0.1605453825591385
0.7662711490498757 0.8480366836061165
0.3499140846993271 0.4655219281636652
0.4815065289463587 0.5230088316479747
0.3939889467226361 0.2278108836164002
0.5349018000917087 0.9712579946577119
0.8031434615844146 0.1021928021766069
0.2996415612687918 0.4505773065767521
0.4864496250735645 0.2712605767776129
0.9224934684648661 0.386012074442185
0.4602245312806797 0.04901706436661069
0.239802380084816 0.07582023412552252
0.2394311744892645 0.746369852084787
0.5090923905967643 0.2620242143213577
0.6285087842093471 0.5073284447747287
0.003824580675026334 0.03720215369062163
0.3723723662930524 0.5390457224649691
0.9242908324032311 0.4469869962238643
0.3895610911550954 0.8916151408329436
0.3901799703358715 0.9464531409959632
0.2837547558996505 0.08034984384515031
0.04478617514684202 0.7320421221141384
0.3505899471613834 0.3746082227589913
0.5765335919109832 0.1614550220315966
0.8657500167918042 0.4843521897478451
0.7116208508665242 0.2971585319669433
0.3650341013187818 0.2161707422288061
0.3112234055108541 0.7815025462775036
0.9039934805564483 0.9031062409635823
0.3735236760418217 0.7336103894405468
0.01002802158230909 0.0733775789053347
0.8859913396072044 0.8787030469651816
0.2152713619526629 0.4289846199558512
0.5801421622290414 0.5808366109939935
0.2614662107379112 0.8057277551226839
0.6376328054958795 0.402876569282354
0.5097812374715891 0.006996952624058306
0.6248785162116697 0.234456233780262
0.3548934452764165 0.6938940197752442
0.4720181943660217 0.9697624261936298
0.9240920987628602 0.01189817417138395
0.5258720392306342 0.6367590762122786
0.1969219414518261 0.6464243234301602
0.2677461271835063 0.4839003208580885
0.6235946017666152 0.1542213982994208
0.8257627989656257 0.9688487891672426
0.3968648271098646 0.3779541036769408
0.6042679246403224 0.04762728679919115
0.5800317208100031 0.8873494018720801
0.5627795638440908 0.6710969253332659
0.0007807472454133269 0.44055130361204
0.3012842596325684 0.8105016120861196
0.702310990809314 0.7007702593691074
0.1368954752749213 0.6384562304165918
0.956242021938507 0.5256400932706704
0.1348539675134114 0.714662347240209
0.0287122331247458 0.4115820051877714
0.02556505148429833 0.4788511634275056
0.1265167941188606 0.2010113666194385
0.4403031841550947 0.5540985570853963
0.3703283317625694 0.3704530495954985
0.3387352262852915 0.6640053166820282
0.1320984942889218 0.278443806619712
0.8983919552071132 0.1436451663584363
0.7069448256348837 0.4899077194227908
0.1833271368493492 0.09232607204531296
0.2799427087100335 0.5288443402510288
0.5089078506582667 0.8902057446417929
0.2141080540227213 0.7250348887657895
0.3100635155221928 0.6557104150661177
0.77159867021181 0.9473673841086544
0.391280396256439 0.5875432906647303
0.8753434083535561 0.2801103751851283
0.3644309388174368 0.8636703391511524
0.1989207103815027 0.3046447029155647
0.3414059165879976 0.7895164622028454
0.5459871510287531 0.1314138997126085
0.710324753224572 0.6771542619797888
0.9758123486299249 0.5481096844456005
0.2745203224473345 0.9488688290766181
0.8770708374866362 0.3098977210020516
0.09905241175811597 0.01756681152771
0.6730469181355583 0.04646225703329909
0.4448704317560236 0.4819697361781158
0.6874954455368106 0.5651634758882075
0.596240298526665 0.1595468870049339
0.8161319423669742 0.3950439554932279
0.9828189017296602 0.3267663227885679
0.4705866415461869 0.8775606303176827
0.8311522289309994 0.2452404559820238
0.1810875340759074 0.02129621553838779
0.2705149209959027 0.5778930353183566
0.4782090155015356 0.7625208116279906
0.1825254466120735 0.3607101420615555
0.5423374075044941 0.1847485312700525
0.09464276681386774 0.03220582252840132
0.04022777527868837 0.08415796401067788
0.5318421916813272 0.4491287743788047
0.9252586082747669 0.1075812996507317
0.3685181955835595 0.4688127953774425
0.07276757847183513 0.9573724638351528
0.8692184130592834 0.9366263090097245
0.519985000364793 0.3722001994046222
0.3535457402750279 0.2321700279754909
0.5865434423399187 0.9151842039076975
0.7648274948344775 0.3885119228629448
0.455822278308781 0.4558732411720905
0.9015842282405268 0.1659055618106516
0.1167070833540003 0.2652556298470531
0.8894227281349425 0.830012214680417
0.9298260753179874 0.7551133102600149
0.6734415860963013 0.146821204139243
0.9286734601200051 0.671970734382681
0.9539084431720457 0.2675069473620053
0.4501766273013346 0.6187894514722586
0.8789450927428429 0.2929824728729569
0.3758006822921456 0.1428460860213161
0.3480513164128733 0.1768014433766167
0.0878168865219171 0.5424745472832886
0.9685145395790256 0.6403900915641996
0.9798806556587535 0.2980645029780572
0.6811304655350212 0.1766337446664223
0.1699326332353894 0.882105709219813
0.9717438215817343 0.5791942040693092
0.2436389276393461 0.9739107610609489
0.2106549113008553 0.9563559409756343
0.9408394138151998 0.905710962606748
0.5531229104672194 0.2305014357092483
0.3203173200528016 0.5983470697659701
0.7744563012321841 0.5013118383564735
0.7059561715624181 0.8230865455107083
0.06364261056178444 0.9189114436413804
0.818222722097941 0.2468684021580514
0.99627684428282 0.002147468406031083
0.5159965838429259 0.5842426427032433
0.6182666951105403 0.8851713330712911
0.2558031485305308 0.9222557444320861
0.2482144264273118 0.3543550633332462
0.8526511074607342 0.8070924651993654
0.1210965969430182 0.6481400651613246
0.7874504546891491 0.98157548368074
0.9346610961474986 0.972094475017568
0.6529048308133831 0.8851809833957878
0.3969101705773027 0.1406040482823065
0.1646989861025906 0.9070863123036865
0.1487334579536765 0.5529598133705335
0.6739687895136027 0.8637395957300928
0.1368275006623229 0.3596376724242503
0.4049480816590036 0.1955452805542338
0.4364697732785898 0.5841751051677818
0.704024991238184 0.7251053525881797
0.5182545251018721 0.8919002503046904
0.3799298422889541 0.4904962879304247
0.4093524342674904 0.1547633380125877
0.3421475012477596 0.7048705268103833
0.6229669709968264 0.4935479145655745
0.5541239972762706 0.4043166720683418
0.5203668072013115 0.4015056537722071
0.8456664994179596 0.8619310115637698
0.4965964169175439 0.2964987899929267
0.6076803785065589 0.5021561309364956
0.8262263977967411 0.9784237349791687
0.8655610548560301 0.7470753194044529
0.8540365964369767 0.3024635041339697
0.9832801653974969 0.5066547431799435
0.02903171090240375 0.2891093769580694
0.6965126502257509 0.6402626822840115
0.351865122669032 0.08901541724246231
0.5123801048816284 0.7304323047173792
0.005759338223180643 0.09078326696453165
0.3840855594949822 0.6618471858626912
0.7822394015829803 0.0670626276797095
0.5959293706611467 0.7797870427839556
0.623881913756676 0.6233735341888846
0.9072198849098001 0.5947329137702531
0.8001776825270795 0.04090404115553026
0.2368306773844157 0.8069991718959459
0.6791100115278168 0.0359028066144399
0.1267158510929761 0.8946272102885735
0.2341238395681898 0.7395544220415622
0.9088511575239251 0.9419643760183787
0.7794427972427166 0.8531155048565506
0.8984776791308073 0.0640210169505715
0.3522603126004266 0.1351564348644543
0.877133589770021 0.6332559406494214
0.7394642989002945 0.1076464907069525
0.3145907580233297 0.1577538933320729
0.4765815412784652 0.02492531788997276
0.3757449914370689 0.1602491807275691
0.668472023630564 0.1032617420311233
0.8117512327278333 0.5456213445072486
0.2524248182984931 0.9641359204036305
0.1119246606639818 0.2778567453654383
0.1124190119003348 0.4829115142272733
0.008877182308282494 0.8758314504883561
0.6764188971811594 0.2836032303743165
0.9702143879907883 0.2416351877744746
0.09486980474899875 0.902870218581358
0.3087604097310664 0.04674883720963463
0.908386923073821 0.5703905883153587
0.9512162867210721 0.5780571265506631
0.5137161971778476 0.5310220960824055
0.2563477930888581 0.3349099308538652
0.02010145984340128 0.6451167639638264
0.6200955082692053 0.6209954282812217
0.3487682688214488 0.1446464920542301
0.5225863965026004 0.8909034767370465
0.7304934741787849 0.2510926197727877
0.1228314877650204 0.3938914559761375
0.898331716704779 0.5415461854814739
0.6314259794730175 0.6960988418010242
0.7384407601303157 0.08163535543542011
0.9612639289672074 0.9361216078029956
0.2055278270818017 0.890365947547224
0.9144107509524884 0.4874172426784572
0.09438284997451951 0.08003509546077991
0.1165923987955515 0.2337445604330426
0.5293064862143574 0.5721973754642569
0.566498995257565 0.588599910232224
0.4183455890277672 0.8594236211655054
0.511677328324417 0.9369638306711975
0.1891588639040324 0.4699648182435959
0.1439424272164326 0.5511143111097327
0.8502315250834771 0.3877051447983424
0.8868066199435887 0.3006241156492795
0.2923734697576774 0.6638483932931768
0.1190828632670154 0.8465389599382561
0.1610408320299397 0.1811996670569551
0.9692507287853934 0.2775430739231062
0.08112143403564887 0.4292399784789951
0.4636751007298202 0.4905043462942807
0.8024976342956839 0.06187029425911017
0.09846933623864529 0.06407361276265344
0.3569952685829448 0.3001784498231096
0.3067042324851385 0.9188575359641669
0.6620000841887403 0.6546226186104972
0.8487971643952598 0.09305247349362988
0.9420617432795484 0.576738133594544
0.7355396348815251 0.9992705764158534
0.6832387407842708 0.9498239965816196
0.3474240389945605 0.9197275406731112
0.9143722246769761 0.3412881516647028
0.08537514515962141 0.4574610471750719
0.02080029901578784 0.6644530672524094
0.08051721426801528 0.004507510844784179
0.668227595591648 0.6837586581749922
0.4008819258653492 0.7058462044928934
0.7814681596001113 0.8879923997919482
0.9728102885055903 0.8970888106794664
0.3306014017871168 0.6526498657853426
0.1663219933357889 0.4296455479266799
0.1128755076351936 0.6300193517661171
0.7211268208493276 0.2107202432721172
0.1193816217159978 0.3905702638001666
0.5007067432592902 0.07135504557887284
0.4170149171866515 0.8285864536160269
0.3401913459301197 0.5905015840972562
0.6977715067958089 0.9386697467955064
0.7732384122211321 0.370895620861546
0.3365427008908334 0.6398653613350848
0.9527497628527303 0.9254600513551673
0.1086391371577948 0.1262607374031793
0.3276281261923094 0.1348469984902614
0.6228220895117511 0.7468102521201203
0.1216824640434471 0.2312873856888001
0.676762381510857 0.9400894023105975
0.4571892630276434 0.6365897850208831
0.6710975400242633 0.2092754297330305
0.1324634924288174 0.2993537881319275
0.8044910108359145 0.1199952091524465
0.02936851728178147 0.05812964648988483
0.2818713028716696 0.6946421986473125
0.897330430772763 0.5789333555482271
0.5279642733541153 0.619318548400243
0.3006319724589085 0.4172835984812353
0.5485879750102648 0.2272878481758805
0.980524051778432 0.1284750059259585
0.3309226671989797 0.8756761458190574
0.8268163993365442 0.5057657022498647
0.5362862922377987 0.4220492615817443
0.5208924458981072 0.7530999668190361
0.2308601791718128 0.9785402750223609
0.1185948718128853 0.9457552362017861
0.6410327974680377 0.2572790579402959
0.7609580982297367 0.4551076699551568
0.8618756056595024 0.3109382259785283
0.3927791795830963 0.9501952699309179
0.4831409512825019 0.9267312148738741
0.516685001075595 0.2895312479743443
0.7887745931279114 0.2571376889866672
0.3234070885794051 0.517079676450577
0.3503728384536547 0.1606531632909044
0.5703604657281957 0.3089215887337821
0.6002393215803029 0.3851107156168527
0.8322707462379377 0.9915785714069267
0.7030123406347747 0.9958244294515908
0.1645214747452783 0.01019222802415332
0.1644680379077019 0.5302372887250816
0.05780112628019263 0.1297664112523578
0.4974473393276967 0.694853376504756
0.05339131603445391 0.9391074682554995
0.2277695110709206 0.3098665356922651
0.151626407225771 0.3928548857713297
0.9966606223703505 0.6580289610021532
0.4093705663397648 0.1503776654650585
0.3814175533269365 0.4308119746426435
0.83554133848407 0.8661209312729511
0.9908708967339693 0.864346354531045
0.9008199386675819 0.9134027924202893
0.6968806077292579 0.1339740809906915
0.84468928561018 0.7878583041417688
0.495740681964109 0.6119563550562401
0.3763668745126286 0.7329340831053025
0.9819059624034773 0.8616876121484788
0.9425621840443709 0.6568932622155457
0.3747339200772646 0.5411708059800541
0.8395529744134224 0.8069679150358319
0.1178156886779896 0.6858086113841027
0.6484798327961475 0.3654397456887745
0.9461096860198613 0.5449616280348077
0.3962538928242123 0.1323866650887099
0.6405570523960238 0.4631840889820109
0.7679012428467383 0.3845156728014916
0.392487914400356 0.3935444345992266
0.7346583421262066 0.6236890037673568
0.9881920624026176 0.3114699821149211
0.8697416981946201 0.5977925045454594
0.7390641679294144 0.6402888212828942
0.6164047097432518 0.7859358368694044
0.07041998974090358 0.6725932562978673
0.7858377863842317 0.7634522060541161
0.2982980543325811 0.1406819708531581
0.9120911390712072 0.6455890388428264
0.1032917263325475 0.6550523904551168
0.4271425481451087 0.8223563709778025
0.89757519192178 0.7872157754683031
0.02035992275404985 0.2958425698699
0.4817634162667987 0.7578501979164309
0.5499412838652528 0.1885863056993958
0.01029952138129286 0.3068761972708949
0.06161282232883469 0.372533916280122
0.6494501800441814 0.2227384199042926
0.696956713387781 0.2563189878024971
0.283669560982846 0.2440141494515434
0.5170127818321127 0.9615347055713221
0.7022422591319529 0.7873557557169729
0.7342083558352649 0.4860946898997942
0.4294101373534207 0.2077738546712281
0.4261961029276299 0.9533164293887911
0.9591537096084075 0.9995893371760189
0.2007069611821775 0.3977663966887206
0.8841866834379946 0.4125349072771398
0.6146559714036961 0.1360686331898877
0.8202527494638898 0.8402553324806059
0.9341394466392907 0.2879937422384752
0.5540385839422972 0.8736914103436008
0.4104825494307134 0.6389893326521783
0.7669989589537922 0.2859478303174784
0.7180213913374566 0.7798151613583103
0.7955440977348053 0.8887583186650598
0.4236661771358176 0.1691081109364904
0.2250216599602307 0.4526200592566493
0.4170957681568644 0.5378466359625305
0.3334032766942683 0.8010116501337876
0.9378398592346338 0.6450840416911677
0.4786473659221565 0.2476954341963512
0.317299576067512 0.2297851946406323
0.8553866666306906 0.1775949824495883
0.5991895801921044 0.8496898948120073
0.4596128086802 0.5698986859642219
0.6748402323178768 0.5672969293249192
0.3395938323036419 0.6557402725181639
0.4851432092432829 0.5880296271982045
0.01804803243776465 0.8216153072464828
0.1811917086670298 0.6800566294208766
0.04812523803379831 0.08166843694027537
0.55389577043394 0.7126613221664732
0.5982475753685663 0.1956681143585612
0.9674574659014958 0.4421921165652353
0.9642644936876611 0.3667905193425661
0.9691031764042026 0.1424865657690086
0.896637624326939 0.589070558463358
0.8229162832423956 0.5711235628153496
0.3843628752476105 0.097679190408273
0.1821787023446697 0.2935049947646494
0.4495085611581073 0.6441802909577474
0.6908666312470904 0.6848296428517228
0.1982078295287537 0.4206544145789999
0.4751857346797402 0.3668688115008015
0.5635834781667439 0.0172400504243847
0.001554270167530847 0.8023814779771101
0.7767196575210531 0.7351008829728849
0.8191915887237955 0.6389588884276628
0.9632128954943951 0.6472021350748354
0.1771579728670243 0.8071765713191643
0.9769874710421128 0.4806979621175133
0.06121899112386742 0.8008146993884265
0.7375512294803289 0.8015465416318506
0.9565422794514866 0.3203507598155262
0.778396588821127 0.09207049655417343
0.3135930411660168 0.3841234925848115
0.4726665330414098 0.1313007162538888
0.1892060233090667 0.5839641223927848
0.2217052161490494 0.770497261457184
0.2067888245041062 0.1459183780246887
0.5126676442100382 0.08422448444562658
0.7512583443838308 0.1578792832992479
0.8363738084418114 0.9650066202224268
0.4724263997003335 0.5794055752435442
0.7962876702994336 0.286216371969132
0.8192806200851934 0.9819102225417551
0.2499162426555851 0.6750455144831231
0.7220299501683461 0.4314760040712469
0.8885235743222027 0.724808231248233
0.1571443455274828 0.3133846609188227
0.03323744639503179 0.2059756610428177
0.8710782094217436 0.2079946011537518
0.03061061439706281 0.8351335001902687
0.2343738616969822 0.8004822151772123
0.610334913188419 0.9460369071348534
0.4955716838018399 0.1909986554695788
0.3900379575843268 0.4066625209475959
0.7460758357571833 0.6007795273438694
0.1498475161061492 0.9932921289118978
0.4279737980391289 0.9492902822776107
0.8358367109568041 0.9213753955862535
0.3649028410337942 0.5794416066745897
0.7971440747964293 0.6172233247706744
0.1914769663061405 0.1241819548845696
0.9086702598824442 0.5476292899355738
0.5108155328502194 0.9488022895370641
0.8269692512930692 0.726570793476926
0.9205967280880898 0.4281141687486367
0.3440026052003643 0.5113091860635705
0.03382766801469428 0.5123378185867684
0.05621214244537809 0.8312062290685115
0.9742539819092448 0.9521520030917392
0.9058157265498787 0.4609306586913805
0.9537951166741664 0.9178500728127379
0.9496016047075646 0.07028686034622922
0.6065662310972334 0.8798965388058039
0.9377187591745754 0.838410403225176
0.1053714491034056 0.3238012316932054
0.5782926058066198 0.8841049973908467
0.4359513120915214 0.1401358131314768
0.1959727510269148 0.8685549031020421
0.1516089906370203 0.4802509843725324
0.616690117440772 0.9925232079645443
0.7834177333948644 0.719356710797475
0.2064567678238545 0.5805052105201499
0.06321562128553582 0.725938823528188
0.7073365578058991 0.4074559449485167
0.8860579779243943 0.925014008260505
0.280791135336374 0.1184256624687748
0.9549723837407417 0.5686978492294013
0.7165247210962143 0.9819518748810907
0.106215963322319 0.7044674753668437
0.2883497734120112 0.948252355381941
0.8164887786847367 0.3726629640783413
0.2712071082170384 0.3063639128388255
0.6586965205072715 0.1049462657094224
0.1759372033369486 0.3397610012961125
0.4545452605212301 0.5588653240764968
0.7209881241503738 0.3008743133407216
0.385742532131337 0.5224918180420777
0.3842753250537349 0.3935855720881904
0.3680023827675787 0.1454212390709064
0.383789222089137 0.7286073131976589
0.8507771171443324 0.8073778691861166
0.161069209120999 0.2790078934321045
0.4074140475886374 0.3859498041032241
0.8341346217900146 0.200049118061829
0.5442580109314203 0.3691874238747418
0.08376994921303249 0.1844468320579357
0.9576225933182161 0.3394599350042536
0.2438352404312697 0.677016152576858
0.2539133035525947 0.8717099012202599
0.8216326478845012 0.01032351310309843
0.7025094118579398 0.5938757708106074
0.9762633491550545 0.3723045204902535
0.6091221522363763 0.4674720553693248
0.2740003695864245 0.5965032155831644
0.5219952706930135 0.05493234151515258
0.1844369462220312 0.3222092642362937
0.704868625233789 0.9659624565172957
0.5795408928551867 0.07545670272488647
0.3051746134412298 0.392045616259675
0.2673908997066634 0.8952335986731522
0.6510998146796309 0.3850284627805131
0.3321581810699948 0.7560289332851176
0.3863269548377235 0.1770363111042805
0.5999015782231949 0.8993044221088318
0.8766720772549617 0.1287424077869638
0.6709577376569635 0.4107231474708715
0.6142688511858295 0.6255644871696611
0.7742223303069976 0.8008431420111195
0.216927068601607 0.1047346389576493
0.6777925490725236 0.6318003769023567
0.2879656395659336 0.6943401570051279
0.5665637655074304 0.08855249598248627
0.3078584278772379 0.3464666307283398
0.9964393393659778 0.5248383166025242
0.7344139932511279 0.1250805561982795
0.2412935690424068 0.3858108573198789
0.1537862261929639 0.9481065567285007
0.5713135572939342 0.01798330330897402
0.675094963767764 0.2681241541314437
0.6605378708116407 0.410366114542601
0.2632492425463733 0.2484497160585295
0.529370254248065 0.2949250640368539
0.9703531996339867 0.8187738078247806
0.4965791774112676 0.9421059851568574
0.64558104490386 0.03354142896193313
0.08229407730257754 0.5614932848447703
0.6173580226545207 0.6259472934622563
0.465555831853628 0.07197936081242973
0.6278888467664843 0.755807938755563
0.6359808027513758 0.918532861040608
0.6943377247439274 0.09756844964108713
0.8389277525431487 0.4805901877390615
0.01772318220358582 0.04387908223290216
0.1786037770660447 0.2300554343198447
0.8141785379891635 0.8304869393448586
0.4894932027349104 0.6475120802547795
0.4712707596984596 0.9850230055043173
0.7195092450540844 0.8049092095030426
0.7407344558876587 0.03908048929536534
0.5080879623562163 0.08614703948141611
0.8194990439306634 0.4792339843643542
0.04455844730557179 0.7536566623760851
0.3566318260175751 0.3863325888690859
0.704252108956765 0.1164969349958243
0.447828660821329 0.4733412843491057
0.006217913894820182 0.9471166574681454
0.7879992865180445 0.9666530178041675
0.8246325491028217 0.6444954728052992
0.7014443286596544 0.2523083438549496
0.6553439757702464 0.1827984435724919
0.5635315938505537 0.3724125860803337
0.3366888513362611 0.5034617392829112
0.4879098725476796 0.7352892640316107
0.3724446834663947 0.9284062276776175
0.5087994716995881 0.2270005231594545
0.591904779571822 0.9458251905504974
0.9114444508985989 0.8232012839358346
0.06577572240707319 0.8782343779471987
0.7004409176741502 0.464117998044138
0.4367525274128832 0.9462502316668392
0.7943728202778649 0.5705069394725137
0.08955170907214383 0.5005893950383349
0.3106091357300774 0.7694548505819552
0.3298108023227527 0.6989708004132268
0.4575127819859032 0.1150091668239379
0.4612197261627843 0.1253630146124368
0.7204538314868538 0.1220078162856794
0.5572730416947441 0.00401982577315485
0.5084047195598819 0.03565128614067559
0.9463123860118133 0.1637967029536932
0.4683297055830746 0.7319216314666996
0.2512237008120877 0.2385075488060722
0.9814673873117551 0.3440223539311343
0.3047248652004058 0.7371108067392017
0.7116637319257991 0.9131312835600133
0.5875096289328089 0.8488648579418621
0.1307599118990151 0.4928795722984574
0.8966503876874102 0.6783435253660804
0.4869236473808292 0.7737389993984607
0.8981323826764487 0.5882323993878046
0.3918932513911322 0.5759349541594232
0.546280559998261 0.4458102745209683
0.7772434300070595 0.4670126592449828
0.1414502539851049 0.2093584893309508
0.4109375040899041 0.3479528135173037
0.6233040901948873 0.5754399247329864
0.9951622842663671 0.832817337704906
0.4715569062170735 0.163244856533285
0.3564879695800572 0.5107150106316546
0.86065463453475 0.3968621406769857
0.291725524985179 0.491127709033498
0.6322233988942588 0.2399427876471292
0.2649813425704443 0.5599662633788276
0.169535138453618 0.6560461371240293
0.1442497227135588 0.2003666893377508
0.9210280363156297 0.7174862256700114
0.1010391021998731 0.04086840120400748
0.6119253081435493 0.6895821952054418
0.1388256707429282 0.6429142670027232
0.05426413766402149 0.5843618465578364
0.1252997357695602 0.3663434656222879
0.2979708002770556 0.4014575209853545
0.7532364509944177 0.4170677688985718
0.1837662399376675 0.261194040192547
0.1104713132737961 0.2206113998602823
0.6674463441407177 0.92300335294626
0.09817766595038069 0.5853144721391407
0.07570315785448933 0.4940805225026205
0.1172514722343971 0.4746074925692183
0.3614339742349862 0.1504880200453811
0.5219457527866743 0.8268556109406066
0.4735361829614085 0.7903177193825828
0.214747096745817 0.201501905340742
0.6765816543374543 0.356867897741398
0.9529431190087767 0.2594226396169402
0.3388483577624782 0.150907221538538
0.7534938590877417 0.8608090770013664
0.05024830974849948 0.3093878347507041
0.2119347952477566 0.7736665982410621
0.05688707108645241 0.5941694294966614
0.1074137560734861 0.3287602147199146
0.6674984906502538 0.4678281169556322
0.8534633588973073 0.1460092381655672
0.9595541244126906 0.1586463356213469
0.408335828269734 0.8683604346318319
0.9169861702675952 0.3640965886928518
0.5891412933884761 0.9539410172868428
0.0925042860943659 0.2938933350417623
0.4267584300001933 0.6638438981327862
0.2275878909445648 0.6366448308087318
0.6271985203782277 0.9685619584052245
0.664138924013634 0.4670824549338859
0.65631612886435 0.04315979780582502
0.3733684456904101 0.6688919398055263
0.03464821386604133 0.6274065458719773
0.8285875511046448 0.3952347602386046
0.6554148027819306 0.2781718593921595
0.02004687420514484 0.6656150638286072
0.1395946898221404 0.195152340040296
0.1781952509531451 0.2189900147693772
0.07653651170401465 0.2419953705325026
0.3634625180016915 0.268700790043044
0.08435071914877879 0.9908055565235336
0.3269341972467862 0.9667154253450988
0.06158753836378195 0.470931747549195
0.707745890477238 0.3670595459157151
0.6002254666972175 0.5131235935129072
0.2750770692052963 0.1222162745905802
0.3096118866956374 0.7944112502832853
0.9101040047470733 0.1369696536768337
0.9613003613963689 0.8058940030041734
0.6073402277989894 0.8318966942137491
0.4393877715141264 0.3758541649484053
0.3256177964841961 0.3394801831933938
0.6952718835330842 0.5637484520335138
0.5849192505583192 0.2529347913166324
0.5066873501672831 0.2839840817651282
0.876308419310809 0.6262526136610829
0.1187264849927053 0.7638560052892578
0.9186533883971791 0.3366698612289514
0.9093868047774174 0.5886062014647249
0.7374827390048728 0.4322364461787038
0.9204056450262729 0.1431969606148438
0.829933435730425 0.7661813999553043
0.6393904212879277 0.3025276156426168
0.1518314422359607 0.8125630020779513
0.541358727127805 0.2318068261346404
0.6436101848680922 0.9877247007106846
0.06061790932973199 0.5588006510637735
0.1706872690414619 0.5658072557945766
0.1319892169473889 0.8694262227244153
0.1509655448686298 0.2525159121559128
0.2820169499935067 0.7475379005088779
0.7013432326213321 0.8420445762021662
0.3003513885825304 0.2443480189743688
0.9262866113211806 0.4370123976359841
0.05076995466744971 0.8883912983134113
0.152835967620141 0.07226853305669845
0.6328734119543246 0.408281386282989
0.1375585273319202 0.7558733714120383
0.7586349965536432 0.1923114213557189
0.8365048399424867 0.7924818252037484
0.5567958757549963 0.09793876295227644
0.6146090544246209 0.5214501041368925
0.1912193217496522 0.1874106885412318
0.08556317605643671 0.2377084087877852
0.883022264821199 0.637964377410465
0.1887048435016746 0.04073552996147012
0.9420581590011872 0.5067247677622299
0.4400737880022997 0.3517189264517305
0.3586825829757241 0.3475403453412448
0.2358342918434382 0.4756702709526662
0.3043197642787289 0.03536114381127253
0.0637609704303741 0.3616806877018226
0.7514601384155644 0.4949463574756945
0.4643171740432757 0.4344911282104664
0.6043138741275585 0.6836550904161119
0.7861935225988158 0.1342129290648387
0.6262445444216669 0.4590619363512801
0.2955473514714807 0.7370138215384919
0.923720594602275 0.1500222184193963
0.07961866507342408 0.5293118076484842
0.7455103643168886 0.6306817275868963
0.9642123028877225 0.7395889593526597
0.7787377639175014 0.1728254830585525
0.2457148393887117 0.9991571239441026
0.04438820335085569 0.1943868337798098
0.6336830709125553 0.05394126138568112
0.108721797564444 0.282107704718971
0.252314644366238 0.6607804429168997
0.9539469217233681 0.7201854364487502
0.161149501732741 0.3783937498619118
0.7040109459277857 0.9742806230013161
0.02580608231884873 0.01252825053032691
0.6578505962880709 0.1704613125734393
0.3396801581859921 0.9087664672041399
0.03045283488502226 0.4380085457783802
0.2962693880726172 0.3159845064377639
0.8587736556993423 0.4230556074755135
0.9901274842494128 0.2006106573670525
0.4855044431092022 0.6626310446874546
0.6683372335842912 0.4009977811499277
0.7149145553499903 0.8129042026624502
0.3094991893455363 0.2030854742030512
0.9431669095821595 0.3973515121076419
0.1477486570508914 0.7391313708451026
0.7737838824861535 0.4589308791457725
0.8180441552707033 0.9000206456973953
0.520951035106855 0.375859475547036
0.1604139709851428 0.7211743958927508
0.2587007616809125 0.5321511471861007
0.6749040161078328 0.4781063434300028
0.5900717966807736 0.7526124481258714
0.268159728151924 0.7293826370271352
0.1851865756202029 0.2430788409061834
0.376307524565802 0.7707893897651793
0.8412650733017053 0.07510241196306111
0.1573461998598673 0.8631917956169247
0.4018292162821491 0.767799745620873
0.8605683577774801 0.2370105033438419
0.2937601956689584 0.5249468148379213
0.4739882004290912 0.4673153046158748
0.7619228938606053 0.03535852210887702
0.4324000213073955 0.3504680540961485
0.8946827435507321 0.606928297401874
0.4705490511541962 0.2436104714489823
0.3492266105421333 0.2502492262069695
0.09261268275716206 0.8333381162155905
0.2473968110511825 0.8952983438053002
0.8220519071726549 0.4363085341825682
0.6685282353214661 0.7090582895493337
0.2277075353342332 0.6303999445418005
0.8512981683270079 0.7518727978714582
0.5023157935077408 0.8944809738164764
0.9667657452847839 0.4351143962598615
0.01157635122513323 0.718355879041707
0.07296983672590285 0.1735207521253015
0.6652473239781687 0.04943529167009675
0.6030598948119201 0.01369857800531171
0.5413900642523971 0.2909915821734028
0.2130813501002933 0.3102801471368185
0.4469434146605871 0.8734004213782388
0.8289466526815187 0.564324616667416
0.9840182502781895 0.5726910790361
0.1682489586973863 0.2790915682086839
0.2979904491839478 0.8226154522322036
0.9972227933742355 0.435223783699238
0.7897069573843618 0.7550152608576403
0.05124089460589432 0.5207030181130101
0.6189212115050644 0.5618345563833712
0.04054662710306234 0.8454319454585674
0.6432625985451824 0.8339802293262808
0.3334898584753461 0.680916691958804
0.3127223624584344 0.3900203023147196
0.3890381103743987 0.2260673078947016
0.649649618692833 0.3187961904043327
0.1433140666599741 0.4128392291463866
0.1329313025419468 0.01457188588246128
0.4251622349720711 0.6416169543657094
0.9003667475614769 0.468267826131075
0.1680730895205171 0.6765697989739186
0.8221014115160429 0.05280672916951956
0.698641073066337 0.464405958814938
0.8779224377798679 0.653662971630839
0.6067975675447158 0.2217658047905939
