2.80203e-05 0.24256
0.000360462 0.967394
0.00127862 0.394243
0.00196715 0.176325
0.00208882 0.496752
0.00463764 0.838403
0.00569251 0.639781
0.00667143 0.165041
0.00688077 0.391631
0.00694693 0.558394
0.00705408 0.200136
0.00761356 0.622875
0.00942477 0.55539
0.0102093 0.162314
0.0104702 0.284072
0.0105177 0.351129
0.0108099 0.406554
0.0109048 0.192176
0.0118914 0.960896
0.0137135 0.613135
0.0140404 0.344811
0.0144206 0.910473
0.015534 0.344072
0.0165695 0.379976
0.017667 0.37402
0.0183156 0.660567
0.0197178 0.602829
0.0202168 0.835958
0.0209834 0.445949
0.0216614 0.896002
0.0220146 0.554522
0.0238197 0.663819
0.024801 0.533182
0.0250101 0.0385593
0.0251818 0.351453
0.026043 0.408422
0.0269112 0.80348
0.0275754 0.158791
0.0281343 0.861281
0.0283767 0.381457
0.0284133 0.604626
0.0285175 0.340068
0.0287207 0.973008
0.0320725 0.637835
0.0337966 0.153065
0.0343705 0.756836
0.0354656 0.605923
0.0361941 0.825158
0.0361942 0.939531
0.0367385 0.89323
0.0371432 0.577498
0.0379437 0.117018
0.0391668 0.926316
0.0395089 0.520589
0.0399176 0.545217
0.0401577 0.513907
0.0421518 0.0332921
0.0422802 0.510798
0.0428728 0.791831
0.0429541 0.362106
0.0434075 0.941558
0.0446334 0.958343
0.0454112 0.831881
0.0459049 0.730431
0.0462692 0.325344
0.0485732 0.328146
0.0488031 0.463368
0.0490707 0.672554
0.0512718 0.5278
0.0513332 0.971147
0.0521665 0.745134
0.0525774 0.549813
0.0534825 0.822508
0.057037 0.912925
0.0577684 0.879592
0.057967 0.678667
0.0606058 0.103146
0.0611689 0.78098
0.0611789 0.826058
0.0618653 0.805735
0.0623432 0.755033
0.0624499 0.644387
0.0648296 0.276564
0.0664878 0.975898
0.0675632 0.858494
0.0697618 0.477071
0.0711299 0.885958
0.0712167 0.742815
0.0713144 0.529465
0.0740217 0.358307
0.0761156 0.84317
0.0792847 0.616933
0.0798365 0.841162
0.0808463 0.46631
0.0811009 0.794183
0.081913 0.00254063
0.0820268 0.561643
0.0837294 0.198134
0.0851928 0.369564
0.0855614 0.320399
0.0856103 0.725726
0.0859791 0.81278
0.0861678 0.529239
0.0864517 0.636904
0.0885013 0.806925
0.0898055 0.520548
0.0902412 0.720084
0.0909684 0.405847
0.0921055 0.808306
0.0921192 0.541967
0.0921381 0.806343
0.0928231 0.507188
0.0933027 0.845956
0.0935407 0.695993
0.0943893 0.692164
0.0945889 0.118742
0.0963423 0.471461
0.0965545 0.819621
0.096942 0.930488
0.0990054 0.631381
0.0994445 0.647565
0.0997542 0.571821
0.100483 0.805459
0.100638 0.280928
0.101108 0.983087
0.101169 0.613684
0.10206 0.856971
0.102975 0.737141
0.10683 0.70667
0.10735 0.758871
0.107589 0.406981
0.107902 0.939637
0.108436 0.703181
0.108437 0.733828
0.108663 0.56464
0.108914 0.784533
0.110234 0.790628
0.110239 0.767077
0.11202 0.460269
0.112293 0.170589
0.113229 0.667803
0.113765 0.169789
0.114793 0.928468
0.115288 0.987514
0.116115 0.696962
0.117447 0.969066
0.117854 0.806163
0.119568 0.740331
0.119569 0.358812
0.121856 0.79247
0.122515 0.326099
0.1228 0.764656
0.123342 0.84157
0.125715 0.196423
0.126903 0.912399
0.127075 0.784394
0.127453 0.785376
0.127897 0.000885683
0.128608 0.595415
0.129778 0.825519
0.130785 0.158149
0.132511 0.57795
0.132875 0.744006
0.136132 0.616488
0.136284 0.888437
0.137711 0.921568
0.138487 0.920234
0.139384 0.985555
0.139745 0.211945
0.141992 0.678324
0.144083 0.769298
0.145458 0.909692
0.147523 0.703018
0.148387 0.0897266
0.148497 0.78558
0.148959 0.142287
0.149589 0.719748
0.150322 0.949175
0.152079 0.827992
0.152559 0.906119
0.153847 0.875444
0.156515 0.71166
0.156722 0.662908
0.156749 0.938437
0.157935 0.33734
0.158378 0.303835
0.158925 0.9675
0.159442 0.871299
0.160886 0.182808
0.161795 0.650966
0.162027 0.723472
0.16263 0.282053
0.164231 0.613435
0.164968 0.548185
0.165253 0.618223
0.167132 0.868199
0.168019 0.784899
0.168829 0.8738
0.169882 0.556041
0.171205 0.890896
0.171212 0.983253
0.173285 0.846188
0.173396 0.836093
0.173587 0.880975
0.173924 0.386486
0.173935 0.829644
0.174485 0.604172
0.174568 0.228738
0.175651 0.936927
0.177004 0.647894
0.178181 0.202215
0.178732 0.371136
0.179629 0.974459
0.180617 0.697376
0.180718 0.454638
0.182208 0.238143
0.184006 0.93428
0.184194 0.820388
0.184751 0.358364
0.184899 0.048678
0.185018 0.983564
0.18564 0.54384
0.185694 0.18515
0.186488 0.750992
0.186897 0.886365
0.189534 0.906583
0.189539 0.177203
0.18987 0.336316
0.190415 0.534495
0.190453 0.435169
0.191891 0.921379
0.191957 0.0157145
0.192358 0.68323
0.193657 0.838427
0.193697 0.864313
0.194098 0.895505
0.195682 0.908499
0.196049 0.373441
0.196119 0.651971
0.196467 0.894979
0.198496 0.883011
0.198696 0.151904
0.199255 0.685567
0.199379 0.753902
0.199427 0.427922
0.199725 0.595332
0.199959 0.707413
0.20018 0.60611
0.20057 0.963934
0.201295 0.129443
0.202246 0.83223
0.203561 0.828097
0.205171 0.305603
0.205877 0.603411
0.208026 0.979583
0.208354 0.0627156
0.209431 0.582442
0.210765 0.203955
0.213361 0.99827
0.213411 0.12335
0.214618 0.305984
0.214859 0.0430577
0.21553 0.569352
0.215551 0.961157
0.215895 0.962153
0.216098 0.140145
0.217037 0.990371
0.21863 0.132872
0.220167 0.520184
0.220839 0.597763
0.221327 0.860351
0.222304 0.918225
0.224156 0.930916
0.224212 0.283556
0.225314 0.583477
0.225705 0.904984
0.227875 0.621725
0.227902 0.102624
0.227945 0.543753
0.228483 0.904711
0.229186 0.94871
0.229487 0.75264
0.229736 0.6656
0.229955 0.278563
0.230269 0.859943
0.230921 0.949622
0.231529 0.581288
0.23162 0.726249
0.231751 0.426534
0.231915 0.778605
0.235131 0.691321
0.235949 0.875476
0.239613 0.610875
0.241134 0.640674
0.243348 0.553514
0.244681 0.944171
0.244682 0.534101
0.250731 0.896578
0.251242 0.92845
0.25399 0.652704
0.254302 0.239571
0.255142 0.123723
0.255439 0.726774
0.255705 0.389236
0.256994 0.589263
0.257503 0.513352
0.259186 0.886057
0.259495 0.989409
0.25999 0.112316
0.261546 0.154395
0.264423 0.576644
0.267179 0.914535
0.269669 0.605857
0.270374 0.593061
0.275759 0.793902
0.278371 0.947887
0.278915 0.214998
0.279672 0.037658
0.280915 0.177938
0.281663 0.921028
0.285382 0.538687
0.285382 0.904213
0.288938 0.99263
0.291366 0.7177
0.291998 0.856631
0.292124 0.860234
0.292976 0.0135139
0.293396 0.898354
0.293571 0.844411
0.294199 0.0368409
0.295029 0.49794
0.296388 0.989448
0.297833 0.903954
0.29787 0.737496
0.297896 0.830887
0.29963 0.713803
0.299667 0.857836
0.29985 0.694099
0.300032 0.472519
0.30191 0.895195
0.30247 0.869167
0.30272 0.582245
0.303451 0.729872
0.304108 0.522296
0.304283 0.0435087
0.305232 0.836186
0.306102 0.33345
0.306137 0.814862
0.308941 0.941936
0.312002 0.863552
0.312509 0.809384
0.31779 0.173661
0.318483 0.321695
0.318817 0.445127
0.318929 0.901738
0.322257 0.148899
0.325715 0.972675
0.326787 0.842949
0.328983 0.274839
0.329439 0.516166
0.32988 0.501242
0.331677 0.496558
0.334542 0.0363482
0.335232 0.48688
0.335396 0.988411
0.337152 0.0380558
0.337185 0.453646
0.338338 0.483584
0.339978 0.993117
0.340259 0.0889325
0.34048 0.0217697
0.340621 0.784468
0.343025 0.777172
0.343772 0.660094
0.343853 0.852426
0.34395 0.0655277
0.345064 0.049799
0.347459 0.29369
0.347938 0.644615
0.350578 0.989531
0.352713 0.00693435
0.354251 0.047838
0.355616 0.124308
0.357197 0.9595
0.357452 0.681685
0.358261 0.225272
0.359006 0.0204307
0.359067 0.80715
0.3592 0.185687
0.359736 0.024359
0.360079 0.412593
0.361625 0.99598
0.363346 0.97593
0.364236 0.930041
0.364254 0.60656
0.364561 0.588872
0.365135 0.483233
0.367814 0.975687
0.369057 0.213837
0.371765 0.570252
0.371993 0.787269
0.372963 0.442586
0.373187 0.110333
0.37429 0.113136
0.377586 0.00351979
0.377596 0.015001
0.378727 0.328967
0.380204 0.889398
0.38157 0.730439
0.381801 0.283208
0.381992 0.717014
0.382176 0.0171831
0.382518 0.885927
0.382988 0.871982
0.384121 0.957192
0.38444 0.920993
0.386036 0.772729
0.386173 0.250093
0.386737 0.0485292
0.386802 0.695934
0.387931 0.480657
0.391311 0.0484513
0.391492 0.00784177
0.393079 0.68678
0.393574 0.0950024
0.395063 0.766356
0.395857 0.838378
0.39666 0.328411
0.397349 0.472565
0.397368 0.871771
0.399659 0.987064
0.400444 0.19696
0.402697 0.0251949
0.40271 0.914937
0.403039 0.831082
0.403792 0.748678
0.404153 0.2575
0.40691 0.102889
0.40843 0.783571
0.408842 0.889158
0.409886 0.730206
0.410206 0.900765
0.411353 0.0736965
0.412684 0.894736
0.413537 0.668129
0.416604 0.211583
0.416723 0.999849
0.41777 0.534339
0.42051 0.211295
0.42093 0.98247
0.421132 0.781343
0.422012 0.860289
0.422273 0.0683203
0.424231 0.183894
0.42884 0.955376
0.432209 0.165531
0.432378 0.111941
0.432767 0.77645
0.432844 0.201444
0.433621 0.183925
0.434562 0.529146
0.436815 0.918387
0.437853 0.853467
0.441521 0.96724
0.441771 0.975532
0.442534 0.0545731
0.444972 0.00758262
0.447431 0.352355
0.44767 0.964109
0.449136 0.656489
0.44946 0.942777
0.450235 0.160906
0.450989 0.964526
0.452997 0.0932745
0.454462 0.711571
0.455754 0.689947
0.456342 0.761708
0.459456 0.625493
0.461401 0.211219
0.461409 0.67608
0.461524 0.878196
0.462174 0.0640225
0.462842 0.569621
0.463234 0.0943696
0.465023 0.828908
0.465836 0.562196
0.46609 0.791803
0.467442 0.99902
0.469369 0.13358
0.469494 0.20062
0.469618 0.417259
0.469831 0.981879
0.470773 0.728394
0.472172 0.239472
0.472586 0.886276
0.472904 0.748976
0.473065 0.194803
0.476072 0.0342702
0.47642 0.168085
0.478927 0.0464331
0.48107 0.182464
0.484284 0.324312
0.485276 0.177936
0.48766 0.557485
0.48914 0.734257
0.49052 0.0679748
0.498238 0.0168035
0.499738 0.0391337
0.500355 0.508023
0.503707 0.979465
0.504687 0.126585
0.505018 0.605526
0.506202 0.618544
0.507092 0.722938
0.507309 0.822348
0.509483 0.307471
0.50997 0.0909525
0.510361 0.870599
0.510937 0.609119
0.511776 0.683815
0.513303 0.841761
0.514424 0.295964
0.515179 0.0425895
0.51563 0.819353
0.516962 0.919576
0.520105 0.162958
0.521419 0.117066
0.522719 0.288675
0.525384 0.228678
0.52883 0.67223
0.530722 0.602577
0.531056 0.271499
0.532732 0.00321005
0.53343 0.983368
0.536935 0.59573
0.536953 0.399196
0.537715 0.161651
0.537913 0.965781
0.538529 0.536676
0.541597 0.731127
0.544235 0.115197
0.545081 0.0361576
0.545304 0.643523
0.545656 0.643493
0.547768 0.979639
0.548801 0.156597
0.54912 0.0116758
0.549919 0.145692
0.552471 0.142246
0.552605 0.763106
0.552868 0.962376
0.553236 0.988419
0.559331 0.0159338
0.561434 0.573049
0.561912 0.998633
0.56279 0.028804
0.563267 0.813044
0.564098 0.569489
0.566829 0.643423
0.567868 0.00376722
0.568645 0.44542
0.568747 0.756841
0.574264 0.163266
0.574323 0.0056486
0.575712 0.142136
0.577629 0.131048
0.579927 0.244753
0.581379 0.751284
0.583353 0.0216081
0.584518 0.536152
0.584925 0.0185985
0.585053 0.90387
0.585586 0.903645
0.585998 0.709917
0.587175 0.630039
0.587332 0.0523632
0.588249 0.541464
0.589319 0.0818272
0.58946 0.0698177
0.591849 0.957621
0.593874 0.0288139
0.5949 0.161213
0.595839 0.987994
0.597689 0.235876
0.597841 0.222521
0.598241 0.704178
0.603859 0.117626
0.604644 0.0833349
0.604807 0.0935011
0.604917 0.686392
0.606848 0.876585
0.607049 0.998061
0.608996 0.850609
0.610066 0.082833
0.61161 0.535542
0.612532 0.127678
0.613545 0.0392221
0.616512 0.994651
0.616614 0.108945
0.61683 0.9765
0.618321 0.0397946
0.618692 0.429828
0.620622 0.0138328
0.623383 0.953775
0.624092 0.0212368
0.624214 0.396318
0.624366 0.664776
0.624414 0.09032
0.624425 0.28484
0.624784 0.0863303
0.626048 0.74035
0.627745 0.115492
0.629375 0.280263
0.630667 0.0220769
0.631194 0.946592
0.633446 0.366356
0.636683 0.734264
0.6371 0.933054
0.637124 0.434669
0.639431 0.220846
0.641872 0.166353
0.64678 0.396782
0.646848 0.1359
0.648972 0.939188
0.649021 0.055636
0.651074 0.388348
0.65394 0.360422
0.654188 0.0243994
0.659224 0.0695258
0.659589 0.0771009
0.65979 0.265544
0.662673 0.029799
0.66326 0.923993
0.663518 0.105697
0.663541 0.82241
0.666083 0.0692615
0.667536 0.682206
0.672784 0.997191
0.672849 0.651756
0.673656 0.909525
0.674613 0.0942282
0.675147 0.596555
0.676189 0.32958
0.676463 0.162114
0.677159 0.0302607
0.678055 0.813329
0.680076 0.320594
0.680862 0.229805
0.681943 0.107673
0.68295 0.875911
0.687836 0.0557863
0.689817 0.223525
0.691345 0.196892
0.693536 0.802624
0.694814 0.793288
0.69678 0.281951
0.698343 0.8565
0.699233 0.0842427
0.699605 0.272895
0.699959 0.0879056
0.701135 0.980909
0.703041 0.379289
0.703846 0.507616
0.703885 0.907625
0.705048 0.502845
0.705892 0.311866
0.70608 0.140829
0.707938 0.0800737
0.708253 0.259569
0.708864 0.558301
0.708953 0.115173
0.711196 0.873806
0.71323 0.665617
0.713645 0.791772
0.715383 0.369869
0.719129 0.00732867
0.719235 0.124162
0.719853 0.369363
0.722169 0.99035
0.722563 0.420937
0.722631 0.0494831
0.723165 0.789144
0.723783 0.0407747
0.724543 0.233389
0.724653 0.523918
0.726307 0.719246
0.72781 0.32962
0.728289 0.716373
0.729754 0.501782
0.730017 0.00312967
0.730235 0.0636044
0.730368 0.641089
0.730392 0.151754
0.732494 0.982011
0.732561 0.482531
0.732595 0.326601
0.733009 0.0979127
0.733263 0.0730542
0.73423 0.223579
0.737107 0.174909
0.737844 0.84543
0.738892 0.481407
0.739465 0.769296
0.740701 0.827719
0.740794 0.316085
0.742441 0.891829
0.742597 0.0807341
0.744677 0.0916974
0.74517 0.178512
0.747158 0.0726874
0.747919 0.0261983
0.749485 0.0196125
0.750138 0.745548
0.752124 0.349513
0.753159 0.565486
0.753308 0.388605
0.753378 0.992182
0.753549 0.825452
0.754738 0.0540212
0.756099 0.139174
0.756762 0.448086
0.757272 0.0415393
0.759008 0.786793
0.759171 0.920675
0.760058 0.436825
0.760321 0.732896
0.761649 0.25124
0.762728 0.425002
0.763412 0.373061
0.764202 0.816062
0.764608 0.242726
0.767017 0.382975
0.76709 0.54792
0.767608 0.981446
0.76951 0.547299
0.771099 0.230759
0.773076 0.0628609
0.773454 0.261909
0.773742 0.339623
0.773811 0.604076
0.774034 0.811117
0.77612 0.531704
0.777715 0.0137857
0.778025 0.103464
0.778898 0.117277
0.779948 0.0833508
0.780074 0.730554
0.780348 0.259855
0.78049 0.0324815
0.780763 0.914131
0.781266 0.0244762
0.781846 0.141519
0.782056 0.291194
0.782546 0.0546278
0.78415 0.360274
0.785661 0.952044
0.787113 0.839212
0.787509 0.112631
0.789923 0.024431
0.790052 0.222026
0.792968 0.156983
0.793835 0.586369
0.796164 0.771712
0.797292 0.207259
0.797481 0.949567
0.797523 0.195539
0.797617 0.255684
0.798098 0.0612825
0.798273 0.326855
0.79849 0.164994
0.798876 0.0520515
0.800251 0.763546
0.800485 0.353764
0.80072 0.989709
0.801246 0.332224
0.801625 0.453314
0.802288 0.835412
0.804481 0.936559
0.805025 0.160249
0.805784 0.794828
0.806715 0.0511711
0.809519 0.0304941
0.809824 0.76938
0.81203 0.658914
0.815478 0.036828
0.815689 0.254056
0.81607 0.278852
0.816406 0.20169
0.817577 0.966857
0.818338 0.925258
0.818443 0.96275
0.819854 0.141525
0.820941 0.764459
0.822392 0.110385
0.823091 0.259714
0.826824 0.0628886
0.828515 0.355719
0.828945 0.156991
0.829662 0.135853
0.830787 0.291971
0.831353 0.911906
0.831684 0.186675
0.832533 0.116946
0.832542 0.236489
0.83311 0.184932
0.834048 0.5558
0.834704 0.114271
0.834719 0.977417
0.835284 0.691426
0.83623 0.494515
0.837663 0.446942
0.839821 0.58368
0.840522 0.818318
0.840771 0.26658
0.841043 0.895905
0.841594 0.282152
0.841871 0.0730068
0.841896 0.150668
0.842286 0.0975163
0.844072 0.720329
0.844828 0.0936173
0.845166 0.804685
0.845515 0.261972
0.847057 0.0349788
0.847157 0.321856
0.847774 0.458118
0.848258 0.492376
0.848654 0.201936
0.849206 0.581851
0.84931 0.163638
0.849887 0.8496
0.850044 0.906562
0.850198 0.625225
0.850252 0.425578
0.850589 0.412636
0.853944 0.894917
0.855411 0.0969582
0.855621 0.019339
0.855686 0.356817
0.855737 0.220047
0.855828 0.984238
0.85641 0.34821
0.856467 0.296075
0.856866 0.151207
0.857546 0.102696
0.859109 0.173755
0.859558 0.424776
0.859796 0.24705
0.859861 0.000560789
0.860875 0.374409
0.861864 0.272158
0.861985 0.169888
0.865045 0.170522
0.865078 0.847403
0.865745 0.21288
0.867749 0.034178
0.868202 0.334729
0.869064 0.0732622
0.869547 0.477236
0.869555 0.207239
0.872423 0.598201
0.872546 0.0613116
0.872612 0.472421
0.872662 0.0922005
0.873502 0.353362
0.873774 0.147792
0.875644 0.710822
0.876774 0.760313
0.877007 0.995615
0.877368 0.143411
0.878417 0.146542
0.878787 0.532417
0.878891 0.204717
0.880155 0.468389
0.881743 0.143128
0.881843 0.688871
0.884178 0.983785
0.884367 0.349851
0.884895 0.167436
0.885843 0.034087
0.886336 0.272122
0.886679 0.447551
0.889658 0.020221
0.891138 0.568511
0.891513 0.0862164
0.892703 0.16119
0.89289 0.676496
0.893679 0.209535
0.893987 0.277349
0.895046 0.666089
0.896879 0.121581
0.898984 0.286947
0.901983 0.895562
0.902405 0.205665
0.903009 0.796648
0.903428 0.839284
0.90363 0.398802
0.907805 0.388633
0.907837 0.780486
0.90983 0.376753
0.910089 0.22116
0.910537 0.392678
0.910637 0.151088
0.910937 0.0771614
0.912068 0.135805
0.912965 0.077031
0.913678 0.847149
0.914016 0.0950684
0.914623 0.150875
0.914645 0.681506
0.914737 0.467089
0.915315 0.708856
0.915418 0.554254
0.915566 0.244294
0.918082 0.304204
0.919363 0.812673
0.919461 0.389818
0.922415 0.88938
0.922608 0.259452
0.924906 0.860665
0.925234 0.808297
0.925899 0.762259
0.925986 0.119864
0.92635 0.466541
0.926602 0.206731
0.927819 0.6581
0.927871 0.0787873
0.928229 0.220289
0.928766 0.32145
0.929208 0.0901572
0.930122 0.530433
0.93232 0.841882
0.933462 0.0648744
0.934605 0.0038176
0.934871 0.0806358
0.936011 0.494754
0.93716 0.744948
0.937214 0.284289
0.93725 0.0414752
0.939768 0.451009
0.941003 0.185369
0.941048 0.079451
0.941603 0.380577
0.94255 0.642789
0.944786 0.277728
0.946541 0.160601
0.947341 0.0346826
0.947859 0.0803949
0.948594 0.610079
0.949008 0.164051
0.950173 0.528348
0.950874 0.999131
0.950949 0.255311
0.952471 0.788167
0.953232 0.497394
0.95349 0.777174
0.956179 0.752418
0.956614 0.697346
0.958986 0.0332164
0.959127 0.0832812
0.959176 0.727171
0.959244 0.832478
0.959956 0.55591
0.96029 0.242462
0.960484 0.72157
0.961154 0.805851
0.96141 0.141039
0.962044 0.669529
0.96231 0.060641
0.963376 0.0535508
0.963562 0.309608
0.965037 0.0310996
0.965299 0.100194
0.965758 0.0701854
0.966629 0.259531
0.966854 0.0427657
0.967239 0.652418
0.968798 0.213338
0.96958 0.185587
0.971982 0.953776
0.972245 0.910984
0.972469 0.471462
0.973034 0.0126021
0.973212 0.427108
0.974136 0.909837
0.974294 0.466446
0.974525 0.312934
0.97454 0.225377
0.975325 0.37991
0.976242 0.239842
0.976358 0.414868
0.976678 0.239731
0.976821 0.752353
0.977894 0.56098
0.978495 0.152005
0.978589 0.796455
0.979535 0.533801
0.980928 0.553968
0.981592 0.363989
0.982828 0.554516
0.985523 0.160238
0.985598 0.105571
0.985971 0.0746273
0.986606 0.173054
0.987055 0.479883
0.987128 0.268993
0.988686 0.105243
0.989834 0.033254
0.990125 0.720161
0.990266 0.0633141
0.99028 0.624269
0.99329 0.370221
0.993875 0.317265
0.994151 0.552847
0.994751 0.375577
0.995557 0.866982
0.995731 0.785219
0.995792 0.363415
0.996383 0.852994
0.996847 0.304126
0.997925 0.319283
0.999083 0.548251
0.999199 0.801422
0.999286 0.6138
2.80203e-05 0.24256
0.000360462 0.967394
0.00127862 0.394243
0.00196715 0.176325
0.00208882 0.496752
0.00463764 0.838403
0.00569251 0.639781
0.00667143 0.165041
0.00688077 0.391631
0.00694693 0.558394
0.00705408 0.200136
0.00761356 0.622875
0.00942477 0.55539
0.0102093 0.162314
0.0104702 0.284072
0.0105177 0.351129
0.0108099 0.406554
0.0109048 0.192176
0.0118914 0.960896
0.0137135 0.613135
0.0140404 0.344811
0.0144206 0.910473
0.015534 0.344072
0.0165695 0.379976
0.017667 0.37402
0.0183156 0.660567
0.0197178 0.602829
0.0202168 0.835958
0.0209834 0.445949
0.0216614 0.896002
0.0220146 0.554522
0.0238197 0.663819
0.024801 0.533182
0.0250101 0.0385593
0.0251818 0.351453
0.026043 0.408422
0.0269112 0.80348
0.0275754 0.158791
0.0281343 0.861281
0.0283767 0.381457
0.0284133 0.604626
0.0285175 0.340068
0.0287207 0.973008
0.0320725 0.637835
0.0337966 0.153065
0.0343705 0.756836
0.0354656 0.605923
0.0361941 0.825158
0.0361942 0.939531
0.0367385 0.89323
0.0371432 0.577498
0.0379437 0.117018
0.0391668 0.926316
0.0395089 0.520589
0.0399176 0.545217
0.0401577 0.513907
0.0421518 0.0332921
0.0422802 0.510798
0.0428728 0.791831
0.0429541 0.362106
0.0434075 0.941558
0.0446334 0.958343
0.0454112 0.831881
0.0459049 0.730431
0.0462692 0.325344
0.0485732 0.328146
0.0488031 0.463368
0.0490707 0.672554
0.0512718 0.5278
0.0513332 0.971147
0.0521665 0.745134
0.0525774 0.549813
0.0534825 0.822508
0.057037 0.912925
0.0577684 0.879592
0.057967 0.678667
0.0606058 0.103146
0.0611689 0.78098
0.0611789 0.826058
0.0618653 0.805735
0.0623432 0.755033
0.0624499 0.644387
0.0648296 0.276564
0.0664878 0.975898
0.0675632 0.858494
0.0697618 0.477071
0.0711299 0.885958
0.0712167 0.742815
0.0713144 0.529465
0.0740217 0.358307
0.0761156 0.84317
0.0792847 0.616933
0.0798365 0.841162
0.0808463 0.46631
0.0811009 0.794183
0.081913 0.00254063
0.0820268 0.561643
0.0837294 0.198134
0.0851928 0.369564
0.0855614 0.320399
0.0856103 0.725726
0.0859791 0.81278
0.0861678 0.529239
0.0864517 0.636904
0.0885013 0.806925
0.0898055 0.520548
0.0902412 0.720084
0.0909684 0.405847
0.0921055 0.808306
0.0921192 0.541967
0.0921381 0.806343
0.0928231 0.507188
0.0933027 0.845956
0.0935407 0.695993
0.0943893 0.692164
0.0945889 0.118742
0.0963423 0.471461
0.0965545 0.819621
0.096942 0.930488
0.0990054 0.631381
0.0994445 0.647565
0.0997542 0.571821
0.100483 0.805459
0.100638 0.280928
0.101108 0.983087
0.101169 0.613684
0.10206 0.856971
0.102975 0.737141
0.10683 0.70667
0.10735 0.758871
0.107589 0.406981
0.107902 0.939637
0.108436 0.703181
0.108437 0.733828
0.108663 0.56464
0.108914 0.784533
0.110234 0.790628
0.110239 0.767077
0.11202 0.460269
0.112293 0.170589
0.113229 0.667803
0.113765 0.169789
0.114793 0.928468
0.115288 0.987514
0.116115 0.696962
0.117447 0.969066
0.117854 0.806163
0.119568 0.740331
0.119569 0.358812
0.121856 0.79247
0.122515 0.326099
0.1228 0.764656
0.123342 0.84157
0.125715 0.196423
0.126903 0.912399
0.127075 0.784394
0.127453 0.785376
0.127897 0.000885683
0.128608 0.595415
0.129778 0.825519
0.130785 0.158149
0.132511 0.57795
0.132875 0.744006
0.136132 0.616488
0.136284 0.888437
0.137711 0.921568
0.138487 0.920234
0.139384 0.985555
0.139745 0.211945
0.141992 0.678324
0.144083 0.769298
0.145458 0.909692
0.147523 0.703018
0.148387 0.0897266
0.148497 0.78558
0.148959 0.142287
0.149589 0.719748
0.150322 0.949175
0.152079 0.827992
0.152559 0.906119
0.153847 0.875444
0.156515 0.71166
0.156722 0.662908
0.156749 0.938437
0.157935 0.33734
0.158378 0.303835
0.158925 0.9675
0.159442 0.871299
0.160886 0.182808
0.161795 0.650966
0.162027 0.723472
0.16263 0.282053
0.164231 0.613435
0.164968 0.548185
0.165253 0.618223
0.167132 0.868199
0.168019 0.784899
0.168829 0.8738
0.169882 0.556041
0.171205 0.890896
0.171212 0.983253
0.173285 0.846188
0.173396 0.836093
0.173587 0.880975
0.173924 0.386486
0.173935 0.829644
0.174485 0.604172
0.174568 0.228738
0.175651 0.936927
0.177004 0.647894
0.178181 0.202215
0.178732 0.371136
0.179629 0.974459
0.180617 0.697376
0.180718 0.454638
0.182208 0.238143
0.184006 0.93428
0.184194 0.820388
0.184751 0.358364
0.184899 0.048678
0.185018 0.983564
0.18564 0.54384
0.185694 0.18515
0.186488 0.750992
0.186897 0.886365
0.189534 0.906583
0.189539 0.177203
0.18987 0.336316
0.190415 0.534495
0.190453 0.435169
0.191891 0.921379
0.191957 0.0157145
0.192358 0.68323
0.193657 0.838427
0.193697 0.864313
0.194098 0.895505
0.195682 0.908499
0.196049 0.373441
0.196119 0.651971
0.196467 0.894979
0.198496 0.883011
0.198696 0.151904
0.199255 0.685567
0.199379 0.753902
0.199427 0.427922
0.199725 0.595332
0.199959 0.707413
0.20018 0.60611
0.20057 0.963934
0.201295 0.129443
0.202246 0.83223
0.203561 0.828097
0.205171 0.305603
0.205877 0.603411
0.208026 0.979583
0.208354 0.0627156
0.209431 0.582442
0.210765 0.203955
0.213361 0.99827
0.213411 0.12335
0.214618 0.305984
0.214859 0.0430577
0.21553 0.569352
0.215551 0.961157
0.215895 0.962153
0.216098 0.140145
0.217037 0.990371
0.21863 0.132872
0.220167 0.520184
0.220839 0.597763
0.221327 0.860351
0.222304 0.918225
0.224156 0.930916
0.224212 0.283556
0.225314 0.583477
0.225705 0.904984
0.227875 0.621725
0.227902 0.102624
0.227945 0.543753
0.228483 0.904711
0.229186 0.94871
0.229487 0.75264
0.229736 0.6656
0.229955 0.278563
0.230269 0.859943
0.230921 0.949622
0.231529 0.581288
0.23162 0.726249
0.231751 0.426534
0.231915 0.778605
0.235131 0.691321
0.235949 0.875476
0.239613 0.610875
0.241134 0.640674
0.243348 0.553514
0.244681 0.944171
0.244682 0.534101
0.250731 0.896578
0.251242 0.92845
0.25399 0.652704
0.254302 0.239571
0.255142 0.123723
0.255439 0.726774
0.255705 0.389236
0.256994 0.589263
0.257503 0.513352
0.259186 0.886057
0.259495 0.989409
0.25999 0.112316
0.261546 0.154395
0.264423 0.576644
0.267179 0.914535
0.269669 0.605857
0.270374 0.593061
0.275759 0.793902
0.278371 0.947887
0.278915 0.214998
0.279672 0.037658
0.280915 0.177938
0.281663 0.921028
0.285382 0.538687
0.285382 0.904213
0.288938 0.99263
0.291366 0.7177
0.291998 0.856631
0.292124 0.860234
0.292976 0.0135139
0.293396 0.898354
0.293571 0.844411
0.294199 0.0368409
0.295029 0.49794
0.296388 0.989448
0.297833 0.903954
0.29787 0.737496
0.297896 0.830887
0.29963 0.713803
0.299667 0.857836
0.29985 0.694099
0.300032 0.472519
0.30191 0.895195
0.30247 0.869167
0.30272 0.582245
0.303451 0.729872
0.304108 0.522296
0.304283 0.0435087
0.305232 0.836186
0.306102 0.33345
0.306137 0.814862
0.308941 0.941936
0.312002 0.863552
0.312509 0.809384
0.31779 0.173661
0.318483 0.321695
0.318817 0.445127
0.318929 0.901738
0.322257 0.148899
0.325715 0.972675
0.326787 0.842949
0.328983 0.274839
0.329439 0.516166
0.32988 0.501242
0.331677 0.496558
0.334542 0.0363482
0.335232 0.48688
0.335396 0.988411
0.337152 0.0380558
0.337185 0.453646
0.338338 0.483584
0.339978 0.993117
0.340259 0.0889325
0.34048 0.0217697
0.340621 0.784468
0.343025 0.777172
0.343772 0.660094
0.343853 0.852426
0.34395 0.0655277
0.345064 0.049799
0.347459 0.29369
0.347938 0.644615
0.350578 0.989531
0.352713 0.00693435
0.354251 0.047838
0.355616 0.124308
0.357197 0.9595
0.357452 0.681685
0.358261 0.225272
0.359006 0.0204307
0.359067 0.80715
0.3592 0.185687
0.359736 0.024359
0.360079 0.412593
0.361625 0.99598
0.363346 0.97593
0.364236 0.930041
0.364254 0.60656
0.364561 0.588872
0.365135 0.483233
0.367814 0.975687
0.369057 0.213837
0.371765 0.570252
0.371993 0.787269
0.372963 0.442586
0.373187 0.110333
0.37429 0.113136
0.377586 0.00351979
0.377596 0.015001
0.378727 0.328967
0.380204 0.889398
0.38157 0.730439
0.381801 0.283208
0.381992 0.717014
0.382176 0.0171831
0.382518 0.885927
0.382988 0.871982
0.384121 0.957192
0.38444 0.920993
0.386036 0.772729
0.386173 0.250093
0.386737 0.0485292
0.386802 0.695934
0.387931 0.480657
0.391311 0.0484513
0.391492 0.00784177
0.393079 0.68678
0.393574 0.0950024
0.395063 0.766356
0.395857 0.838378
0.39666 0.328411
0.397349 0.472565
0.397368 0.871771
0.399659 0.987064
0.400444 0.19696
0.402697 0.0251949
0.40271 0.914937
0.403039 0.831082
0.403792 0.748678
0.404153 0.2575
0.40691 0.102889
0.40843 0.783571
0.408842 0.889158
0.409886 0.730206
0.410206 0.900765
0.411353 0.0736965
0.412684 0.894736
0.413537 0.668129
0.416604 0.211583
0.416723 0.999849
0.41777 0.534339
0.42051 0.211295
0.42093 0.98247
0.421132 0.781343
0.422012 0.860289
0.422273 0.0683203
0.424231 0.183894
0.42884 0.955376
0.432209 0.165531
0.432378 0.111941
0.432767 0.77645
0.432844 0.201444
0.433621 0.183925
0.434562 0.529146
0.436815 0.918387
0.437853 0.853467
0.441521 0.96724
0.441771 0.975532
0.442534 0.0545731
0.444972 0.00758262
0.447431 0.352355
0.44767 0.964109
0.449136 0.656489
0.44946 0.942777
0.450235 0.160906
0.450989 0.964526
0.452997 0.0932745
0.454462 0.711571
0.455754 0.689947
0.456342 0.761708
0.459456 0.625493
0.461401 0.211219
0.461409 0.67608
0.461524 0.878196
0.462174 0.0640225
0.462842 0.569621
0.463234 0.0943696
0.465023 0.828908
0.465836 0.562196
0.46609 0.791803
0.467442 0.99902
0.469369 0.13358
0.469494 0.20062
0.469618 0.417259
0.469831 0.981879
0.470773 0.728394
0.472172 0.239472
0.472586 0.886276
0.472904 0.748976
0.473065 0.194803
0.476072 0.0342702
0.47642 0.168085
0.478927 0.0464331
0.48107 0.182464
0.484284 0.324312
0.485276 0.177936
0.48766 0.557485
0.48914 0.734257
0.49052 0.0679748
0.498238 0.0168035
0.499738 0.0391337
0.500355 0.508023
0.503707 0.979465
0.504687 0.126585
0.505018 0.605526
0.506202 0.618544
0.507092 0.722938
0.507309 0.822348
0.509483 0.307471
0.50997 0.0909525
0.510361 0.870599
0.510937 0.609119
0.511776 0.683815
0.513303 0.841761
0.514424 0.295964
0.515179 0.0425895
0.51563 0.819353
0.516962 0.919576
0.520105 0.162958
0.521419 0.117066
0.522719 0.288675
0.525384 0.228678
0.52883 0.67223
0.530722 0.602577
0.531056 0.271499
0.532732 0.00321005
0.53343 0.983368
0.536935 0.59573
0.536953 0.399196
0.537715 0.161651
0.537913 0.965781
0.538529 0.536676
0.541597 0.731127
0.544235 0.115197
0.545081 0.0361576
0.545304 0.643523
0.545656 0.643493
0.547768 0.979639
0.548801 0.156597
0.54912 0.0116758
0.549919 0.145692
0.552471 0.142246
0.552605 0.763106
0.552868 0.962376
0.553236 0.988419
0.559331 0.0159338
0.561434 0.573049
0.561912 0.998633
0.56279 0.028804
0.563267 0.813044
0.564098 0.569489
0.566829 0.643423
0.567868 0.00376722
0.568645 0.44542
0.568747 0.756841
0.574264 0.163266
0.574323 0.0056486
0.575712 0.142136
0.577629 0.131048
0.579927 0.244753
0.581379 0.751284
0.583353 0.0216081
0.584518 0.536152
0.584925 0.0185985
0.585053 0.90387
0.585586 0.903645
0.585998 0.709917
0.587175 0.630039
0.587332 0.0523632
0.588249 0.541464
0.589319 0.0818272
0.58946 0.0698177
0.591849 0.957621
0.593874 0.0288139
0.5949 0.161213
0.595839 0.987994
0.597689 0.235876
0.597841 0.222521
0.598241 0.704178
0.603859 0.117626
0.604644 0.0833349
0.604807 0.0935011
0.604917 0.686392
0.606848 0.876585
0.607049 0.998061
0.608996 0.850609
0.610066 0.082833
0.61161 0.535542
0.612532 0.127678
0.613545 0.0392221
0.616512 0.994651
0.616614 0.108945
0.61683 0.9765
0.618321 0.0397946
0.618692 0.429828
0.620622 0.0138328
0.623383 0.953775
0.624092 0.0212368
0.624214 0.396318
0.624366 0.664776
0.624414 0.09032
0.624425 0.28484
0.624784 0.0863303
0.626048 0.74035
0.627745 0.115492
0.629375 0.280263
0.630667 0.0220769
0.631194 0.946592
0.633446 0.366356
0.636683 0.734264
0.6371 0.933054
0.637124 0.434669
0.639431 0.220846
0.641872 0.166353
0.64678 0.396782
0.646848 0.1359
0.648972 0.939188
0.649021 0.055636
0.651074 0.388348
0.65394 0.360422
0.654188 0.0243994
0.659224 0.0695258
0.659589 0.0771009
0.65979 0.265544
0.662673 0.029799
0.66326 0.923993
0.663518 0.105697
0.663541 0.82241
0.666083 0.0692615
0.667536 0.682206
0.672784 0.997191
0.672849 0.651756
0.673656 0.909525
0.674613 0.0942282
0.675147 0.596555
0.676189 0.32958
0.676463 0.162114
0.677159 0.0302607
0.678055 0.813329
0.680076 0.320594
0.680862 0.229805
0.681943 0.107673
0.68295 0.875911
0.687836 0.0557863
0.689817 0.223525
0.691345 0.196892
0.693536 0.802624
0.694814 0.793288
0.69678 0.281951
0.698343 0.8565
0.699233 0.0842427
0.699605 0.272895
0.699959 0.0879056
0.701135 0.980909
0.703041 0.379289
0.703846 0.507616
0.703885 0.907625
0.705048 0.502845
0.705892 0.311866
0.70608 0.140829
0.707938 0.0800737
0.708253 0.259569
0.708864 0.558301
0.708953 0.115173
0.711196 0.873806
0.71323 0.665617
0.713645 0.791772
0.715383 0.369869
0.719129 0.00732867
0.719235 0.124162
0.719853 0.369363
0.722169 0.99035
0.722563 0.420937
0.722631 0.0494831
0.723165 0.789144
0.723783 0.0407747
0.724543 0.233389
0.724653 0.523918
0.726307 0.719246
0.72781 0.32962
0.728289 0.716373
0.729754 0.501782
0.730017 0.00312967
0.730235 0.0636044
0.730368 0.641089
0.730392 0.151754
0.732494 0.982011
0.732561 0.482531
0.732595 0.326601
0.733009 0.0979127
0.733263 0.0730542
0.73423 0.223579
0.737107 0.174909
0.737844 0.84543
0.738892 0.481407
0.739465 0.769296
0.740701 0.827719
0.740794 0.316085
0.742441 0.891829
0.742597 0.0807341
0.744677 0.0916974
0.74517 0.178512
0.747158 0.0726874
0.747919 0.0261983
0.749485 0.0196125
0.750138 0.745548
0.752124 0.349513
0.753159 0.565486
0.753308 0.388605
0.753378 0.992182
0.753549 0.825452
0.754738 0.0540212
0.756099 0.139174
0.756762 0.448086
0.757272 0.0415393
0.759008 0.786793
0.759171 0.920675
0.760058 0.436825
0.760321 0.732896
0.761649 0.25124
0.762728 0.425002
0.763412 0.373061
0.764202 0.816062
0.764608 0.242726
0.767017 0.382975
0.76709 0.54792
0.767608 0.981446
0.76951 0.547299
0.771099 0.230759
0.773076 0.0628609
0.773454 0.261909
0.773742 0.339623
0.773811 0.604076
0.774034 0.811117
0.77612 0.531704
0.777715 0.0137857
0.778025 0.103464
0.778898 0.117277
0.779948 0.0833508
0.780074 0.730554
0.780348 0.259855
0.78049 0.0324815
0.780763 0.914131
0.781266 0.0244762
0.781846 0.141519
0.782056 0.291194
0.782546 0.0546278
0.78415 0.360274
0.785661 0.952044
0.787113 0.839212
0.787509 0.112631
0.789923 0.024431
0.790052 0.222026
0.792968 0.156983
0.793835 0.586369
0.796164 0.771712
0.797292 0.207259
0.797481 0.949567
0.797523 0.195539
0.797617 0.255684
0.798098 0.0612825
0.798273 0.326855
0.79849 0.164994
0.798876 0.0520515
0.800251 0.763546
0.800485 0.353764
0.80072 0.989709
0.801246 0.332224
0.801625 0.453314
0.802288 0.835412
0.804481 0.936559
0.805025 0.160249
0.805784 0.794828
0.806715 0.0511711
0.809519 0.0304941
0.809824 0.76938
0.81203 0.658914
0.815478 0.036828
0.815689 0.254056
0.81607 0.278852
0.816406 0.20169
0.817577 0.966857
0.818338 0.925258
0.818443 0.96275
0.819854 0.141525
0.820941 0.764459
0.822392 0.110385
0.823091 0.259714
0.826824 0.0628886
0.828515 0.355719
0.828945 0.156991
0.829662 0.135853
0.830787 0.291971
0.831353 0.911906
0.831684 0.186675
0.832533 0.116946
0.832542 0.236489
0.83311 0.184932
0.834048 0.5558
0.834704 0.114271
0.834719 0.977417
0.835284 0.691426
0.83623 0.494515
0.837663 0.446942
0.839821 0.58368
0.840522 0.818318
0.840771 0.26658
0.841043 0.895905
0.841594 0.282152
0.841871 0.0730068
0.841896 0.150668
0.842286 0.0975163
0.844072 0.720329
0.844828 0.0936173
0.845166 0.804685
0.845515 0.261972
0.847057 0.0349788
0.847157 0.321856
0.847774 0.458118
0.848258 0.492376
0.848654 0.201936
0.849206 0.581851
0.84931 0.163638
0.849887 0.8496
0.850044 0.906562
0.850198 0.625225
0.850252 0.425578
0.850589 0.412636
0.853944 0.894917
0.855411 0.0969582
0.855621 0.019339
0.855686 0.356817
0.855737 0.220047
0.855828 0.984238
0.85641 0.34821
0.856467 0.296075
0.856866 0.151207
0.857546 0.102696
0.859109 0.173755
0.859558 0.424776
0.859796 0.24705
0.859861 0.000560789
0.860875 0.374409
0.861864 0.272158
0.861985 0.169888
0.865045 0.170522
0.865078 0.847403
0.865745 0.21288
0.867749 0.034178
0.868202 0.334729
0.869064 0.0732622
0.869547 0.477236
0.869555 0.207239
0.872423 0.598201
0.872546 0.0613116
0.872612 0.472421
0.872662 0.0922005
0.873502 0.353362
0.873774 0.147792
0.875644 0.710822
0.876774 0.760313
0.877007 0.995615
0.877368 0.143411
0.878417 0.146542
0.878787 0.532417
0.878891 0.204717
0.880155 0.468389
0.881743 0.143128
0.881843 0.688871
0.884178 0.983785
0.884367 0.349851
0.884895 0.167436
0.885843 0.034087
0.886336 0.272122
0.886679 0.447551
0.889658 0.020221
0.891138 0.568511
0.891513 0.0862164
0.892703 0.16119
0.89289 0.676496
0.893679 0.209535
0.893987 0.277349
0.895046 0.666089
0.896879 0.121581
0.898984 0.286947
0.901983 0.895562
0.902405 0.205665
0.903009 0.796648
0.903428 0.839284
0.90363 0.398802
0.907805 0.388633
0.907837 0.780486
0.90983 0.376753
0.910089 0.22116
0.910537 0.392678
0.910637 0.151088
0.910937 0.0771614
0.912068 0.135805
0.912965 0.077031
0.913678 0.847149
0.914016 0.0950684
0.914623 0.150875
0.914645 0.681506
0.914737 0.467089
0.915315 0.708856
0.915418 0.554254
0.915566 0.244294
0.918082 0.304204
0.919363 0.812673
0.919461 0.389818
0.922415 0.88938
0.922608 0.259452
0.924906 0.860665
0.925234 0.808297
0.925899 0.762259
0.925986 0.119864
0.92635 0.466541
0.926602 0.206731
0.927819 0.6581
0.927871 0.0787873
0.928229 0.220289
0.928766 0.32145
0.929208 0.0901572
0.930122 0.530433
0.93232 0.841882
0.933462 0.0648744
0.934605 0.0038176
0.934871 0.0806358
0.936011 0.494754
0.93716 0.744948
0.937214 0.284289
0.93725 0.0414752
0.939768 0.451009
0.941003 0.185369
0.941048 0.079451
0.941603 0.380577
0.94255 0.642789
0.944786 0.277728
0.946541 0.160601
0.947341 0.0346826
0.947859 0.0803949
0.948594 0.610079
0.949008 0.164051
0.950173 0.528348
0.950874 0.999131
0.950949 0.255311
0.952471 0.788167
0.953232 0.497394
0.95349 0.777174
0.956179 0.752418
0.956614 0.697346
0.958986 0.0332164
0.959127 0.0832812
0.959176 0.727171
0.959244 0.832478
0.959956 0.55591
0.96029 0.242462
0.960484 0.72157
0.961154 0.805851
0.96141 0.141039
0.962044 0.669529
0.96231 0.060641
0.963376 0.0535508
0.963562 0.309608
0.965037 0.0310996
0.965299 0.100194
0.965758 0.0701854
0.966629 0.259531
0.966854 0.0427657
0.967239 0.652418
0.968798 0.213338
0.96958 0.185587
0.971982 0.953776
0.972245 0.910984
0.972469 0.471462
0.973034 0.0126021
0.973212 0.427108
0.974136 0.909837
0.974294 0.466446
0.974525 0.312934
0.97454 0.225377
0.975325 0.37991
0.976242 0.239842
0.976358 0.414868
0.976678 0.239731
0.976821 0.752353
0.977894 0.56098
0.978495 0.152005
0.978589 0.796455
0.979535 0.533801
0.980928 0.553968
0.981592 0.363989
0.982828 0.554516
0.985523 0.160238
0.985598 0.105571
0.985971 0.0746273
0.986606 0.173054
0.987055 0.479883
0.987128 0.268993
0.988686 0.105243
0.989834 0.033254
0.990125 0.720161
0.990266 0.0633141
0.99028 0.624269
0.99329 0.370221
0.993875 0.317265
0.994151 0.552847
0.994751 0.375577
0.995557 0.866982
0.995731 0.785219
0.995792 0.363415
0.996383 0.852994
0.996847 0.304126
0.997925 0.319283
0.999083 0.548251
0.999199 0.801422
0.999286 0.6138
