0.031787 0.521721
0.0326819 0.487659
0.0337323 0.488687
0.0409572 0.534292
0.0485978 0.543435
0.0551609 0.510077
0.0576395 0.547826
0.0608158 0.442949
0.0620157 0.438674
0.0639069 0.465933
0.0646808 0.459382
0.065813 0.564465
0.0665952 0.481296
0.0673584 0.555953
0.0761929 0.525285
0.0767517 0.567586
0.082415 0.518812
0.0904566 0.480412
0.098371 0.439046
0.0984372 0.54506
0.100319 0.410567
0.104912 0.421109
0.104997 0.55648
0.105167 0.511335
0.110876 0.419845
0.111412 0.414662
0.112255 0.573215
0.113892 0.43539
0.114872 0.39093
0.11612 0.397732
0.120554 0.48914
0.121297 0.545013
0.12202 0.584183
0.12349 0.378157
0.123785 0.411743
0.124349 0.524621
0.124406 0.433743
0.12585 0.431332
0.127454 0.568944
0.129828 0.447295
0.130996 0.446221
0.131034 0.471864
0.132581 0.545568
0.133196 0.371747
0.136004 0.54991
0.136966 0.587821
0.144807 0.630444
0.146419 0.585038
0.150296 0.379898
0.150858 0.466974
0.152243 0.505199
0.152845 0.379613
0.157565 0.565339
0.161173 0.377412
0.161372 0.339706
0.162234 0.536107
0.162375 0.404297
0.163047 0.428634
0.166424 0.396407
0.168013 0.562296
0.168048 0.556828
0.169361 0.404239
0.169556 0.424348
0.170088 0.505546
0.170544 0.527034
0.171938 0.450487
0.172043 0.370068
0.172813 0.33571
0.173549 0.643562
0.175114 0.497814
0.176912 0.43124
0.17818 0.444688
0.179801 0.39565
0.183558 0.352768
0.18524 0.510659
0.186567 0.636173
0.187889 0.62956
0.188989 0.391538
0.189798 0.542186
0.190865 0.484049
0.19099 0.396115
0.19192 0.380584
0.19295 0.317183
0.19312 0.406746
0.193539 0.404909
0.194562 0.482065
0.195833 0.69007
0.197012 0.406391
0.200188 0.304145
0.201549 0.304965
0.20394 0.336018
0.205084 0.323931
0.205162 0.43782
0.206113 0.69551
0.207397 0.641086
0.207489 0.395564
0.208002 0.597077
0.208605 0.352524
0.208937 0.508161
0.209345 0.484209
0.211313 0.417452
0.212184 0.459111
0.212231 0.626594
0.212421 0.490441
0.212889 0.676441
0.215255 0.292477
0.215511 0.618767
0.215711 0.297873
0.215898 0.372723
0.218103 0.321091
0.218407 0.488336
0.218599 0.694171
0.219973 0.704694
0.22049 0.376483
0.220534 0.518516
0.223152 0.415544
0.224284 0.512019
0.224429 0.591976
0.225715 0.411301
0.226819 0.485382
0.227323 0.371005
0.228634 0.2739
0.228698 0.37457
0.228845 0.57158
0.229611 0.664117
0.231026 0.704318
0.231358 0.429623
0.234497 0.525467
0.235271 0.294387
0.239045 0.468066
0.239598 0.622928
0.239699 0.72866
0.239772 0.365561
0.240299 0.496791
0.242373 0.494537
0.243451 0.574725
0.243591 0.453374
0.243767 0.470166
0.245785 0.424256
0.245931 0.477194
0.246005 0.29545
0.247427 0.321139
0.247821 0.271145
0.247932 0.308179
0.247941 0.39904
0.248446 0.7404
0.248576 0.420893
0.250002 0.361918
0.250085 0.292027
0.252328 0.701511
0.253072 0.615758
0.253868 0.728453
0.255989 0.398865
0.256459 0.435941
0.258194 0.627512
0.258406 0.545906
0.25942 0.523449
0.259581 0.602125
0.260239 0.592536
0.260651 0.346512
0.260894 0.282958
0.261102 0.280984
0.262636 0.754306
0.263449 0.378588
0.264198 0.403183
0.265494 0.588461
0.265497 0.283089
0.265639 0.431968
0.267487 0.499481
0.269159 0.765891
0.270036 0.68645
0.270885 0.26898
0.271247 0.551755
0.272533 0.296745
0.273111 0.704937
0.273404 0.262758
0.274074 0.597247
0.274911 0.654426
0.276329 0.557457
0.276483 0.437162
0.276907 0.369677
0.276943 0.491615
0.277819 0.331557
0.277954 0.729851
0.278188 0.326829
0.278398 0.393712
0.278649 0.577873
0.278663 0.237086
0.279102 0.49312
0.280702 0.42096
0.280799 0.733537
0.281104 0.380133
0.28111 0.765816
0.281305 0.776545
0.281377 0.412525
0.281546 0.369243
0.281767 0.430455
0.282875 0.291809
0.2835 0.48114
0.283736 0.476857
0.284292 0.265066
0.28494 0.713285
0.28501 0.390135
0.285553 0.696395
0.286341 0.226296
0.286904 0.4917
0.287647 0.455789
0.288582 0.745914
0.289145 0.705945
0.289716 0.713873
0.291524 0.509791
0.291603 0.354875
0.292321 0.217884
0.293122 0.579155
0.293783 0.248808
0.295688 0.372693
0.297724 0.489913
0.298031 0.244244
0.298325 0.272653
0.299258 0.276549
0.299433 0.725264
0.299812 0.750575
0.300236 0.48146
0.300259 0.4341
0.301189 0.275886
0.301341 0.50585
0.301506 0.255342
0.301913 0.348506
0.301944 0.790401
0.302916 0.499322
0.303073 0.216386
0.303312 0.790022
0.303716 0.231422
0.304711 0.448145
0.305954 0.757313
0.306802 0.748201
0.307908 0.469616
0.309178 0.80527
0.309925 0.377574
0.310379 0.311524
0.311662 0.38099
0.312059 0.559746
0.31221 0.553518
0.31318 0.514471
0.313974 0.264706
0.315111 0.410551
0.316066 0.767674
0.316429 0.638609
0.317079 0.312249
0.317162 0.250419
0.317851 0.242596
0.31874 0.430934
0.3194 0.813699
0.319994 0.347322
0.320677 0.411242
0.321596 0.328749
0.321836 0.607169
0.322844 0.805479
0.323385 0.407563
0.323743 0.805388
0.324663 0.71682
0.325249 0.593768
0.325459 0.466866
0.325619 0.76666
0.325841 0.350885
0.326186 0.725026
0.326226 0.562178
0.326304 0.475346
0.326331 0.32419
0.327276 0.458823
0.327666 0.555306
0.328133 0.606695
0.328404 0.68013
0.32858 0.788561
0.32885 0.595464
0.328991 0.262844
0.330202 0.804728
0.332567 0.626902
0.333595 0.72421
0.334756 0.650197
0.335544 0.68731
0.335863 0.215192
0.335885 0.43337
0.336058 0.466488
0.337169 0.704535
0.33791 0.381803
0.338941 0.309655
0.339427 0.167401
0.339688 0.328103
0.339737 0.770136
0.339943 0.378999
0.340436 0.257941
0.340576 0.495178
0.340692 0.807626
0.340754 0.812298
0.341207 0.577322
0.341255 0.36234
0.341455 0.258688
0.341516 0.481509
0.341534 0.355636
0.342111 0.207233
0.342463 0.229402
0.343064 0.438323
0.34346 0.7374
0.343508 0.624139
0.343987 0.359727
0.345222 0.500098
0.345401 0.503091
0.347531 0.725972
0.348867 0.328
0.349058 0.475329
0.349172 0.265148
0.349403 0.532471
0.349575 0.761898
0.349609 0.240317
0.349615 0.428939
0.351095 0.721226
0.351119 0.584264
0.352618 0.684162
0.35267 0.419223
0.35323 0.667197
0.354369 0.542888
0.354732 0.388429
0.355218 0.18226
0.355371 0.415552
0.35602 0.348595
0.356061 0.432249
0.356383 0.651016
0.356776 0.241002
0.35694 0.499177
0.357564 0.6889
0.357878 0.363247
0.357922 0.850592
0.35861 0.620567
0.35959 0.165651
0.360257 0.41817
0.36127 0.402656
0.36154 0.627971
0.361629 0.209422
0.361721 0.314346
0.363113 0.647182
0.363277 0.453087
0.364803 0.615752
0.36491 0.636674
0.365043 0.600038
0.365202 0.641698
0.365254 0.334638
0.36566 0.787696
0.366097 0.73829
0.368506 0.39485
0.369051 0.683546
0.36914 0.149269
0.369196 0.747348
0.369244 0.441072
0.369298 0.826311
0.369716 0.360393
0.37013 0.577165
0.370214 0.353533
0.370833 0.464428
0.370901 0.649013
0.371904 0.619782
0.372047 0.331304
0.372136 0.379357
0.372245 0.286389
0.372549 0.475023
0.372766 0.416604
0.372793 0.638248
0.373186 0.810649
0.37336 0.450325
0.373391 0.766221
0.373603 0.687982
0.373622 0.60138
0.373692 0.143163
0.374438 0.647522
0.375232 0.804224
0.376172 0.18098
0.377236 0.31509
0.377387 0.207613
0.377929 0.803782
0.378715 0.500353
0.378844 0.824195
0.379419 0.360555
0.379555 0.466871
0.380406 0.867802
0.380628 0.142325
0.380674 0.675253
0.381461 0.462133
0.381575 0.339148
0.382239 0.138003
0.382424 0.607557
0.382671 0.821925
0.382913 0.26382
0.382927 0.482576
0.383118 0.535862
0.383212 0.711093
0.383555 0.438465
0.383761 0.868873
0.384028 0.6353
0.384365 0.635494
0.384515 0.659908
0.384973 0.684161
0.385288 0.533128
0.385437 0.179265
0.385712 0.812954
0.386707 0.448144
0.386766 0.38829
0.388159 0.517534
0.389871 0.884946
0.390848 0.496842
0.391349 0.155193
0.391639 0.345097
0.391726 0.282788
0.391729 0.886986
0.391854 0.810947
0.391974 0.140049
0.39283 0.511402
0.392998 0.606593
0.393496 0.123825
0.394224 0.543109
0.395213 0.473411
0.395727 0.263204
0.396616 0.491533
0.396948 0.786424
0.398197 0.585254
0.399228 0.604917
0.399623 0.409306
0.399699 0.621508
0.400306 0.822355
0.401228 0.890087
0.401891 0.847162
0.402853 0.223114
0.403254 0.584717
0.404263 0.764308
0.404366 0.343808
0.404816 0.532166
0.404831 0.519517
0.405026 0.813152
0.405542 0.53757
0.405739 0.378616
0.406387 0.603126
0.406626 0.599879
0.407151 0.55109
0.407254 0.812351
0.407514 0.693701
0.40839 0.437328
0.408743 0.627663
0.408752 0.770817
0.408949 0.649544
0.409563 0.183086
0.410296 0.547318
0.410409 0.490545
0.410611 0.42139
0.410693 0.365384
0.410709 0.353182
0.410748 0.614529
0.410813 0.174749
0.410952 0.389893
0.411652 0.907215
0.411962 0.829219
0.412247 0.48338
0.412767 0.124305
0.413224 0.21647
0.413274 0.817678
0.414488 0.33782
0.414535 0.563096
0.414693 0.397214
0.414974 0.40025
0.4165 0.840484
0.416582 0.159706
0.418019 0.841099
0.418442 0.263545
0.419742 0.706665
0.420438 0.659618
0.420828 0.248246
0.421514 0.0810932
0.422946 0.377527
0.425201 0.399918
0.425476 0.613485
0.425665 0.183701
0.425678 0.893322
0.426588 0.316861
0.426996 0.588145
0.427795 0.393868
0.428226 0.514422
0.429211 0.535134
0.430524 0.546474
0.43162 0.300809
0.431811 0.558683
0.433034 0.817975
0.433673 0.926062
0.433986 0.313967
0.434031 0.429672
0.43411 0.810856
0.434134 0.634542
0.435678 0.917779
0.436666 0.900571
0.436726 0.420455
0.436884 0.229678
0.437998 0.173373
0.439638 0.235291
0.440302 0.630061
0.442184 0.898975
0.443362 0.506766
0.444271 0.383411
0.44442 0.839667
0.444534 0.504623
0.445547 0.189781
0.445994 0.813949
0.446147 0.342216
0.446163 0.580311
0.44645 0.907974
0.446492 0.706014
0.447372 0.233388
0.447414 0.274843
0.447619 0.932474
0.448274 0.599824
0.449615 0.663763
0.450052 0.403325
0.45006 0.8316
0.450076 0.300461
0.450292 0.215727
0.451183 0.704543
0.451936 0.930054
0.452467 0.929956
0.453576 0.530434
0.453954 0.650882
0.454199 0.20505
0.45429 0.575409
0.454968 0.884661
0.455028 0.198291
0.455555 0.354358
0.456011 0.633548
0.456042 0.0794462
0.456175 0.512028
0.459581 0.887183
0.460591 0.294491
0.460803 0.622241
0.461044 0.849703
0.461106 0.83156
0.461375 0.523592
0.461852 0.848676
0.462704 0.823677
0.463129 0.0662095
0.463242 0.384969
0.463563 0.885628
0.463662 0.496239
0.463673 0.922663
0.464025 0.822292
0.465361 0.311487
0.465384 0.86118
0.466266 0.51995
0.466403 0.289808
0.466577 0.904321
0.467414 0.341394
0.469093 0.302696
0.469228 0.547091
0.469385 0.318286
0.469543 0.197567
0.470047 0.370048
0.470234 0.916159
0.470887 0.0967001
0.47097 0.507491
0.473346 0.9703
0.473914 0.550165
0.474422 0.895132
0.476045 0.0639578
0.476478 0.0665176
0.476868 0.312507
0.47689 0.760614
0.477935 0.693731
0.477978 0.279331
0.478495 0.848825
0.478702 0.0856346
0.478797 0.345308
0.480329 0.677889
0.480741 0.583543
0.48089 0.802253
0.4821 0.706415
0.482202 0.456126
0.482289 0.909599
0.482628 0.600183
0.482852 0.364714
0.482931 0.655573
0.482967 0.92555
0.48328 0.70308
0.48355 0.645613
0.48361 0.430058
0.483712 0.413987
0.485218 0.128509
0.485592 0.106241
0.485846 0.771079
0.485884 0.377353
0.48621 0.806018
0.486334 0.383472
0.486736 0.355572
0.487262 0.634918
0.491359 0.045462
0.491506 0.0579927
0.492488 0.254654
0.493037 0.0639588
0.493047 0.845389
0.493059 0.460496
0.493125 0.0792658
0.493355 0.239565
0.493465 0.405757
0.494465 0.262476
0.494469 0.0703806
0.494645 0.734418
0.496197 0.715588
0.496317 0.0340761
0.496614 0.534439
0.496692 0.826667
0.497141 0.817599
0.497441 0.536152
0.498495 0.810068
0.498785 0.340822
0.499331 0.699354
0.499811 0.54765
0.500181 0.456591
0.500338 0.315697
0.500695 0.24759
0.500867 0.647489
0.501334 0.989422
0.502295 0.199707
0.50248 0.0580803
0.50372 0.919017
0.504037 0.929829
0.504113 0.396154
0.504125 0.0195701
0.504225 0.706664
0.504632 0.237927
0.505375 0.174143
0.505542 0.520556
0.506175 0.616248
0.506409 0.231455
0.506569 0.15609
0.506779 0.0458807
0.507 0.424987
0.508385 0.274863
0.508586 0.0342443
0.509337 0.192837
0.509419 0.159733
0.509554 0.0533144
0.510291 0.241282
0.510892 0.262979
0.51117 0.61554
0.511283 0.978264
0.511853 0.536177
0.51192 0.735552
0.513422 0.0664498
0.513616 0.973995
0.513647 0.195083
0.513876 0.492437
0.514859 0.785469
0.51505 0.280266
0.515324 0.127844
0.515397 0.262193
0.515823 0.390061
0.515931 0.957107
0.51598 0.667615
0.515998 0.732294
0.516157 0.233959
0.516528 0.797683
0.516595 0.455094
0.516696 0.730012
0.517676 0.72295
0.518541 0.188861
0.518785 0.348981
0.519042 0.777515
0.519155 0.87186
0.519455 0.795388
0.520313 0.608678
0.521024 0.710234
0.521339 0.664469
0.522578 0.321783
0.522879 0.225621
0.523256 0.269583
0.523368 0.95079
0.523507 0.699249
0.524102 0.253354
0.524441 0.706755
0.524889 0.807028
0.524893 0.863171
0.525331 0.642499
0.5264 0.386179
0.5269 0.0797454
0.527265 0.943378
0.528418 0.369961
0.528898 0.846855
0.530162 0.911217
0.530555 0.0716095
0.531204 0.410662
0.531465 0.136635
0.531643 0.795651
0.533101 0.176101
0.533117 0.385815
0.533154 0.286321
0.533698 0.0547184
0.534119 0.46194
0.53445 0.0380231
0.534508 0.836609
0.534655 0.0944896
0.534742 0.408571
0.535724 0.127789
0.535771 0.370707
0.535991 0.212153
0.536146 0.603134
0.536368 0.636465
0.536601 0.343068
0.53664 0.354478
0.536837 0.421474
0.537159 0.0544981
0.537742 0.269319
0.537953 0.0437862
0.539896 0.0721581
0.539946 0.905264
0.540338 0.735643
0.540582 0.734148
0.541546 0.317652
0.541639 0.141892
0.542475 0.520175
0.542786 0.059888
0.542787 0.106392
0.544055 0.189673
0.544228 0.0639049
0.544396 0.680469
0.544993 0.277948
0.545645 0.417552
0.54639 0.737932
0.546468 0.652583
0.546936 0.252425
0.547606 0.295008
0.547746 0.431563
0.547913 0.906025
0.547948 0.381887
0.549104 0.904138
0.54913 0.763548
0.549183 0.294487
0.549436 0.328845
0.549626 0.303718
0.54987 0.312143
0.550425 0.383726
0.550528 0.48354
0.550746 0.55605
0.551107 0.759477
0.55177 0.357463
0.551997 0.939756
0.552604 0.666071
0.55293 0.704206
0.553276 0.0827209
0.553357 0.692638
0.554358 0.325808
0.554426 0.187314
0.555102 0.396149
0.556567 0.905962
0.556755 0.933572
0.55701 0.535123
0.557155 0.90141
0.557321 0.0778877
0.557654 0.235321
0.557733 0.886875
0.558084 0.403647
0.558358 0.300551
0.558418 0.161613
0.560102 0.17604
0.560226 0.165502
0.560649 0.322953
0.560653 0.843559
0.561471 0.229732
0.561858 0.640747
0.562974 0.11775
0.563428 0.887147
0.563787 0.834832
0.563885 0.195469
0.563888 0.476192
0.564408 0.379429
0.565334 0.150782
0.566143 0.718455
0.566603 0.145064
0.566687 0.455495
0.566737 0.721637
0.567595 0.37346
0.568162 0.275879
0.568375 0.245417
0.568692 0.853838
0.569644 0.742709
0.569706 0.693877
0.569761 0.494566
0.570083 0.382381
0.57034 0.429851
0.571077 0.574999
0.571424 0.286866
0.57233 0.133747
0.572428 0.921213
0.572526 0.240477
0.572968 0.139827
0.573188 0.381177
0.573595 0.3443
0.574477 0.227086
0.574864 0.111079
0.57631 0.40041
0.576818 0.629621
0.577525 0.270168
0.578148 0.899577
0.57866 0.767173
0.57919 0.4076
0.579288 0.353778
0.579918 0.552895
0.580326 0.264528
0.581808 0.734714
0.58211 0.290481
0.582324 0.172773
0.582328 0.29255
0.582469 0.393338
0.582543 0.109817
0.58286 0.564018
0.58292 0.166869
0.583153 0.575582
0.583192 0.726372
0.583603 0.609142
0.583629 0.139918
0.583811 0.201465
0.584478 0.18674
0.586202 0.300235
0.586905 0.804281
0.587534 0.091889
0.587858 0.642157
0.588651 0.10227
0.588681 0.13582
0.58871 0.75984
0.588895 0.3533
0.588975 0.248227
0.589083 0.418218
0.59042 0.288863
0.590627 0.10878
0.591325 0.33287
0.591719 0.438103
0.591745 0.382295
0.592609 0.249162
0.592736 0.315362
0.59336 0.712243
0.593477 0.398569
0.594719 0.318306
0.594877 0.13581
0.595328 0.269723
0.595372 0.220895
0.595377 0.713886
0.595832 0.381917
0.596566 0.267863
0.596975 0.431443
0.597992 0.568009
0.598417 0.781323
0.600392 0.193034
0.600889 0.335568
0.601062 0.389011
0.601161 0.303598
0.602008 0.239074
0.602458 0.853806
0.602541 0.205488
0.602868 0.255782
0.603402 0.566466
0.603465 0.751694
0.603504 0.365242
0.60353 0.496631
0.603731 0.686285
0.604064 0.577732
0.604319 0.895164
0.605363 0.662688
0.605701 0.215783
0.605868 0.712342
0.60595 0.268662
0.606108 0.115775
0.606522 0.148533
0.606858 0.626002
0.606992 0.314149
0.607039 0.820146
0.607057 0.181712
0.607426 0.110022
0.607447 0.166587
0.60759 0.398856
0.609749 0.468885
0.609772 0.464434
0.60986 0.113606
0.609941 0.329158
0.61054 0.444681
0.610742 0.481734
0.611299 0.298733
0.612448 0.687408
0.613681 0.287999
0.613796 0.317136
0.613847 0.533319
0.613866 0.332402
0.613885 0.153898
0.61415 0.805558
0.614322 0.247416
0.61462 0.289684
0.614704 0.644018
0.614916 0.577124
0.615973 0.316793
0.616359 0.874103
0.616368 0.502584
0.617332 0.863414
0.618963 0.859025
0.620875 0.405516
0.622085 0.384267
0.622407 0.42241
0.623445 0.687307
0.623639 0.407681
0.624722 0.792043
0.62512 0.789672
0.625531 0.442755
0.626333 0.703943
0.626502 0.424971
0.626883 0.44743
0.62712 0.735854
0.627562 0.144405
0.627607 0.321974
0.627736 0.418366
0.628154 0.39785
0.62847 0.565468
0.629259 0.288391
0.629862 0.208903
0.629916 0.733926
0.631209 0.62964
0.634703 0.499072
0.63475 0.845678
0.636393 0.665565
0.638209 0.445813
0.638603 0.195157
0.640118 0.285398
0.641481 0.580571
0.641537 0.508815
0.64175 0.69656
0.642141 0.642181
0.642329 0.264
0.642504 0.245855
0.643108 0.454086
0.643211 0.192033
0.643246 0.787848
0.643315 0.667842
0.643645 0.668334
0.643809 0.154252
0.644272 0.175166
0.64552 0.654966
0.645704 0.391695
0.646691 0.270886
0.647105 0.339474
0.647879 0.62996
0.648085 0.508664
0.650018 0.708902
0.650105 0.645228
0.650242 0.291372
0.650473 0.699795
0.650631 0.646485
0.650654 0.271043
0.650668 0.2396
0.650835 0.833975
0.651032 0.505912
0.651238 0.391954
0.651439 0.729689
0.652395 0.72676
0.652415 0.152937
0.65369 0.615126
0.654262 0.224131
0.654464 0.59946
0.654675 0.303883
0.655339 0.573497
0.658472 0.815828
0.659278 0.447108
0.660642 0.33225
0.660707 0.3383
0.663092 0.572751
0.663418 0.463527
0.663487 0.326176
0.664763 0.436943
0.665155 0.443358
0.665164 0.33742
0.666414 0.43578
0.668134 0.697276
0.66862 0.439038
0.669605 0.616187
0.671038 0.363041
0.671671 0.32798
0.672087 0.269454
0.67218 0.665595
0.672586 0.776257
0.675042 0.708187
0.675462 0.192778
0.676154 0.700646
0.676823 0.437483
0.676833 0.512755
0.676866 0.203918
0.677019 0.59383
0.678891 0.593944
0.679051 0.274167
0.679188 0.520715
0.679887 0.447057
0.680806 0.669665
0.681741 0.354076
0.683269 0.647693
0.683443 0.267323
0.685044 0.535752
0.685283 0.367209
0.685595 0.495081
0.685814 0.423701
0.686498 0.491678
0.686564 0.455228
0.687277 0.305288
0.687301 0.774997
0.688584 0.74271
0.691097 0.395146
0.692607 0.439553
0.694694 0.621338
0.694774 0.802291
0.695122 0.783994
0.696579 0.299171
0.696655 0.312575
0.699757 0.396386
0.70232 0.438988
0.702459 0.568385
0.702839 0.35569
0.703208 0.487538
0.70338 0.464807
0.703432 0.589286
0.704134 0.289553
0.704341 0.631549
0.708571 0.582174
0.709026 0.40011
0.71088 0.568589
0.711849 0.521951
0.713853 0.611677
0.7139 0.35115
0.713972 0.555229
0.716256 0.30235
0.716582 0.399006
0.717046 0.495189
0.717126 0.448633
0.718249 0.247228
0.718637 0.603795
0.718727 0.689292
0.723079 0.614714
0.723591 0.444227
0.724645 0.418569
0.727211 0.517884
0.728068 0.341965
0.729027 0.736074
0.731348 0.418286
0.732171 0.280064
0.734479 0.59702
0.736066 0.410247
0.737208 0.611867
0.740517 0.360606
0.740724 0.50157
0.741641 0.644118
0.744651 0.396295
0.74518 0.409344
0.745877 0.456839
0.74772 0.322347
0.748562 0.488059
0.748701 0.250621
0.749593 0.666907
0.750401 0.347192
0.752155 0.310359
0.752574 0.419326
0.753516 0.403898
0.754596 0.373055
0.757059 0.730167
0.757348 0.385729
0.757852 0.416103
0.758152 0.661112
0.760675 0.605975
0.764134 0.356462
0.764711 0.5322
0.765422 0.295593
0.765691 0.477147
0.767069 0.635159
0.769938 0.376662
0.770977 0.271098
0.771232 0.653175
0.771707 0.492048
0.771761 0.455854
0.77352 0.339123
0.774726 0.362494
0.77628 0.506029
0.776391 0.339261
0.77707 0.670472
0.77935 0.316681
0.781071 0.597023
0.781621 0.359155
0.781872 0.549296
0.781949 0.538208
0.782046 0.396389
0.782592 0.431682
0.782651 0.398896
0.783442 0.352336
0.783926 0.695704
0.784707 0.312272
0.786844 0.692199
0.787451 0.490466
0.787474 0.497156
0.787659 0.325457
0.788681 0.589858
0.788964 0.652603
0.79117 0.562272
0.791453 0.309596
0.791919 0.621871
0.792665 0.347112
0.793581 0.607841
0.793913 0.299765
0.795436 0.364316
0.798494 0.367176
0.798763 0.412889
0.800028 0.627808
0.803003 0.334529
0.804283 0.365973
0.805492 0.477016
0.807079 0.349938
0.807805 0.324231
0.808054 0.603744
0.808873 0.346468
0.809243 0.679049
0.81091 0.665609
0.811629 0.675968
0.813362 0.406856
0.813411 0.41614
0.814732 0.53824
0.817628 0.671292
0.817724 0.403865
0.820101 0.614052
0.821279 0.36772
0.822886 0.530927
0.823416 0.414425
0.823674 0.595177
0.824815 0.669029
0.825866 0.3293
0.826249 0.464639
0.829585 0.334053
0.830726 0.615722
0.830927 0.668784
0.830931 0.459405
0.831592 0.412688
0.832576 0.649663
0.834504 0.473717
0.835424 0.41259
0.835466 0.346718
0.837536 0.549503
0.837671 0.490521
0.839479 0.542827
0.840451 0.511228
0.840591 0.408783
0.841223 0.52906
0.841891 0.51543
0.841986 0.568222
0.842261 0.531174
0.843244 0.60978
0.84429 0.463873
0.845259 0.486054
0.845554 0.569974
0.845763 0.456197
0.846654 0.647497
0.847448 0.405913
0.847744 0.623723
0.8486 0.444301
0.849564 0.437662
0.84965 0.479534
0.851875 0.459937
0.852544 0.519319
0.853974 0.476461
0.854834 0.545843
0.858308 0.401927
0.8586 0.455601
0.858814 0.475886
0.860416 0.37298
0.862544 0.506733
0.864997 0.525758
0.865704 0.622102
0.867772 0.5224
0.870886 0.494816
0.872174 0.613044
0.874703 0.611918
0.879308 0.50149
0.880375 0.470428
0.882487 0.455671
0.885164 0.426892
0.886083 0.426631
0.889092 0.454976
0.890536 0.477293
0.892375 0.517593
0.892389 0.559487
0.895858 0.495787
0.897203 0.504263
0.901719 0.487183
0.907558 0.407919
0.909065 0.548207
0.909251 0.479988
0.910105 0.486513
0.911014 0.433689
0.918325 0.52755
0.926251 0.547649
0.939018 0.47657
0.943243 0.507802
0.945519 0.495433
0.946505 0.456534
0.949325 0.471005
0.96116 0.466629
0.961769 0.520751
0.963609 0.485242
0.966489 0.517485
0.970219 0.494858
0.976523 0.514079
0.985179 0.492904
0.987137 0.506047
0.989708 0.497272
