0.0377771 0.485397
0.0394036 0.526053
0.0506225 0.45457
0.0647579 0.539058
0.0648888 0.450633
0.0676394 0.509669
0.072936 0.542057
0.0816698 0.431814
0.0946584 0.469676
0.106606 0.52847
0.115833 0.509734
0.118111 0.574961
0.126009 0.455578
0.126446 0.573739
0.127391 0.613276
0.128799 0.508337
0.130219 0.373327
0.132233 0.606398
0.135469 0.369393
0.138783 0.447022
0.143062 0.497424
0.145094 0.627949
0.150024 0.512415
0.153597 0.618314
0.156272 0.441467
0.157109 0.641902
0.158987 0.596825
0.159563 0.471704
0.160008 0.519837
0.160158 0.465782
0.165445 0.485579
0.166751 0.563182
0.16921 0.402392
0.172598 0.603752
0.174518 0.421796
0.175289 0.547792
0.179 0.670568
0.180048 0.541899
0.182914 0.669843
0.18487 0.361155
0.188528 0.632652
0.192059 0.386728
0.1966 0.561712
0.1974 0.615374
0.19801 0.537212
0.198998 0.411908
0.199119 0.30723
0.200405 0.47895
0.202971 0.424174
0.205893 0.686858
0.207519 0.488499
0.208246 0.294427
0.213075 0.577762
0.215897 0.484178
0.218646 0.518726
0.2193 0.66165
0.223914 0.403466
0.225389 0.418123
0.225486 0.468383
0.228761 0.395552
0.230241 0.288047
0.232844 0.359653
0.232957 0.561135
0.23403 0.727656
0.234257 0.416071
0.236047 0.440655
0.236292 0.281948
0.242829 0.469502
0.243231 0.713738
0.244559 0.713929
0.246632 0.439813
0.247208 0.470746
0.247216 0.317934
0.249236 0.52012
0.250281 0.497884
0.25313 0.307997
0.256223 0.572777
0.258182 0.268788
0.261329 0.553046
0.261466 0.345004
0.261633 0.415509
0.265316 0.584132
0.266893 0.537787
0.268735 0.567556
0.269164 0.672643
0.270651 0.361919
0.27107 0.719103
0.273997 0.398515
0.277661 0.332287
0.282174 0.70922
0.282361 0.333036
0.283982 0.404206
0.287555 0.474697
0.288232 0.763614
0.291437 0.692433
0.291508 0.549153
0.292055 0.763945
0.292497 0.208152
0.293073 0.290061
0.29337 0.374142
0.299476 0.30457
0.299517 0.298858
0.300162 0.724047
0.300401 0.751023
0.301669 0.423814
0.302209 0.548378
0.302376 0.395834
0.302947 0.673469
0.304869 0.454048
0.305466 0.345832
0.311329 0.424819
0.311659 0.672491
0.31391 0.583569
0.314296 0.411566
0.314504 0.285297
0.315811 0.296568
0.315922 0.512188
0.318324 0.349293
0.318746 0.663222
0.320054 0.380555
0.321105 0.525068
0.321977 0.375582
0.322144 0.801316
0.324714 0.445323
0.32505 0.794304
0.328826 0.501308
0.330558 0.626503
0.331542 0.411245
0.332332 0.712817
0.334163 0.69859
0.334631 0.492021
0.33467 0.83337
0.335037 0.282921
0.335357 0.723745
0.337652 0.513991
0.338008 0.83125
0.341113 0.375012
0.342086 0.509101
0.344505 0.642055
0.348784 0.677015
0.34967 0.69702
0.34969 0.363174
0.35122 0.811313
0.351369 0.719449
0.352193 0.74969
0.352691 0.852352
0.353579 0.333048
0.357816 0.503157
0.358414 0.277901
0.359601 0.739414
0.359806 0.588826
0.360568 0.572083
0.360592 0.686271
0.361321 0.151949
0.36155 0.635876
0.362181 0.31109
0.365643 0.268196
0.365708 0.174578
0.366469 0.592416
0.366545 0.378255
0.367699 0.668846
0.368092 0.831521
0.36843 0.503047
0.369425 0.262975
0.369662 0.47855
0.369936 0.531231
0.371295 0.151974
0.37209 0.518022
0.372763 0.492865
0.373064 0.149147
0.373466 0.514181
0.37447 0.775614
0.375359 0.846872
0.376278 0.817548
0.376813 0.563724
0.381229 0.88063
0.381483 0.149672
0.381622 0.505185
0.382092 0.660497
0.382708 0.242634
0.383189 0.292803
0.383351 0.766518
0.384164 0.357762
0.385926 0.716
0.388917 0.685028
0.391168 0.545824
0.392806 0.85448
0.39345 0.399858
0.396526 0.312124
0.396956 0.894344
0.397555 0.103983
0.397577 0.108532
0.397881 0.155081
0.401408 0.70637
0.402079 0.562009
0.403129 0.208511
0.403344 0.697378
0.403753 0.256695
0.40541 0.720175
0.405436 0.351055
0.407442 0.590589
0.410637 0.728516
0.412383 0.897562
0.412996 0.235746
0.414098 0.195477
0.414463 0.859696
0.416728 0.684413
0.417415 0.780369
0.41798 0.833947
0.419475 0.335746
0.41978 0.396947
0.419932 0.763371
0.421945 0.70362
0.424033 0.145461
0.424658 0.756413
0.4256 0.110303
0.425663 0.741335
0.425761 0.768391
0.428123 0.363351
0.429496 0.10873
0.430269 0.916262
0.432895 0.717352
0.432939 0.413532
0.433743 0.271288
0.434911 0.25076
0.435362 0.365537
0.437635 0.815967
0.439317 0.627018
0.439879 0.930544
0.439907 0.331956
0.440022 0.89622
0.440575 0.757361
0.440697 0.935207
0.441077 0.775807
0.444843 0.363722
0.445462 0.433238
0.446199 0.91012
0.452843 0.177642
0.454724 0.0523354
0.454827 0.427695
0.45664 0.172011
0.458432 0.724352
0.458625 0.773384
0.458915 0.0761223
0.459435 0.897724
0.459625 0.872201
0.460211 0.333212
0.460699 0.0452494
0.464091 0.357914
0.466284 0.0715679
0.466565 0.519207
0.466605 0.0758123
0.469579 0.0458876
0.470915 0.155959
0.470974 0.484849
0.471456 0.910066
0.472492 0.376703
0.474948 0.758972
0.475125 0.923315
0.475386 0.146245
0.477395 0.937142
0.477608 0.142149
0.479612 0.846987
0.481393 0.164267
0.484661 0.912514
0.486064 0.375026
0.487504 0.0641774
0.487945 0.883036
0.488098 0.706897
0.488299 0.894579
0.489884 0.7399
0.490731 0.334938
0.491469 0.957166
0.494016 0.156164
0.494779 0.0862442
0.496775 0.366721
0.498629 0.343019
0.502757 0.929182
0.503144 0.0427925
0.503673 0.155053
0.505969 0.0521323
0.506038 0.0198592
0.50869 0.0951666
0.510548 0.898324
0.511333 0.719056
0.511416 0.204466
0.511782 0.727116
0.512234 0.606735
0.512864 0.95885
0.512871 0.76106
0.513147 0.0445846
0.514114 0.573483
0.514798 0.0157778
0.514949 0.198006
0.515633 0.602468
0.515736 0.55457
0.515798 0.230783
0.516501 0.738202
0.518487 0.596581
0.520154 0.833903
0.520309 0.252924
0.520332 0.424842
0.521231 0.859934
0.521798 0.908506
0.523238 0.872957
0.523558 0.883844
0.523734 0.185502
0.524474 0.175081
0.524754 0.609604
0.529137 0.799207
0.529297 0.639749
0.529502 0.517329
0.52969 0.747818
0.530416 0.869462
0.532021 0.0814628
0.532699 0.0659251
0.532772 0.879352
0.534737 0.332576
0.535894 0.44214
0.536044 0.360188
0.539044 0.291227
0.539689 0.0553032
0.541348 0.635645
0.544764 0.177919
0.54564 0.552947
0.547021 0.571747
0.548145 0.196681
0.549577 0.948094
0.549926 0.154444
0.550715 0.765595
0.551423 0.406224
0.551924 0.0844818
0.552085 0.0631596
0.55319 0.843232
0.554136 0.871148
0.554878 0.136116
0.55502 0.173633
0.555183 0.610175
0.55687 0.520975
0.556922 0.134781
0.558289 0.0619511
0.55894 0.124159
0.559387 0.641891
0.560606 0.195179
0.562298 0.831221
0.565392 0.562972
0.566526 0.261435
0.567024 0.168499
0.567664 0.756695
0.568959 0.334436
0.570274 0.386877
0.570383 0.84909
0.570602 0.733473
0.571832 0.342702
0.572289 0.726204
0.572794 0.462149
0.573194 0.148263
0.573349 0.54278
0.574041 0.261133
0.574155 0.922987
0.574289 0.620626
0.575487 0.105773
0.578215 0.869731
0.579135 0.845922
0.579246 0.259612
0.582382 0.481822
0.583273 0.340099
0.584498 0.552242
0.584507 0.741735
0.584751 0.777151
0.585145 0.766428
0.585393 0.281634
0.585739 0.477864
0.585785 0.607294
0.586245 0.492698
0.588116 0.865621
0.588744 0.440452
0.590765 0.83405
0.590818 0.670352
0.591924 0.838725
0.593151 0.371471
0.593426 0.903403
0.593432 0.799149
0.594567 0.593973
0.594647 0.679883
0.595236 0.57733
0.595541 0.613947
0.596939 0.435821
0.600375 0.565833
0.601738 0.836725
0.603439 0.353383
0.606664 0.573388
0.606967 0.165934
0.607197 0.851421
0.607556 0.598533
0.610597 0.565564
0.61097 0.404755
0.611135 0.708398
0.611469 0.341957
0.612404 0.49026
0.612626 0.879961
0.613529 0.267771
0.613834 0.847918
0.615813 0.248658
0.616615 0.564265
0.616766 0.226808
0.617338 0.459593
0.617553 0.175195
0.617672 0.749573
0.618048 0.845791
0.618362 0.449371
0.618369 0.629833
0.618545 0.23213
0.620648 0.283326
0.620699 0.47107
0.621047 0.281078
0.621306 0.801233
0.621511 0.745092
0.622647 0.194461
0.623321 0.568383
0.624649 0.312261
0.626343 0.135958
0.627045 0.492802
0.630703 0.486307
0.631793 0.561649
0.631901 0.866717
0.6342 0.618325
0.634506 0.289835
0.634916 0.26482
0.637151 0.612422
0.638691 0.737798
0.639776 0.380689
0.643064 0.28487
0.646309 0.49412
0.646636 0.729255
0.647077 0.475478
0.647138 0.656421
0.648058 0.274815
0.649911 0.202789
0.650758 0.750451
0.651106 0.373954
0.651328 0.272724
0.651531 0.812194
0.652845 0.170232
0.653432 0.586457
0.656182 0.43253
0.656307 0.727464
0.65736 0.365378
0.657598 0.383645
0.659843 0.726203
0.66129 0.788367
0.661305 0.623925
0.662105 0.705913
0.664026 0.536065
0.667051 0.694339
0.668869 0.246581
0.669252 0.638769
0.671788 0.805991
0.674892 0.178632
0.675613 0.709662
0.677774 0.821125
0.679252 0.701545
0.68024 0.344571
0.680244 0.51703
0.681047 0.20148
0.681674 0.243935
0.682426 0.516388
0.683401 0.380759
0.684176 0.263079
0.686516 0.798845
0.689432 0.801106
0.689686 0.246855
0.690655 0.659015
0.691496 0.719901
0.696998 0.506859
0.697639 0.410627
0.698002 0.541021
0.700119 0.37055
0.700188 0.315069
0.700328 0.295731
0.701025 0.492831
0.701387 0.278581
0.703816 0.337216
0.703964 0.440852
0.704266 0.472928
0.704863 0.715556
0.708845 0.481166
0.710779 0.530011
0.711411 0.782246
0.712433 0.418627
0.714977 0.381821
0.715003 0.64369
0.717827 0.619755
0.717893 0.260095
0.719417 0.23264
0.719701 0.749352
0.719852 0.244994
0.723091 0.223228
0.72441 0.380501
0.727214 0.716531
0.729096 0.624578
0.729717 0.501319
0.729766 0.453077
0.731661 0.274882
0.731931 0.684291
0.732853 0.391482
0.733492 0.27193
0.735624 0.714128
0.736607 0.249258
0.736968 0.358409
0.738665 0.26615
0.739626 0.660681
0.740094 0.243957
0.740637 0.348292
0.740775 0.389105
0.742333 0.338664
0.745399 0.521471
0.747066 0.288495
0.753513 0.384541
0.75353 0.410076
0.756325 0.545521
0.756477 0.476374
0.756929 0.560986
0.75731 0.437564
0.76088 0.586551
0.761123 0.540413
0.765135 0.557404
0.765386 0.484352
0.765596 0.574272
0.766424 0.492069
0.768431 0.713821
0.770243 0.628247
0.773869 0.542125
0.776487 0.483406
0.777456 0.720332
0.782426 0.376364
0.783843 0.651034
0.784556 0.495303
0.785679 0.512913
0.78818 0.625032
0.792288 0.421618
0.795959 0.555608
0.796394 0.613926
0.79724 0.539042
0.799527 0.471553
0.800065 0.673277
0.802149 0.600411
0.803619 0.493386
0.804234 0.477391
0.806929 0.413993
0.808788 0.383764
0.809859 0.427119
0.815845 0.650112
0.818334 0.615987
0.819913 0.483365
0.822033 0.527975
0.824085 0.651536
0.825183 0.582823
0.825374 0.560452
0.826648 0.371987
0.841328 0.360881
0.84272 0.44372
0.844071 0.485346
0.849926 0.454609
0.850878 0.594926
0.862155 0.421368
0.862578 0.390981
0.863701 0.46905
0.865029 0.468501
0.866629 0.507678
0.867308 0.618413
0.867986 0.378073
0.870023 0.607075
0.873371 0.604977
0.877355 0.422256
0.882112 0.415453
0.886295 0.577738
0.887084 0.50004
0.891944 0.467702
0.893784 0.497618
0.899384 0.507861
0.912404 0.507476
0.912918 0.439792
0.922807 0.504586
0.929094 0.538198
0.93352 0.565916
0.93492 0.454847
0.940698 0.452017
0.943164 0.45242
0.945909 0.499127
0.952472 0.484901
0.962486 0.495157
0.981292 0.495301
0.0377771 0.485397
0.0394036 0.526053
0.0506225 0.45457
0.0647579 0.539058
0.0648888 0.450633
0.0676394 0.509669
0.072936 0.542057
0.0816698 0.431814
0.0946584 0.469676
0.106606 0.52847
0.115833 0.509734
0.118111 0.574961
0.126009 0.455578
0.126446 0.573739
0.127391 0.613276
0.128799 0.508337
0.130219 0.373327
0.132233 0.606398
0.135469 0.369393
0.138783 0.447022
0.143062 0.497424
0.145094 0.627949
0.150024 0.512415
0.153597 0.618314
0.156272 0.441467
0.157109 0.641902
0.158987 0.596825
0.159563 0.471704
0.160008 0.519837
0.160158 0.465782
0.165445 0.485579
0.166751 0.563182
0.16921 0.402392
0.172598 0.603752
0.174518 0.421796
0.175289 0.547792
0.179 0.670568
0.180048 0.541899
0.182914 0.669843
0.18487 0.361155
0.188528 0.632652
0.192059 0.386728
0.1966 0.561712
0.1974 0.615374
0.19801 0.537212
0.198998 0.411908
0.199119 0.30723
0.200405 0.47895
0.202971 0.424174
0.205893 0.686858
0.207519 0.488499
0.208246 0.294427
0.213075 0.577762
0.215897 0.484178
0.218646 0.518726
0.2193 0.66165
0.223914 0.403466
0.225389 0.418123
0.225486 0.468383
0.228761 0.395552
0.230241 0.288047
0.232844 0.359653
0.232957 0.561135
0.23403 0.727656
0.234257 0.416071
0.236047 0.440655
0.236292 0.281948
0.242829 0.469502
0.243231 0.713738
0.244559 0.713929
0.246632 0.439813
0.247208 0.470746
0.247216 0.317934
0.249236 0.52012
0.250281 0.497884
0.25313 0.307997
0.256223 0.572777
0.258182 0.268788
0.261329 0.553046
0.261466 0.345004
0.261633 0.415509
0.265316 0.584132
0.266893 0.537787
0.268735 0.567556
0.269164 0.672643
0.270651 0.361919
0.27107 0.719103
0.273997 0.398515
0.277661 0.332287
0.282174 0.70922
0.282361 0.333036
0.283982 0.404206
0.287555 0.474697
0.288232 0.763614
0.291437 0.692433
0.291508 0.549153
0.292055 0.763945
0.292497 0.208152
0.293073 0.290061
0.29337 0.374142
0.299476 0.30457
0.299517 0.298858
0.300162 0.724047
0.300401 0.751023
0.301669 0.423814
0.302209 0.548378
0.302376 0.395834
0.302947 0.673469
0.304869 0.454048
0.305466 0.345832
0.311329 0.424819
0.311659 0.672491
0.31391 0.583569
0.314296 0.411566
0.314504 0.285297
0.315811 0.296568
0.315922 0.512188
0.318324 0.349293
0.318746 0.663222
0.320054 0.380555
0.321105 0.525068
0.321977 0.375582
0.322144 0.801316
0.324714 0.445323
0.32505 0.794304
0.328826 0.501308
0.330558 0.626503
0.331542 0.411245
0.332332 0.712817
0.334163 0.69859
0.334631 0.492021
0.33467 0.83337
0.335037 0.282921
0.335357 0.723745
0.337652 0.513991
0.338008 0.83125
0.341113 0.375012
0.342086 0.509101
0.344505 0.642055
0.348784 0.677015
0.34967 0.69702
0.34969 0.363174
0.35122 0.811313
0.351369 0.719449
0.352193 0.74969
0.352691 0.852352
0.353579 0.333048
0.357816 0.503157
0.358414 0.277901
0.359601 0.739414
0.359806 0.588826
0.360568 0.572083
0.360592 0.686271
0.361321 0.151949
0.36155 0.635876
0.362181 0.31109
0.365643 0.268196
0.365708 0.174578
0.366469 0.592416
0.366545 0.378255
0.367699 0.668846
0.368092 0.831521
0.36843 0.503047
0.369425 0.262975
0.369662 0.47855
0.369936 0.531231
0.371295 0.151974
0.37209 0.518022
0.372763 0.492865
0.373064 0.149147
0.373466 0.514181
0.37447 0.775614
0.375359 0.846872
0.376278 0.817548
0.376813 0.563724
0.381229 0.88063
0.381483 0.149672
0.381622 0.505185
0.382092 0.660497
0.382708 0.242634
0.383189 0.292803
0.383351 0.766518
0.384164 0.357762
0.385926 0.716
0.388917 0.685028
0.391168 0.545824
0.392806 0.85448
0.39345 0.399858
0.396526 0.312124
0.396956 0.894344
0.397555 0.103983
0.397577 0.108532
0.397881 0.155081
0.401408 0.70637
0.402079 0.562009
0.403129 0.208511
0.403344 0.697378
0.403753 0.256695
0.40541 0.720175
0.405436 0.351055
0.407442 0.590589
0.410637 0.728516
0.412383 0.897562
0.412996 0.235746
0.414098 0.195477
0.414463 0.859696
0.416728 0.684413
0.417415 0.780369
0.41798 0.833947
0.419475 0.335746
0.41978 0.396947
0.419932 0.763371
0.421945 0.70362
0.424033 0.145461
0.424658 0.756413
0.4256 0.110303
0.425663 0.741335
0.425761 0.768391
0.428123 0.363351
0.429496 0.10873
0.430269 0.916262
0.432895 0.717352
0.432939 0.413532
0.433743 0.271288
0.434911 0.25076
0.435362 0.365537
0.437635 0.815967
0.439317 0.627018
0.439879 0.930544
0.439907 0.331956
0.440022 0.89622
0.440575 0.757361
0.440697 0.935207
0.441077 0.775807
0.444843 0.363722
0.445462 0.433238
0.446199 0.91012
0.452843 0.177642
0.454724 0.0523354
0.454827 0.427695
0.45664 0.172011
0.458432 0.724352
0.458625 0.773384
0.458915 0.0761223
0.459435 0.897724
0.459625 0.872201
0.460211 0.333212
0.460699 0.0452494
0.464091 0.357914
0.466284 0.0715679
0.466565 0.519207
0.466605 0.0758123
0.469579 0.0458876
0.470915 0.155959
0.470974 0.484849
0.471456 0.910066
0.472492 0.376703
0.474948 0.758972
0.475125 0.923315
0.475386 0.146245
0.477395 0.937142
0.477608 0.142149
0.479612 0.846987
0.481393 0.164267
0.484661 0.912514
0.486064 0.375026
0.487504 0.0641774
0.487945 0.883036
0.488098 0.706897
0.488299 0.894579
0.489884 0.7399
0.490731 0.334938
0.491469 0.957166
0.494016 0.156164
0.494779 0.0862442
0.496775 0.366721
0.498629 0.343019
0.502757 0.929182
0.503144 0.0427925
0.503673 0.155053
0.505969 0.0521323
0.506038 0.0198592
0.50869 0.0951666
0.510548 0.898324
0.511333 0.719056
0.511416 0.204466
0.511782 0.727116
0.512234 0.606735
0.512864 0.95885
0.512871 0.76106
0.513147 0.0445846
0.514114 0.573483
0.514798 0.0157778
0.514949 0.198006
0.515633 0.602468
0.515736 0.55457
0.515798 0.230783
0.516501 0.738202
0.518487 0.596581
0.520154 0.833903
0.520309 0.252924
0.520332 0.424842
0.521231 0.859934
0.521798 0.908506
0.523238 0.872957
0.523558 0.883844
0.523734 0.185502
0.524474 0.175081
0.524754 0.609604
0.529137 0.799207
0.529297 0.639749
0.529502 0.517329
0.52969 0.747818
0.530416 0.869462
0.532021 0.0814628
0.532699 0.0659251
0.532772 0.879352
0.534737 0.332576
0.535894 0.44214
0.536044 0.360188
0.539044 0.291227
0.539689 0.0553032
0.541348 0.635645
0.544764 0.177919
0.54564 0.552947
0.547021 0.571747
0.548145 0.196681
0.549577 0.948094
0.549926 0.154444
0.550715 0.765595
0.551423 0.406224
0.551924 0.0844818
0.552085 0.0631596
0.55319 0.843232
0.554136 0.871148
0.554878 0.136116
0.55502 0.173633
0.555183 0.610175
0.55687 0.520975
0.556922 0.134781
0.558289 0.0619511
0.55894 0.124159
0.559387 0.641891
0.560606 0.195179
0.562298 0.831221
0.565392 0.562972
0.566526 0.261435
0.567024 0.168499
0.567664 0.756695
0.568959 0.334436
0.570274 0.386877
0.570383 0.84909
0.570602 0.733473
0.571832 0.342702
0.572289 0.726204
0.572794 0.462149
0.573194 0.148263
0.573349 0.54278
0.574041 0.261133
0.574155 0.922987
0.574289 0.620626
0.575487 0.105773
0.578215 0.869731
0.579135 0.845922
0.579246 0.259612
0.582382 0.481822
0.583273 0.340099
0.584498 0.552242
0.584507 0.741735
0.584751 0.777151
0.585145 0.766428
0.585393 0.281634
0.585739 0.477864
0.585785 0.607294
0.586245 0.492698
0.588116 0.865621
0.588744 0.440452
0.590765 0.83405
0.590818 0.670352
0.591924 0.838725
0.593151 0.371471
0.593426 0.903403
0.593432 0.799149
0.594567 0.593973
0.594647 0.679883
0.595236 0.57733
0.595541 0.613947
0.596939 0.435821
0.600375 0.565833
0.601738 0.836725
0.603439 0.353383
0.606664 0.573388
0.606967 0.165934
0.607197 0.851421
0.607556 0.598533
0.610597 0.565564
0.61097 0.404755
0.611135 0.708398
0.611469 0.341957
0.612404 0.49026
0.612626 0.879961
0.613529 0.267771
0.613834 0.847918
0.615813 0.248658
0.616615 0.564265
0.616766 0.226808
0.617338 0.459593
0.617553 0.175195
0.617672 0.749573
0.618048 0.845791
0.618362 0.449371
0.618369 0.629833
0.618545 0.23213
0.620648 0.283326
0.620699 0.47107
0.621047 0.281078
0.621306 0.801233
0.621511 0.745092
0.622647 0.194461
0.623321 0.568383
0.624649 0.312261
0.626343 0.135958
0.627045 0.492802
0.630703 0.486307
0.631793 0.561649
0.631901 0.866717
0.6342 0.618325
0.634506 0.289835
0.634916 0.26482
0.637151 0.612422
0.638691 0.737798
0.639776 0.380689
0.643064 0.28487
0.646309 0.49412
0.646636 0.729255
0.647077 0.475478
0.647138 0.656421
0.648058 0.274815
0.649911 0.202789
0.650758 0.750451
0.651106 0.373954
0.651328 0.272724
0.651531 0.812194
0.652845 0.170232
0.653432 0.586457
0.656182 0.43253
0.656307 0.727464
0.65736 0.365378
0.657598 0.383645
0.659843 0.726203
0.66129 0.788367
0.661305 0.623925
0.662105 0.705913
0.664026 0.536065
0.667051 0.694339
0.668869 0.246581
0.669252 0.638769
0.671788 0.805991
0.674892 0.178632
0.675613 0.709662
0.677774 0.821125
0.679252 0.701545
0.68024 0.344571
0.680244 0.51703
0.681047 0.20148
0.681674 0.243935
0.682426 0.516388
0.683401 0.380759
0.684176 0.263079
0.686516 0.798845
0.689432 0.801106
0.689686 0.246855
0.690655 0.659015
0.691496 0.719901
0.696998 0.506859
0.697639 0.410627
0.698002 0.541021
0.700119 0.37055
0.700188 0.315069
0.700328 0.295731
0.701025 0.492831
0.701387 0.278581
0.703816 0.337216
0.703964 0.440852
0.704266 0.472928
0.704863 0.715556
0.708845 0.481166
0.710779 0.530011
0.711411 0.782246
0.712433 0.418627
0.714977 0.381821
0.715003 0.64369
0.717827 0.619755
0.717893 0.260095
0.719417 0.23264
0.719701 0.749352
0.719852 0.244994
0.723091 0.223228
0.72441 0.380501
0.727214 0.716531
0.729096 0.624578
0.729717 0.501319
0.729766 0.453077
0.731661 0.274882
0.731931 0.684291
0.732853 0.391482
0.733492 0.27193
0.735624 0.714128
0.736607 0.249258
0.736968 0.358409
0.738665 0.26615
0.739626 0.660681
0.740094 0.243957
0.740637 0.348292
0.740775 0.389105
0.742333 0.338664
0.745399 0.521471
0.747066 0.288495
0.753513 0.384541
0.75353 0.410076
0.756325 0.545521
0.756477 0.476374
0.756929 0.560986
0.75731 0.437564
0.76088 0.586551
0.761123 0.540413
0.765135 0.557404
0.765386 0.484352
0.765596 0.574272
0.766424 0.492069
0.768431 0.713821
0.770243 0.628247
0.773869 0.542125
0.776487 0.483406
0.777456 0.720332
0.782426 0.376364
0.783843 0.651034
0.784556 0.495303
0.785679 0.512913
0.78818 0.625032
0.792288 0.421618
0.795959 0.555608
0.796394 0.613926
0.79724 0.539042
0.799527 0.471553
0.800065 0.673277
0.802149 0.600411
0.803619 0.493386
0.804234 0.477391
0.806929 0.413993
0.808788 0.383764
0.809859 0.427119
0.815845 0.650112
0.818334 0.615987
0.819913 0.483365
0.822033 0.527975
0.824085 0.651536
0.825183 0.582823
0.825374 0.560452
0.826648 0.371987
0.841328 0.360881
0.84272 0.44372
0.844071 0.485346
0.849926 0.454609
0.850878 0.594926
0.862155 0.421368
0.862578 0.390981
0.863701 0.46905
0.865029 0.468501
0.866629 0.507678
0.867308 0.618413
0.867986 0.378073
0.870023 0.607075
0.873371 0.604977
0.877355 0.422256
0.882112 0.415453
0.886295 0.577738
0.887084 0.50004
0.891944 0.467702
0.893784 0.497618
0.899384 0.507861
0.912404 0.507476
0.912918 0.439792
0.922807 0.504586
0.929094 0.538198
0.93352 0.565916
0.93492 0.454847
0.940698 0.452017
0.943164 0.45242
0.945909 0.499127
0.952472 0.484901
0.962486 0.495157
0.981292 0.495301
