0.000780747 0.440551
0.00155427 0.802381
0.00411297 0.9806
0.00621791 0.947117
0.00887718 0.875831
0.00965543 0.748105
0.010616 0.986393
0.0115764 0.718356
0.0120412 0.944134
0.018048 0.821615
0.0184649 0.745833
0.0192738 0.857536
0.0200469 0.665615
0.0201015 0.645117
0.0208003 0.664453
0.0221157 0.837959
0.0255651 0.478851
0.0287122 0.411582
0.0290317 0.289109
0.0301599 0.647974
0.0304949 0.695141
0.0306106 0.835134
0.0332374 0.205976
0.0338277 0.512338
0.0346482 0.627407
0.0354564 0.472322
0.0405466 0.845432
0.0412116 0.935384
0.0445584 0.753657
0.0447862 0.732042
0.05077 0.888391
0.0512409 0.520703
0.0533913 0.939107
0.0542641 0.584362
0.0562121 0.831206
0.0568871 0.594169
0.0606179 0.558801
0.061219 0.800815
0.0615875 0.470932
0.0616128 0.372534
0.0632156 0.725939
0.0636426 0.918911
0.063761 0.361681
0.0657757 0.878234
0.0698882 0.88593
0.07042 0.672593
0.0727676 0.957372
0.0805172 0.00450751
0.0843507 0.990806
0.0878169 0.542475
0.0926127 0.833338
0.0943828 0.0800351
0.0948698 0.90287
0.0973612 0.371713
0.0983381 0.821801
0.0984693 0.0640736
0.103292 0.655052
0.105556 0.297648
0.106216 0.704467
0.108722 0.282108
0.110436 0.817555
0.111925 0.277857
0.112139 0.800183
0.112649 0.918239
0.112876 0.630019
0.117251 0.474607
0.117816 0.685809
0.118595 0.945755
0.118726 0.763856
0.119083 0.846539
0.121097 0.64814
0.121682 0.231287
0.124826 0.990323
0.1253 0.366343
0.126716 0.894627
0.131989 0.869426
0.134854 0.714662
0.136828 0.359638
0.136895 0.638456
0.137559 0.755873
0.138826 0.642914
0.147749 0.739131
0.149848 0.993292
0.151609 0.480251
0.151831 0.812563
0.153786 0.948107
0.156846 0.762375
0.156988 0.00229575
0.157346 0.863192
0.160414 0.721174
0.161041 0.1812
0.164699 0.907086
0.168622 0.471843
0.169933 0.882106
0.175119 0.827553
0.175513 0.786386
0.175581 0.683013
0.177158 0.807177
0.181192 0.680057
0.183766 0.261194
0.183779 0.78752
0.184221 0.190812
0.184756 0.921762
0.189159 0.469965
0.191219 0.187411
0.195973 0.868555
0.196922 0.646424
0.205528 0.890366
0.210655 0.956356
0.211935 0.773667
0.214108 0.725035
0.221569 0.69029
0.221705 0.770497
0.227588 0.636645
0.227708 0.6304
0.23086 0.97854
0.234124 0.739554
0.239431 0.74637
0.243639 0.973911
0.243835 0.677016
0.245715 0.999157
0.247397 0.895298
0.249916 0.675046
0.251205 0.445816
0.252315 0.66078
0.252425 0.964136
0.253913 0.87171
0.255803 0.922256
0.258701 0.532151
0.259596 0.864014
0.264981 0.559966
0.26678 0.256716
0.267092 0.853449
0.267391 0.895234
0.26816 0.729383
0.27452 0.948869
0.279943 0.528844
0.281871 0.694642
0.286421 0.436774
0.287966 0.69434
0.28835 0.948252
0.292373 0.663848
0.29376 0.524947
0.296875 0.88127
0.300351 0.244348
0.300632 0.417284
0.301284 0.810502
0.304725 0.737111
0.305175 0.392046
0.306704 0.918858
0.307903 0.89425
0.309499 0.203085
0.309612 0.794411
0.310064 0.65571
0.311223 0.781503
0.312722 0.39002
0.313593 0.384123
0.314591 0.157754
0.3173 0.229785
0.323407 0.51708
0.326934 0.966715
0.329811 0.698971
0.330923 0.875676
0.332158 0.756029
0.333403 0.801012
0.33349 0.680917
0.338735 0.664005
0.33968 0.908766
0.340191 0.590502
0.341406 0.789516
0.345246 0.491172
0.347303 0.995013
0.35059 0.374608
0.353546 0.23217
0.356995 0.300178
0.363204 0.954236
0.363463 0.268701
0.364431 0.86367
0.364903 0.579442
0.365034 0.216171
0.372445 0.928406
0.373524 0.73361
0.375261 0.197841
0.375801 0.142846
0.376308 0.770789
0.376367 0.732934
0.377397 0.955984
0.37993 0.490496
0.381418 0.430812
0.383789 0.728607
0.384086 0.661847
0.389561 0.891615
0.390038 0.406663
0.39018 0.946453
0.392488 0.393544
0.392779 0.950195
0.394701 0.254228
0.400882 0.705846
0.401829 0.7678
0.402188 0.992828
0.40343 0.888725
0.410483 0.638989
0.413742 0.928786
0.426196 0.953316
0.426758 0.663844
0.427974 0.94929
0.435951 0.140136
0.436753 0.94625
0.43757 0.314299
0.439388 0.375854
0.44487 0.48197
0.447651 0.475564
0.447829 0.473341
0.449509 0.64418
0.450177 0.618789
0.453952 0.835655
0.457189 0.63659
0.465556 0.0719794
0.46833 0.731922
0.469347 0.916414
0.471271 0.985023
0.471557 0.163245
0.472018 0.969762
0.472667 0.131301
0.473536 0.790318
0.476582 0.0249253
0.478209 0.762521
0.481763 0.75785
0.483141 0.926731
0.48791 0.735289
0.496579 0.942106
0.496596 0.296499
0.500707 0.071355
0.502316 0.894481
0.509092 0.262024
0.509781 0.00699695
0.510816 0.948802
0.511677 0.936964
0.51238 0.730432
0.515997 0.584243
0.517013 0.961535
0.518255 0.8919
0.522586 0.890903
0.527964 0.619319
0.535127 0.130186
0.539997 0.101747
0.541359 0.231807
0.553896 0.712661
0.554124 0.404317
0.556615 0.936858
0.556796 0.0979388
0.556912 0.791664
0.557273 0.00401983
0.563583 0.0172401
0.566499 0.5886
0.566564 0.0885525
0.571314 0.0179833
0.573731 0.0582775
0.576534 0.161455
0.576842 0.359119
0.580007 0.0441844
0.580032 0.887349
0.580142 0.580837
0.584919 0.252935
0.586543 0.915184
0.58751 0.848865
0.589141 0.953941
0.591638 0.82783
0.591905 0.945825
0.595929 0.779787
0.59624 0.159547
0.599902 0.899304
0.60306 0.0136986
0.604268 0.0476273
0.606525 0.643796
0.606566 0.879897
0.609122 0.467472
0.614656 0.136069
0.615098 0.352612
0.616405 0.785936
0.61669 0.992523
0.622967 0.493548
0.623595 0.154221
0.627889 0.755808
0.633683 0.0539413
0.633818 0.578552
0.63987 0.322106
0.64361 0.987725
0.645581 0.0335414
0.64945 0.222738
0.64965 0.318796
0.650612 0.876798
0.655344 0.182798
0.655415 0.278172
0.656316 0.0431598
0.658697 0.104946
0.665247 0.0494353
0.668472 0.103262
0.671731 0.496949
0.673047 0.0464623
0.673442 0.146821
0.673969 0.86374
0.67484 0.567297
0.675095 0.268124
0.676419 0.283603
0.67911 0.0359028
0.68113 0.176634
0.687495 0.565163
0.689379 0.315279
0.692857 0.251791
0.694338 0.0975684
0.695272 0.563748
0.696513 0.640263
0.696561 0.0477984
0.696881 0.133974
0.696957 0.256319
0.697772 0.93867
0.698641 0.464406
0.700014 0.109818
0.700441 0.464118
0.700469 0.100907
0.701343 0.842045
0.701444 0.252308
0.703012 0.995824
0.705956 0.823087
0.707337 0.407456
0.710325 0.677154
0.711664 0.913131
0.712213 0.160866
0.715243 0.543785
0.716525 0.981952
0.720454 0.122008
0.720988 0.300874
0.721127 0.21072
0.722955 0.236444
0.725386 0.130428
0.734003 0.663889
0.734414 0.125081
0.734658 0.623689
0.73554 0.999271
0.737324 0.497063
0.737551 0.801547
0.738441 0.0816354
0.739064 0.640289
0.739464 0.107646
0.740734 0.0390805
0.74551 0.630682
0.746076 0.60078
0.749244 0.909942
0.751301 0.178514
0.75146 0.494946
0.751726 0.300555
0.753494 0.860809
0.756982 0.100052
0.758635 0.192311
0.761923 0.0353585
0.774222 0.800843
0.774548 0.160545
0.778397 0.0920705
0.778738 0.172825
0.782239 0.0670626
0.785229 0.422393
0.785838 0.763452
0.786128 0.417205
0.786194 0.134213
0.787297 0.586755
0.788775 0.257138
0.789707 0.755015
0.794373 0.570507
0.796288 0.286216
0.797144 0.617223
0.79907 0.517339
0.800178 0.040904
0.802498 0.0618703
0.803143 0.102193
0.804334 0.720324
0.804491 0.119995
0.80808 0.745033
0.809482 0.0312204
0.815657 0.870786
0.816132 0.395044
0.816489 0.372663
0.818223 0.246868
0.819192 0.638959
0.821633 0.0103235
0.822052 0.436309
0.822101 0.0528067
0.822598 0.571542
0.822916 0.571124
0.826816 0.505766
0.826969 0.726571
0.828588 0.395235
0.828947 0.564325
0.831152 0.24524
0.8318 0.461585
0.833336 0.0206546
0.834135 0.200049
0.836196 0.235023
0.836374 0.965007
0.838928 0.48059
0.840417 0.514149
0.841265 0.0751024
0.843221 0.686355
0.843858 0.622506
0.848797 0.0930525
0.850232 0.387705
0.851298 0.751873
0.853463 0.146009
0.854037 0.302464
0.855387 0.177595
0.856056 0.692246
0.856425 0.292184
0.858774 0.423056
0.860568 0.237011
0.860655 0.396862
0.861876 0.310938
0.865561 0.747075
0.86575 0.484352
0.8662 0.227732
0.869742 0.597793
0.871078 0.207995
0.876672 0.128742
0.877071 0.309898
0.877922 0.653663
0.878433 0.439836
0.878945 0.292982
0.881464 0.264434
0.883022 0.637964
0.884187 0.412535
0.888524 0.724808
0.893106 0.976575
0.894683 0.606928
0.896638 0.589071
0.89665 0.678344
0.89733 0.578933
0.898132 0.588232
0.898332 0.541546
0.898392 0.143645
0.898478 0.064021
0.900367 0.468268
0.901584 0.165906
0.905816 0.460931
0.90722 0.594733
0.908387 0.570391
0.90867 0.547629
0.909387 0.588606
0.909661 0.408899
0.910104 0.13697
0.912091 0.645589
0.914372 0.341288
0.914411 0.487417
0.916986 0.364097
0.918017 0.0219246
0.918653 0.33667
0.919637 0.500617
0.920406 0.143197
0.920597 0.428114
0.921028 0.717486
0.922493 0.386012
0.923721 0.150022
0.924092 0.0118982
0.924291 0.446987
0.925259 0.107581
0.926287 0.437012
0.928673 0.671971
0.929682 0.140192
0.934139 0.287994
0.93427 0.125986
0.93784 0.645084
0.942058 0.506725
0.942062 0.576738
0.942562 0.656893
0.943167 0.397352
0.94611 0.544962
0.946312 0.163797
0.949602 0.0702869
0.951216 0.578057
0.952943 0.259423
0.953908 0.267507
0.954352 0.0732333
0.954972 0.568698
0.955651 0.497638
0.956242 0.52564
0.956542 0.320351
0.956841 0.433918
0.957194 0.0602714
0.957623 0.33946
0.959035 0.0577626
0.959554 0.158646
0.961686 0.350027
0.963213 0.647202
0.964264 0.366791
0.966766 0.435114
0.967457 0.442192
0.968515 0.64039
0.969103 0.142487
0.969251 0.277543
0.970214 0.241635
0.971744 0.579194
0.973378 0.349002
0.97562 0.39494
0.975812 0.54811
0.976263 0.372305
0.976756 0.536188
0.976987 0.480698
0.979486 0.0638054
0.979881 0.298065
0.980524 0.128475
0.981467 0.344022
0.982819 0.326766
0.984018 0.572691
0.986536 0.373728
0.988192 0.31147
0.990127 0.200611
0.993735 0.184731
0.995162 0.832817
0.996277 0.00214747
0.996439 0.524838
0.997223 0.435224
