0.0394036 0.526053
0.0647579 0.539058
0.0676394 0.509669
0.072936 0.542057
0.0946584 0.469676
0.126009 0.455578
0.132764 0.469517
0.138783 0.447022
0.145094 0.627949
0.153597 0.618314
0.156272 0.441467
0.158987 0.596825
0.160158 0.465782
0.172598 0.603752
0.174518 0.421796
0.178996 0.443806
0.179 0.670568
0.182914 0.669843
0.18487 0.361155
0.1966 0.561712
0.19801 0.537212
0.202 0.520677
0.205893 0.686858
0.207519 0.488499
0.215897 0.484178
0.225389 0.418123
0.228761 0.395552
0.232957 0.561135
0.23403 0.727656
0.243231 0.713738
0.244559 0.713929
0.245943 0.663162
0.247216 0.317934
0.249236 0.52012
0.25313 0.307997
0.256361 0.652579
0.261329 0.553046
0.261633 0.415509
0.273997 0.398515
0.275243 0.513924
0.282174 0.70922
0.287106 0.512952
0.288232 0.763614
0.291437 0.692433
0.291508 0.549153
0.292055 0.763945
0.296594 0.527579
0.300162 0.724047
0.300401 0.751023
0.311659 0.672491
0.31391 0.583569
0.314504 0.285297
0.314884 0.551736
0.317826 0.653279
0.318292 0.460671
0.320172 0.281959
0.321105 0.525068
0.322144 0.801316
0.324714 0.445323
0.32505 0.794304
0.330558 0.626503
0.334163 0.69859
0.33467 0.83337
0.337071 0.603049
0.338008 0.83125
0.338631 0.558492
0.340766 0.791101
0.341113 0.375012
0.341308 0.545904
0.344505 0.642055
0.347006 0.54135
0.34969 0.363174
0.352691 0.852352
0.353579 0.333048
0.356386 0.269419
0.357385 0.470128
0.357816 0.503157
0.358089 0.26853
0.358352 0.455668
0.35958 0.455606
0.359601 0.739414
0.360592 0.686271
0.361033 0.529545
0.362181 0.31109
0.365643 0.268196
0.366545 0.378255
0.367578 0.521168
0.367699 0.668846
0.36843 0.503047
0.369425 0.262975
0.370241 0.354856
0.37209 0.518022
0.372763 0.492865
0.373466 0.514181
0.374066 0.445611
0.375087 0.35327
0.375237 0.237506
0.375858 0.218707
0.375993 0.206736
0.376123 0.451048
0.376278 0.817548
0.377389 0.430235
0.381229 0.88063
0.381483 0.149672
0.381622 0.505185
0.382092 0.660497
0.384536 0.767947
0.385834 0.4079
0.386304 0.865956
0.387184 0.866646
0.392806 0.85448
0.39345 0.399858
0.396956 0.894344
0.403753 0.256695
0.405436 0.351055
0.406014 0.433767
0.407174 0.493739
0.407421 0.418462
0.412294 0.491891
0.412383 0.897562
0.412996 0.235746
0.414463 0.859696
0.416728 0.684413
0.417415 0.780369
0.41798 0.833947
0.41978 0.396947
0.419932 0.763371
0.421945 0.70362
0.422017 0.653702
0.424033 0.145461
0.4256 0.110303
0.427397 0.61215
0.428917 0.20192
0.430269 0.916262
0.430798 0.19972
0.431941 0.697576
0.43219 0.392726
0.433743 0.271288
0.434911 0.25076
0.435226 0.692618
0.435362 0.365537
0.437635 0.815967
0.439317 0.627018
0.439879 0.930544
0.440022 0.89622
0.440697 0.935207
0.446199 0.91012
0.447385 0.767897
0.448602 0.594362
0.448797 0.175111
0.449003 0.109819
0.449416 0.891859
0.450921 0.766296
0.453049 0.668744
0.45664 0.172011
0.458915 0.0761223
0.459435 0.897724
0.459625 0.872201
0.460211 0.333212
0.467514 0.235847
0.469038 0.802844
0.471456 0.910066
0.471494 0.644803
0.474934 0.58893
0.474948 0.758972
0.475125 0.923315
0.477889 0.792954
0.478247 0.58647
0.479266 0.563093
0.479612 0.846987
0.483584 0.63644
0.484661 0.912514
0.485908 0.455082
0.486064 0.375026
0.487945 0.883036
0.488098 0.706897
0.488299 0.894579
0.489884 0.7399
0.491559 0.765543
0.492132 0.446763
0.4955 0.819074
0.499328 0.507669
0.500247 0.49824
0.500816 0.690587
0.501254 0.694522
0.501482 0.677558
0.502757 0.929182
0.503144 0.0427925
0.505424 0.782639
0.505543 0.776946
0.505923 0.682336
0.506038 0.0198592
0.510548 0.898324
0.512234 0.606735
0.512871 0.76106
0.514078 0.492936
0.514798 0.0157778
0.514949 0.198006
0.515736 0.55457
0.515798 0.230783
0.520332 0.424842
0.521798 0.908506
0.523558 0.883844
0.523734 0.185502
0.525612 0.54322
0.526222 0.54076
0.529297 0.639749
0.529483 0.534259
0.529502 0.517329
0.52969 0.747818
0.532699 0.0659251
0.532772 0.879352
0.533492 0.894193
0.534737 0.332576
0.535894 0.44214
0.536044 0.360188
0.539901 0.885372
0.541348 0.635645
0.544764 0.177919
0.548145 0.196681
0.549876 0.180039
0.549926 0.154444
0.550715 0.765595
0.552085 0.0631596
0.552899 0.630927
0.554136 0.871148
0.554878 0.136116
0.55502 0.173633
0.555183 0.610175
0.55687 0.520975
0.556922 0.134781
0.558289 0.0619511
0.559543 0.894957
0.562597 0.890471
0.565392 0.562972
0.566569 0.513673
0.567024 0.168499
0.567664 0.756695
0.56915 0.515813
0.570274 0.386877
0.570383 0.84909
0.570602 0.733473
0.572289 0.726204
0.573194 0.148263
0.573528 0.881777
0.576647 0.22893
0.578215 0.869731
0.579135 0.845922
0.579491 0.882004
0.580125 0.853411
0.582382 0.481822
0.585606 0.85611
0.585739 0.477864
0.585785 0.607294
0.586245 0.492698
0.590765 0.83405
0.590818 0.670352
0.591924 0.838725
0.593432 0.799149
0.593781 0.385599
0.594647 0.679883
0.595236 0.57733
0.595541 0.613947
0.60003 0.768251
0.601738 0.836725
0.604752 0.380966
0.606562 0.754553
0.606894 0.760055
0.606967 0.165934
0.607197 0.851421
0.611486 0.368435
0.613834 0.847918
0.615813 0.248658
0.616766 0.226808
0.617338 0.459593
0.617672 0.749573
0.617964 0.742911
0.618048 0.845791
0.618362 0.449371
0.618419 0.205219
0.621306 0.801233
0.621511 0.745092
0.622647 0.194461
0.624483 0.415486
0.624649 0.312261
0.626343 0.135958
0.631793 0.561649
0.634506 0.289835
0.638691 0.737798
0.643064 0.28487
0.646384 0.541113
0.646508 0.740928
0.646636 0.729255
0.647077 0.475478
0.648058 0.274815
0.64825 0.317656
0.650758 0.750451
0.651328 0.272724
0.651531 0.812194
0.652845 0.170232
0.656307 0.727464
0.657598 0.383645
0.659843 0.726203
0.662105 0.705913
0.662492 0.291171
0.664026 0.536065
0.679252 0.701545
0.68024 0.344571
0.683401 0.380759
0.684176 0.263079
0.691496 0.719901
0.696998 0.506859
0.697208 0.695681
0.700119 0.37055
0.700188 0.315069
0.700328 0.295731
0.701025 0.492831
0.701387 0.278581
0.701745 0.701214
0.703816 0.337216
0.703964 0.440852
0.708829 0.675892
0.712433 0.418627
0.713238 0.670737
0.713511 0.57005
0.715003 0.64369
0.717794 0.575669
0.717893 0.260095
0.719417 0.23264
0.719701 0.749352
0.723091 0.223228
0.726023 0.670257
0.727214 0.716531
0.729096 0.624578
0.731931 0.684291
0.732853 0.391482
0.736607 0.249258
0.736968 0.358409
0.739626 0.660681
0.740094 0.243957
0.740637 0.348292
0.740775 0.389105
0.742095 0.678229
0.742333 0.338664
0.745266 0.654932
0.753513 0.384541
0.753869 0.635613
0.756929 0.560986
0.760732 0.289511
0.76088 0.586551
0.761123 0.540413
0.762447 0.617268
0.763097 0.607048
0.765135 0.557404
0.765386 0.484352
0.765596 0.574272
0.770243 0.628247
0.772359 0.302623
0.773869 0.542125
0.776487 0.483406
0.776799 0.311483
0.782426 0.376364
0.783843 0.651034
0.786229 0.657774
0.78818 0.625032
0.791558 0.633566
0.792288 0.421618
0.795959 0.555608
0.796394 0.613926
0.79724 0.539042
0.799527 0.471553
0.802149 0.600411
0.803619 0.493386
0.804234 0.477391
0.806929 0.413993
0.808788 0.383764
0.809859 0.427119
0.811572 0.591395
0.812101 0.594078
0.815845 0.650112
0.818549 0.622243
0.819913 0.483365
0.822033 0.527975
0.825183 0.582823
0.825374 0.560452
0.826648 0.371987
0.834427 0.347256
0.840662 0.353094
0.841328 0.360881
0.84272 0.44372
0.844071 0.485346
0.849926 0.454609
0.855297 0.619052
0.862155 0.421368
0.862578 0.390981
0.863701 0.46905
0.865029 0.468501
0.867308 0.618413
0.867986 0.378073
0.870023 0.607075
0.870918 0.524567
0.873371 0.604977
0.877355 0.422256
0.879195 0.524474
0.886295 0.577738
0.887084 0.50004
0.891944 0.467702
0.893784 0.497618
0.898874 0.42107
0.911333 0.526713
0.912404 0.507476
0.922807 0.504586
0.93492 0.454847
0.940698 0.452017
0.943164 0.45242
0.945909 0.499127
