0.00022892 0.126106
0.00048065 0.236598
0.000512078 0.814412
0.000722565 0.656131
0.000796689 0.405442
0.000797765 0.665985
0.000885122 0.506973
0.000963371 0.731615
0.00125604 0.606921
0.00126496 0.41987
0.00147514 0.967425
0.00193943 0.435863
0.00208955 0.765458
0.00210749 0.39268
0.0022618 0.267188
0.00227899 0.386112
0.00329563 0.913087
0.00360766 0.636175
0.00362511 0.566139
0.00365832 0.384401
0.00372249 0.446978
0.00377885 0.646047
0.00381385 0.650754
0.00401644 0.969076
0.00421833 0.385407
0.00445309 0.662003
0.00455385 0.816677
0.00456723 0.541632
0.00485073 0.383893
0.0050613 0.852417
0.00512665 0.2814
0.00535457 0.684046
0.00553637 0.511192
0.00576981 0.606144
0.00588101 0.457341
0.00606195 0.430492
0.00609041 0.471069
0.00611477 0.890265
0.00613841 0.226944
0.00619287 0.714418
0.00688502 0.312083
0.00715787 0.278841
0.00725188 0.513651
0.00725508 0.541933
0.00754296 0.824619
0.00801904 0.179339
0.00807011 0.100136
0.00809965 0.0582419
0.00810345 0.733331
0.0081456 0.569897
0.00818409 0.327444
0.00828466 0.375263
0.00831806 0.0970006
0.00833662 0.517602
0.00868333 0.829252
0.00874643 0.143921
0.00875076 0.18038
0.00882551 0.961212
0.00905225 0.976672
0.00911532 0.741811
0.00917352 0.447482
0.00943724 0.786091
0.00977262 0.773104
0.00979219 0.836994
0.010284 0.835298
0.010331 0.693468
0.0106143 0.861232
0.0106714 0.84417
0.0107234 0.357703
0.0108452 0.679496
0.0108945 0.3587
0.0109662 0.51541
0.0109994 0.260894
0.0111277 0.890041
0.0111874 0.752427
0.0112541 0.645509
0.0120649 0.804673
0.0120946 0.873638
0.0121641 0.793249
0.0121832 0.29322
0.0121873 0.627744
0.0123782 0.406781
0.0127368 0.87993
0.0130285 0.332829
0.0131317 0.24341
0.0133216 0.309843
0.0133447 0.770186
0.0133474 0.472916
0.0133672 0.745908
0.0134839 0.859445
0.0136679 0.741926
0.0137116 0.759025
0.0138497 0.464819
0.0139658 0.407316
0.0141527 0.748536
0.0144965 0.22928
0.0145672 0.667492
0.0146076 0.134768
0.0147963 0.761692
0.0155289 0.933323
0.0156741 0.601833
0.015686 0.313164
0.015717 0.36786
0.0159913 0.600499
0.01622 0.0878747
0.0162887 0.835504
0.016551 0.171057
0.0172841 0.827777
0.017316 0.543084
0.0174281 0.730285
0.0174552 0.951315
0.017456 0.999489
0.0174674 0.750516
0.017656 0.810183
0.0176913 0.39076
0.0176914 0.454696
0.0183403 0.344738
0.0183641 0.828671
0.018812 0.499866
0.0192083 0.668006
0.0197671 0.980881
0.0199482 0.484023
0.0200051 0.949902
0.0200578 0.466316
0.0202479 0.309595
0.020387 0.626426
0.0204297 0.0776823
0.0205754 0.847989
0.020642 0.643647
0.020865 0.448131
0.0208967 0.598475
0.0214454 0.68395
0.0215867 0.670888
0.02169 0.168854
0.0217092 0.908486
0.0220515 0.442856
0.0223722 0.830898
0.0228532 0.921952
0.0229966 0.905047
0.023067 0.835339
0.0231331 0.875579
0.0236428 0.426478
0.0236786 0.963755
0.024187 0.774644
0.0245024 0.137564
0.0248335 0.130343
0.0252278 0.112168
0.0256783 0.648657
0.0257638 0.653402
0.025803 0.378501
0.0259327 0.725956
0.0260446 0.221371
0.0260786 0.599221
0.0266388 0.812539
0.0272637 0.558818
0.0275266 0.76152
0.0277182 0.717639
0.027893 0.861807
0.0279618 0.757396
0.0287295 0.282495
0.02886 0.453071
0.0291394 0.50282
0.029391 0.43275
0.0294535 0.384182
0.0299578 0.578998
0.0300922 0.212178
0.0301482 0.810666
0.0303372 0.110915
0.030369 0.99907
0.031134 0.57697
0.0312363 0.8864
0.0312544 0.361355
0.0316967 0.738182
0.0318919 0.263567
0.0319196 0.810289
0.0320454 0.571606
0.0326821 0.6467
0.0331382 0.969303
0.0333478 0.566188
0.0333879 0.872777
0.03339 0.292217
0.0334434 0.402163
0.0344276 0.312039
0.0347457 0.769581
0.0349198 0.76302
0.0352944 0.964474
0.0355147 0.513498
0.0357518 0.682768
0.03589 0.358947
0.0364924 0.687121
0.0372253 0.462921
0.037306 0.434636
0.037551 0.703095
0.037722 0.8224
0.0377764 0.391763
0.0381791 0.0881035
0.0381981 0.0257725
0.0385858 0.828975
0.0387535 0.55247
0.038859 0.616449
0.0389151 0.932198
0.0389309 0.426529
0.0392074 0.692377
0.0397448 0.0239083
0.0398961 0.994201
0.0399073 0.0534269
0.0399681 0.519678
0.0400855 0.0498688
0.0402937 0.460829
0.0403444 0.774683
0.0404545 0.0473255
0.040617 0.718452
0.0408831 0.302992
0.0411983 0.811375
0.041308 0.871146
0.0414081 0.535867
0.0414276 0.58127
0.0416041 0.729255
0.0417581 0.869038
0.0419797 0.446591
0.0423154 0.586056
0.042487 0.5799
0.0425694 0.653121
0.0428155 0.496135
0.0433394 0.780796
0.0436373 0.541646
0.0441113 0.262652
0.0444428 0.846132
0.0444887 0.512304
0.0447755 0.518566
0.0452153 0.555967
0.045247 0.823717
0.0458171 0.411237
0.0459114 0.173388
0.045954 0.668471
0.0460304 0.989208
0.0460405 0.767877
0.0463199 0.575623
0.0463283 0.314616
0.0465391 0.437405
0.0466929 0.899542
0.0469042 0.701916
0.0470099 0.388879
0.0471426 0.847874
0.0472717 0.520791
0.0476091 0.543803
0.0477474 0.217485
0.0478103 0.263821
0.0481564 0.775936
0.048236 0.436589
0.0485652 0.212572
0.0488007 0.893692
0.0489785 0.435509
0.0490385 0.833733
0.0490412 0.291935
0.0491542 0.57066
0.0492572 0.686124
0.0493352 0.60978
0.0494684 0.504465
0.0495667 0.533263
0.0495838 0.903668
0.0497877 0.245222
0.0500468 0.434012
0.0501679 0.262499
0.0512093 0.397421
0.0512325 0.405773
0.0512623 0.640796
0.0514262 0.352301
0.0516604 0.755657
0.051798 0.516027
0.0517987 0.431316
0.0518083 0.629087
0.0521596 0.775551
0.0524109 0.51723
0.0527165 0.193792
0.0528113 0.0353406
0.0529148 0.768636
0.0532727 0.922094
0.0535859 0.764495
0.0536739 0.687477
0.0540188 0.258829
0.0540258 0.871342
0.0541912 0.597743
0.0542005 0.333979
0.0542867 0.0654367
0.054368 0.647943
0.0544897 0.938848
0.0546728 0.240708
0.0547967 0.0956359
0.054931 0.0808542
0.0549628 0.821287
0.0549682 0.722831
0.0552535 0.678368
0.0559378 0.128205
0.0560389 0.235036
0.0561924 0.593901
0.0563473 0.0633867
0.0566122 0.834858
0.0567339 0.931119
0.0569242 0.472458
0.0571894 0.74698
0.0572304 0.756618
0.0572712 0.811554
0.0576647 0.726752
0.0577273 0.756668
0.0577709 0.757296
0.0579528 0.719283
0.0581132 0.412512
0.0583027 0.483832
0.058501 0.930142
0.0585136 0.854055
0.0585258 0.574764
0.0586056 0.442981
0.0592267 0.563029
0.0592969 0.676648
0.0593937 0.755334
0.0596382 0.798986
0.0596526 0.694011
0.0609387 0.433153
0.0609429 0.846815
0.0611146 0.791916
0.0613345 0.70008
0.0616704 0.661134
0.0624644 0.404898
0.0624861 0.571184
0.062838 0.610039
0.062911 0.512638
0.0630774 0.519356
0.0632891 0.738104
0.0634093 0.472443
0.0634597 0.795326
0.0636173 0.50604
0.0638813 0.160334
0.0639948 0.790493
0.0640915 0.616683
0.0643798 0.846788
0.0646054 0.854885
0.0649622 0.979631
0.0653838 0.870085
0.0655517 0.997886
0.0655995 0.510116
0.0657678 0.99062
0.0658575 0.953414
0.0660447 0.38172
0.0661489 0.984214
0.0663146 0.011045
0.0664576 0.0601264
0.0664626 0.783171
0.0665614 0.411197
0.0666414 0.409747
0.0667874 0.67378
0.0668072 0.716878
0.066852 0.762326
0.0668574 0.908705
0.0669808 0.64932
0.0674476 0.938838
0.0674859 0.419146
0.067544 0.83929
0.0676565 0.80218
0.0679768 0.329514
0.0687111 0.742663
0.0689229 0.754288
0.0691673 0.98802
0.0695296 0.376093
0.0696148 0.91363
0.0698258 0.72583
0.0698622 0.799711
0.070034 0.945179
0.0702398 0.606008
0.070441 0.556387
0.0707973 0.790451
0.0709416 0.416527
0.0709737 0.831046
0.0710723 0.60375
0.0717052 0.889562
0.0717907 0.77252
0.0719721 0.15798
0.072216 0.543982
0.0725175 0.632191
0.0725408 0.44249
0.0733775 0.412154
0.073613 0.927447
0.0736365 0.95067
0.0736778 0.506226
0.0739101 0.0561349
0.0744669 0.840938
0.0747682 0.76312
0.074774 0.795509
0.0749471 0.781503
0.0755205 0.915825
0.0757544 0.63057
0.0758641 0.876079
0.0759164 0.157555
0.0759172 0.521578
0.0760796 0.997056
0.0761346 0.674757
0.0761844 0.670559
0.07619 0.438015
0.076366 0.901456
0.0765994 0.154262
0.0766455 0.614874
0.0768239 0.968336
0.0768259 0.803296
0.0769015 0.715808
0.0770801 0.369683
0.0775672 0.899298
0.0778448 0.658797
0.0780852 0.0552882
0.0782599 0.71148
0.0784302 0.236946
0.0785477 0.855277
0.078649 0.915474
0.0787336 0.942101
0.0792687 0.823257
0.0795508 0.820705
0.0796202 0.732619
0.0798823 0.891128
0.0802829 0.877778
0.0806987 0.938315
0.0807369 0.859625
0.0809214 0.554514
0.0812893 0.717041
0.0815065 0.815402
0.0817376 0.96541
0.081923 0.368507
0.0819722 0.840758
0.0821012 0.630063
0.0823975 0.904829
0.0825969 0.864132
0.0826382 0.708102
0.0827191 0.478598
0.0828659 0.817746
0.0829059 0.0476585
0.0829897 0.71494
0.0831033 0.830432
0.0833177 0.585425
0.0833246 0.410826
0.0834726 0.986789
0.0837265 0.364843
0.0837875 0.462226
0.0838653 0.780935
0.0847322 0.460032
0.0847837 0.273129
0.0848663 0.693594
0.0851772 0.579734
0.0852106 0.646041
0.0859765 0.732404
0.086291 0.482719
0.0864384 0.908507
0.086853 0.78105
0.0870036 0.393683
0.0870959 0.724025
0.0872303 0.744557
0.087605 0.732817
0.0880862 0.433299
0.0886229 0.844204
0.0888659 0.108572
0.0889138 0.73278
0.0898256 0.935836
0.0900548 0.0980669
0.0900632 0.944746
0.0903484 0.640572
0.0903693 0.0378604
0.0904219 0.731078
0.091684 0.868957
0.0917051 0.524252
0.0917404 0.721014
0.0917413 0.800564
0.0922948 0.468664
0.0925699 0.257125
0.0928442 0.339241
0.0929038 0.696638
0.0930335 0.219546
0.0930428 0.253476
0.0931493 0.516999
0.0934219 0.84989
0.0936189 0.377318
0.0940982 0.986106
0.0945157 0.854285
0.0947868 0.757153
0.0948322 0.514197
0.0948814 0.917508
0.0953091 0.0971504
0.0954229 0.947465
0.0955665 0.617553
0.0956965 0.957105
0.096034 0.742684
0.0960844 0.575953
0.0961393 0.852923
0.0966602 0.882211
0.0967447 0.209042
0.0971168 0.847071
0.0971207 0.829404
0.0983176 0.588105
0.0983516 0.775745
0.0986076 0.872637
0.0987141 0.806474
0.0988299 0.625474
0.0989362 0.97653
0.0990277 0.655686
0.0991796 0.909332
0.0995181 0.821735
0.0995581 0.809407
0.0995915 0.135191
0.0997733 0.807321
0.100015 0.750984
0.100061 0.280405
0.100235 0.153088
0.100307 0.0805013
0.100858 0.83372
0.100996 0.651486
0.101438 0.96744
0.10153 0.954318
0.10174 0.97729
0.102205 0.114808
0.102322 0.840143
0.102323 0.606974
0.102952 0.888008
0.103111 0.426166
0.103499 0.934678
0.103537 0.563967
0.103553 0.840433
0.103804 0.93138
0.10395 0.511685
0.104037 0.650089
0.104166 0.690492
0.104217 0.871849
0.10438 0.875269
0.10463 0.788209
0.104633 0.417586
0.104829 0.374606
0.105003 0.454796
0.105677 0.605069
0.106036 0.426172
0.106881 0.133771
0.106898 0.86576
0.107046 0.697939
0.107302 0.854499
0.107728 0.647357
0.107742 0.57788
0.107763 0.10746
0.107795 0.815982
0.107872 0.960349
0.107943 0.41686
0.108013 0.974139
0.108103 0.956246
0.108113 0.467639
0.10842 0.505196
0.108916 0.323926
0.109015 0.555785
0.109587 0.760173
0.109989 0.714113
0.110136 0.401775
0.110531 0.805569
0.110624 0.803691
0.110718 0.308568
0.110852 0.344405
0.11091 0.891497
0.111167 0.520941
0.111341 0.934464
0.111466 0.418769
0.111487 0.913576
0.1115 0.368217
0.111833 0.197368
0.112099 0.366703
0.112445 0.151275
0.112472 0.552138
0.11267 0.457328
0.11274 0.146681
0.112771 0.295259
0.112993 0.69576
0.113053 0.182059
0.113516 0.179443
0.11415 0.772898
0.115206 0.724603
0.1159 0.71233
0.116515 0.145748
0.116626 0.326683
0.11696 0.759098
0.117448 0.404508
0.117656 0.632835
0.118199 0.612474
0.118409 0.788994
0.118545 0.141523
0.118855 0.764806
0.118919 0.971263
0.119251 0.925633
0.119672 0.020748
0.11981 0.805573
0.120197 0.412557
0.120349 0.673245
0.120461 0.876641
0.120627 0.90712
0.120784 0.285625
0.121048 0.790713
0.121288 0.721761
0.121374 0.902778
0.122218 0.410208
0.122391 0.758974
0.122461 0.957787
0.122666 0.448967
0.122712 0.643133
0.122883 0.684376
0.123059 0.484475
0.123314 0.530892
0.123427 0.839313
0.123546 0.780004
0.123629 0.856918
0.123668 0.718041
0.123845 0.873449
0.12434 0.396611
0.124727 0.978283
0.125001 0.903772
0.125235 0.826777
0.125336 0.796029
0.125596 0.982613
0.125669 0.84276
0.125679 0.679179
0.126056 0.524846
0.126452 0.887968
0.12676 0.999413
0.127035 0.229693
0.12709 0.135991
0.127391 0.89358
0.127589 0.984913
0.127654 0.942633
0.127704 0.847105
0.127707 0.0400829
0.127873 0.953608
0.128006 0.6242
0.128381 0.821948
0.128537 0.494243
0.128587 0.640525
0.129007 0.697784
0.129094 0.413257
0.1291 0.760435
0.12932 0.772638
0.129343 0.908065
0.129375 0.7435
0.129883 0.326451
0.129896 0.701251
0.131072 0.851961
0.131327 0.677807
0.131334 0.851624
0.131486 0.630509
0.13163 0.497086
0.131632 0.691899
0.131716 0.962169
0.131917 0.821689
0.132322 0.765916
0.132571 0.504462
0.132708 0.222485
0.13274 0.873268
0.133556 0.70466
0.133688 0.372218
0.133732 0.929438
0.133799 0.669868
0.133815 0.212677
0.134383 0.297464
0.134951 0.384736
0.135268 0.36655
0.135582 0.960471
0.136004 0.863098
0.13623 0.896697
0.13628 0.807188
0.136512 0.209754
0.136525 0.628528
0.136532 0.286905
0.136653 0.703778
0.137812 0.799742
0.137823 0.886494
0.137948 0.476478
0.138432 0.975827
0.138923 0.59996
0.139317 0.757466
0.139654 0.427404
0.13989 0.424499
0.140074 0.912847
0.140394 0.634997
0.140886 0.329744
0.140952 0.284739
0.14144 0.245868
0.141722 0.481384
0.141886 0.896199
0.141974 0.700633
0.142044 0.814277
0.142898 0.858658
0.143261 0.787093
0.143331 0.610108
0.143339 0.448347
0.144007 0.781885
0.144092 0.48855
0.144233 0.985993
0.144327 0.986861
0.144399 0.368239
0.144493 0.995689
0.144938 0.867121
0.145054 0.897551
0.145655 0.891913
0.145869 0.105418
0.145993 0.529289
0.146283 0.481965
0.146325 0.965355
0.146778 0.284423
0.146831 0.407673
0.147184 0.974093
0.147734 0.794734
0.147762 0.698474
0.148085 0.384836
0.148203 0.674669
0.148248 0.322694
0.148805 0.993563
0.148858 0.0815887
0.149176 0.480783
0.149212 0.91846
0.149299 0.846208
0.14931 0.405808
0.149382 0.778911
0.149424 0.898041
0.149715 0.62646
0.149876 0.446891
0.150075 0.623971
0.150344 0.305533
0.150366 0.940896
0.150367 0.336467
0.15054 0.886922
0.150585 0.295799
0.150705 0.439116
0.150917 0.765428
0.150923 0.941561
0.151342 0.951809
0.151866 0.954155
0.152058 0.263025
0.15264 0.548905
0.152664 0.796815
0.152879 0.303895
0.1542 0.174096
0.154475 0.529968
0.154883 0.579969
0.155063 0.629441
0.155089 0.834111
0.155143 0.58887
0.155817 0.67953
0.156014 0.451408
0.156194 0.649312
0.156641 0.429422
0.156668 0.522196
0.156939 0.44194
0.157229 0.423946
0.157243 0.327574
0.157277 0.898817
0.157476 0.634219
0.157524 0.168592
0.158323 0.364883
0.158592 0.359413
0.158952 0.997667
0.159037 0.606661
0.159068 0.80076
0.159447 0.238631
0.160037 0.631842
0.160644 0.821364
0.160877 0.100434
0.160933 0.0169035
0.161206 0.952317
0.161477 0.162714
0.161535 0.0510995
0.161543 0.752092
0.161575 0.156261
0.161865 0.376035
0.162628 0.79497
0.162795 0.710615
0.162909 0.866707
0.163133 0.0164216
0.16332 0.51099
0.163666 0.375868
0.163813 0.959197
0.163847 0.849215
0.164038 0.659242
0.164325 0.757688
0.164412 0.83597
0.164665 0.908332
0.165286 0.746802
0.165598 0.46774
0.166277 0.617414
0.166415 0.366612
0.166487 0.865751
0.16656 0.864155
0.166717 0.873536
0.166936 0.0638268
0.166951 0.866274
0.167147 0.574809
0.167728 0.512599
0.168185 0.790331
0.168252 0.319768
0.168748 0.291398
0.168751 0.564363
0.168759 0.842321
0.168862 0.999656
0.168933 0.888998
0.169409 0.589299
0.169576 0.553536
0.169838 0.812465
0.170331 0.439368
0.170564 0.360519
0.170573 0.890934
0.170655 0.330203
0.170723 0.342304
0.171454 0.58217
0.171544 0.326768
0.171587 0.976131
0.171739 0.200155
0.171968 0.771188
0.172083 0.60991
0.172351 0.466154
0.172619 0.406824
0.172819 0.625916
0.172861 0.898737
0.17326 0.693199
0.173802 0.450286
0.174248 0.563069
0.174503 0.0262178
0.174537 0.888303
0.174814 0.58779
0.174967 0.621554
0.175058 0.044987
0.175138 0.425764
0.175281 0.586463
0.175325 0.296616
0.175451 0.881105
0.175673 0.77627
0.175721 0.951399
0.17607 0.492842
0.176415 0.581191
0.176447 0.0405422
0.176928 0.11886
0.177017 0.440539
0.177196 0.0398118
0.177339 0.798337
0.178127 0.619678
0.178467 0.807291
0.178476 0.766243
0.178553 0.644226
0.178933 0.0144322
0.179544 0.766626
0.179705 0.469911
0.180078 0.740104
0.18026 0.423717
0.180379 0.788786
0.180521 0.972439
0.18069 0.792013
0.180962 0.619408
0.181779 0.692251
0.182097 0.925203
0.182543 0.932581
0.182579 0.690171
0.182688 0.399212
0.18297 0.244509
0.18317 0.636282
0.183314 0.76572
0.183532 0.952987
0.184234 0.272885
0.18432 0.421482
0.184393 0.422393
0.185002 0.874024
0.185408 0.189588
0.185638 0.012838
0.185639 0.778934
0.186165 0.964991
0.186728 0.613263
0.187318 0.605479
0.187545 0.403102
0.187791 0.135465
0.188421 0.898983
0.188447 0.683669
0.188719 0.91093
0.18893 0.463262
0.189128 0.242213
0.189372 0.598695
0.189384 0.938691
0.189577 0.218242
0.1897 0.859855
0.190309 0.589612
0.190576 0.996973
0.190833 0.949357
0.191204 0.462907
0.191545 0.861659
0.191677 0.870208
0.19175 0.916698
0.191761 0.979306
0.192402 0.869664
0.19257 0.452654
0.192664 0.439081
0.193052 0.80713
0.193608 0.769245
0.194105 0.291757
0.194352 0.280675
0.194482 0.236292
0.194728 0.152704
0.195016 0.977136
0.195151 0.379867
0.195273 0.113888
0.195465 0.446703
0.195773 0.632919
0.196265 0.417039
0.196373 0.75671
0.196862 0.966076
0.19687 0.538993
0.196882 0.623853
0.19699 0.00608329
0.197141 0.536146
0.197407 0.316646
0.197412 0.830959
0.197733 0.853024
0.198292 0.862025
0.198638 0.820303
0.198932 0.743828
0.198984 0.740439
0.199641 0.849343
0.200018 0.823916
0.200671 0.111894
0.201146 0.0253617
0.202188 0.367263
0.202328 0.278226
0.202784 0.61155
0.203004 0.145574
0.203231 0.702073
0.203323 0.84798
0.203792 0.95728
0.203881 0.855251
0.204088 0.0918007
0.204095 0.724519
0.204914 0.922622
0.205258 0.927624
0.205897 0.766375
0.206041 0.0796063
0.206256 0.914224
0.206916 0.779504
0.207227 0.440604
0.207659 0.773941
0.207744 0.340505
0.208001 0.722931
0.208556 0.934863
0.208874 0.0975592
0.209738 0.411666
0.210108 0.45711
0.210925 0.787109
0.211918 0.782046
0.212001 0.053355
0.213205 0.906382
0.213286 0.312445
0.213562 0.884176
0.213604 0.879469
0.213604 0.933922
0.213656 0.329804
0.213691 0.587568
0.213774 0.179506
0.213864 0.291931
0.214067 0.0883087
0.214267 0.848931
0.214607 0.398926
0.216538 0.00355648
0.216788 0.096775
0.216908 0.260258
0.217397 0.526505
0.217786 0.784208
0.217812 0.35424
0.217972 0.833123
0.218047 0.129634
0.218116 0.762544
0.218831 0.680697
0.219492 0.830601
0.219542 0.623583
0.219906 0.800485
0.220005 0.248128
0.220109 0.0811546
0.22058 0.824738
0.220633 0.673799
0.220707 0.328662
0.220763 0.666362
0.220911 0.800124
0.221311 0.947793
0.221329 0.165694
0.221814 0.823366
0.221837 0.0387967
0.222166 0.0518267
0.222495 0.747856
0.222593 0.946482
0.222911 0.892571
0.223108 0.809321
0.223562 0.00977765
0.223583 0.675307
0.223865 0.61743
0.224459 0.970611
0.224633 0.939152
0.224673 0.996084
0.224753 0.724453
0.224805 0.955055
0.225984 0.0268855
0.226784 0.00377037
0.226827 0.508489
0.22709 0.579336
0.227341 0.804914
0.227739 0.406274
0.228643 0.311779
0.228655 0.709123
0.229279 0.85082
0.229609 0.882936
0.229666 0.559272
0.229824 0.55701
0.23011 0.285011
0.230409 0.177321
0.230515 0.837564
0.230721 0.127156
0.23166 0.126517
0.23169 0.0113849
0.231705 0.448352
0.232005 0.270568
0.232087 0.110918
0.232333 0.90748
0.232525 0.398761
0.233021 0.794655
0.233233 0.950734
0.23331 0.400491
0.233524 0.337817
0.233618 0.949609
0.233622 0.771934
0.233886 0.910281
0.234288 0.861811
0.234375 0.698822
0.234389 0.93387
0.234753 0.874261
0.235208 0.0240379
0.235366 0.55088
0.235441 0.971349
0.236452 0.775477
0.236522 0.332682
0.236634 0.234181
0.236666 0.303307
0.236943 0.860218
0.237024 0.786453
0.237064 0.330122
0.237352 0.470599
0.237447 0.443064
0.237914 0.948056
0.238649 0.931316
0.238764 0.658606
0.238897 0.73383
0.238959 0.298957
0.238979 0.153674
0.238993 0.973168
0.239255 0.837352
0.239272 0.189497
0.239461 0.0196957
0.239535 0.642552
0.240086 0.751846
0.24019 0.93129
0.240314 0.922781
0.240381 0.588542
0.241341 0.631736
0.242046 0.941903
0.242222 0.956742
0.24228 0.472656
0.242562 0.889627
0.242854 0.892522
0.24354 0.780415
0.243567 0.329985
0.243769 0.535995
0.243852 0.254568
0.243876 0.521359
0.244019 0.620304
0.244343 0.150761
0.244809 0.777027
0.245115 0.910103
0.24552 0.00994591
0.245594 0.0731358
0.246437 0.464982
0.246504 0.511654
0.246506 0.546867
0.246573 0.469744
0.24663 0.890114
0.247287 0.872442
0.247758 0.0575802
0.248159 0.386383
0.248399 0.840901
0.248499 0.424403
0.248535 0.846916
0.248553 0.315023
0.248582 0.680026
0.248685 0.869056
0.248854 0.840685
0.249487 0.234058
0.249866 0.907501
0.249988 0.747826
0.250075 0.0575766
0.250108 0.709798
0.250264 0.0466147
0.250365 0.869739
0.250499 0.709556
0.250601 0.308048
0.25104 0.0363708
0.251056 0.461244
0.251113 0.775016
0.251431 0.72539
0.251897 0.928393
0.251936 0.422741
0.252074 0.906753
0.252089 0.229398
0.252604 0.619346
0.25271 0.858431
0.252771 0.288785
0.25297 0.480495
0.252985 0.0465841
0.253227 0.911165
0.253578 0.677556
0.253616 0.801696
0.253636 0.988861
0.253918 0.905948
0.25405 0.405649
0.254312 0.93468
0.255022 0.902111
0.25514 0.402855
0.255361 0.134065
0.255438 0.0731623
0.255563 0.320863
0.255664 0.872756
0.255738 0.894006
0.256687 0.243926
0.256766 0.903942
0.257076 0.988087
0.257367 0.819295
0.257927 0.0434927
0.258558 0.468486
0.259037 0.798467
0.259136 0.672706
0.259432 0.93052
0.259451 0.0239044
0.259851 0.673786
0.260171 0.864604
0.260266 0.908899
0.260437 0.0172776
0.260926 0.533412
0.261907 0.610559
0.262118 0.357128
0.262125 0.868663
0.262272 0.905941
0.262372 0.648743
0.262667 0.270494
0.262732 0.87142
0.262864 0.6477
0.263269 0.528504
0.263734 0.707531
0.263823 0.881251
0.26413 0.869842
0.264412 0.0701789
0.26444 0.705952
0.26462 0.438587
0.264859 0.81098
0.264935 0.933424
0.264953 0.132352
0.264982 0.0163829
0.265588 0.50407
0.265765 0.0629225
0.266434 0.794847
0.26659 0.609638
0.266673 0.767153
0.26728 0.74264
0.267651 0.979878
0.267877 0.968597
0.268024 0.0933863
0.268351 0.263665
0.268476 0.860653
0.268552 0.846581
0.26882 0.64775
0.269028 0.641683
0.269464 0.632442
0.269613 0.85591
0.269764 0.343692
0.269891 0.152594
0.269954 0.173596
0.270859 0.911093
0.270876 0.849869
0.270974 0.942309
0.27147 0.0068464
0.271563 0.899701
0.271957 0.425535
0.272034 0.242529
0.272382 0.25988
0.272495 0.613432
0.273087 0.343076
0.273338 0.4572
0.273455 0.974277
0.273485 0.94616
0.273902 0.00636009
0.274865 0.988143
0.275085 0.70016
0.275559 0.710212
0.275654 0.449798
0.276087 0.126927
0.276089 0.752967
0.276113 0.145428
0.276847 0.0228876
0.276922 0.212249
0.277235 0.890021
0.277879 0.778243
0.277937 0.245033
0.278315 0.782541
0.278378 0.978079
0.278524 0.607309
0.278681 0.495258
0.278689 0.826153
0.279171 0.599521
0.279227 0.963026
0.279374 0.111765
0.280219 0.966357
0.280248 0.0244179
0.280286 0.977017
0.280456 0.540984
0.281022 0.324637
0.281239 0.8497
0.281325 0.0625403
0.281432 0.669503
0.281598 0.462532
0.282372 0.635819
0.282706 0.708648
0.282958 0.819301
0.282962 0.29144
0.283476 0.859643
0.283837 0.824058
0.284306 0.929065
0.284409 0.316363
0.284607 0.68737
0.284691 0.334485
0.284845 0.460102
0.285001 0.618369
0.285099 0.0920275
0.285651 0.963712
0.285779 0.610498
0.286249 0.59929
0.286314 0.956707
0.286528 0.485033
0.286899 0.173423
0.28715 0.99858
0.287606 0.710974
0.288191 0.0863329
0.288466 0.942293
0.288543 0.97189
0.289101 0.583238
0.28986 0.780131
0.290472 0.0223014
0.29074 0.522454
0.290834 0.807396
0.290914 0.907873
0.291037 0.820376
0.291543 0.848807
0.291553 0.226937
0.29167 0.00143569
0.291714 0.582433
0.292316 0.868537
0.292571 0.767583
0.292757 0.32024
0.293199 0.815908
0.293727 0.311207
0.293747 0.743922
0.294048 0.136148
0.29429 0.957761
0.294811 0.487256
0.294951 0.0162136
0.29504 0.557731
0.295718 0.905478
0.296002 0.972638
0.29611 0.67051
0.296153 0.55416
0.296602 0.984292
0.296642 0.987882
0.296798 0.75359
0.296902 0.0955152
0.296938 0.701484
0.29704 0.0593208
0.297087 0.843836
0.29713 0.53597
0.29721 0.964017
0.297352 0.289565
0.29784 0.285955
0.297887 0.91705
0.297946 0.00852523
0.298042 0.353453
0.298152 0.668861
0.298179 0.282231
0.298285 0.000786776
0.298536 0.848885
0.298874 0.0838228
0.299016 0.0138871
0.299036 0.544893
0.299199 0.58162
0.299626 0.23602
0.29966 0.172226
0.300022 0.869131
0.300303 0.832331
0.301343 0.845473
0.30148 0.573276
0.301725 0.924939
0.301954 0.347751
0.301955 0.404067
0.30368 0.907182
0.303797 0.710224
0.304053 0.667121
0.30469 0.648048
0.304817 0.725729
0.305458 0.845623
0.306161 0.163915
0.306495 0.991725
0.306736 0.990977
0.306952 0.535656
0.306977 0.949007
0.308546 0.469032
0.308727 0.910772
0.308754 0.988603
0.309329 0.95948
0.309691 0.954677
0.310108 0.16129
0.310162 0.15246
0.310552 0.138134
0.31091 0.956218
0.311047 0.0562708
0.31164 0.491237
0.311843 0.0222189
0.311986 0.573275
0.312064 0.0934058
0.312105 0.6906
0.3122 0.604071
0.312588 0.541984
0.312687 0.080649
0.312715 0.484733
0.312719 0.762768
0.312801 0.444778
0.312862 0.227803
0.312965 0.600216
0.313063 0.923842
0.31372 0.863713
0.314206 0.843435
0.314579 0.343399
0.314791 0.824841
0.315031 0.684566
0.31513 0.720042
0.315563 0.112446
0.315891 0.211953
0.315979 0.99878
0.317387 0.206257
0.31791 0.0415146
0.318223 0.69975
0.318519 0.995489
0.318668 0.827654
0.318673 0.274031
0.319056 0.536958
0.319073 0.93996
0.320119 0.788979
0.320359 0.0346369
0.320461 0.709165
0.320558 0.900651
0.320699 0.20249
0.320904 0.753793
0.321485 0.729553
0.32175 0.13323
0.321863 0.465942
0.322083 0.472688
0.322964 0.806795
0.323364 0.781509
0.323376 0.441566
0.323579 0.88268
0.323659 0.109781
0.324644 0.720646
0.325271 0.222885
0.32533 0.716241
0.326041 0.198988
0.326522 0.273884
0.326829 0.0584738
0.326831 0.951099
0.327019 0.445084
0.327176 0.706885
0.327494 0.99264
0.32764 0.168986
0.328285 0.802908
0.328454 0.776077
0.328474 0.210339
0.328755 0.466929
0.328949 0.820716
0.329092 0.710422
0.329462 0.440093
0.329611 0.534723
0.330796 0.318644
0.331109 0.767553
0.331686 0.966005
0.331742 0.839982
0.331988 0.0311179
0.33259 0.90426
0.333222 0.663639
0.333249 0.130109
0.333759 0.992607
0.333794 0.885328
0.334154 0.834576
0.334662 0.696235
0.334729 0.717237
0.334781 0.696293
0.334849 0.528538
0.335008 0.0336938
0.335228 0.939955
0.335341 0.0287278
0.336099 0.507901
0.336222 0.397879
0.336599 0.634362
0.33697 0.788168
0.337814 0.964313
0.338048 0.657766
0.338146 0.964834
0.338519 0.00325871
0.338536 0.577511
0.338855 0.266116
0.339856 0.0499131
0.339933 0.930095
0.340028 0.634339
0.340231 0.262134
0.340568 0.881442
0.3409 0.436614
0.341207 0.967696
0.341313 0.262869
0.341428 0.689705
0.341762 0.198373
0.341785 0.777428
0.341917 0.709035
0.342365 0.99472
0.342698 0.762085
0.343032 0.921388
0.34339 0.205193
0.343886 0.8975
0.343901 0.769809
0.344161 0.86182
0.344238 0.0997078
0.344308 0.654678
0.344458 0.026275
0.344807 0.189029
0.344869 0.928772
0.344893 0.0209589
0.345059 0.571139
0.34578 0.0953112
0.345932 0.0248997
0.346286 0.167528
0.346982 0.419489
0.347024 0.762874
0.347075 0.047277
0.347175 0.617106
0.347309 0.690903
0.34742 0.633164
0.347823 0.87011
0.348162 0.87362
0.348899 0.681858
0.349171 0.811198
0.349416 0.987234
0.349659 0.702594
0.349921 0.673299
0.350093 0.0561261
0.350208 0.730002
0.350568 0.688781
0.350896 0.9774
0.351154 0.198224
0.351304 0.0578471
0.351331 0.704865
0.351365 0.808837
0.351715 0.821323
0.351862 0.262114
0.352012 0.0516998
0.352023 0.667813
0.352033 0.22499
0.352397 0.195775
0.353025 0.0683771
0.353943 0.872302
0.353971 0.0157223
0.354059 0.163991
0.354378 0.162085
0.354406 0.902078
0.354407 0.460704
0.354539 0.255841
0.354824 0.687286
0.354864 0.798714
0.355235 0.0182945
0.355303 0.925583
0.355588 0.860419
0.356649 0.949899
0.357035 0.794445
0.357145 0.880684
0.357725 0.0591141
0.357784 0.964491
0.357813 0.664064
0.357919 0.783629
0.358015 0.639549
0.358276 0.152971
0.359103 0.271351
0.359577 0.910051
0.361569 0.952129
0.361673 0.223478
0.361779 0.629783
0.362048 0.915797
0.363186 0.736344
0.363754 0.92352
0.364265 0.867475
0.364291 0.15059
0.364765 0.0583971
0.364925 0.257803
0.365402 0.0424788
0.365567 0.136338
0.365723 0.812323
0.365778 0.682848
0.366623 0.963939
0.366751 0.299659
0.36685 0.0734358
0.367206 0.0160272
0.367295 0.427932
0.367462 0.673659
0.367906 0.270678
0.368049 0.785404
0.369089 0.898223
0.369133 0.249377
0.369321 0.910153
0.369527 0.330298
0.369725 0.236894
0.369778 0.193362
0.369863 0.22818
0.370161 0.760154
0.370167 0.863345
0.370522 0.225903
0.370879 0.923019
0.371388 0.0794209
0.371616 0.220835
0.371671 0.0498902
0.371891 0.119877
0.372383 0.954686
0.372432 0.997611
0.373268 0.0414448
0.373997 0.0582747
0.37417 0.586818
0.374364 0.855719
0.374508 0.498421
0.374514 0.409057
0.374542 0.401139
0.374598 0.146428
0.374726 0.663178
0.375368 0.931884
0.375825 0.93039
0.37593 0.0412004
0.376097 0.270533
0.37762 0.819026
0.377727 0.766306
0.377957 0.00336291
0.378334 0.535084
0.378514 0.848079
0.378838 0.888932
0.380111 0.871813
0.380151 0.88015
0.380432 0.969077
0.380502 0.900447
0.380559 0.865801
0.381213 0.817687
0.381254 0.839183
0.381533 0.585787
0.381983 0.475301
0.382161 0.133293
0.382202 0.984836
0.382431 0.87776
0.382446 0.57578
0.382962 0.931859
0.383304 0.672703
0.384321 0.212255
0.384866 0.835852
0.384887 0.547511
0.385132 0.893094
0.385157 0.0239415
0.385601 0.732185
0.386414 0.873473
0.386426 0.44028
0.386508 0.528428
0.386587 0.9483
0.387059 0.874574
0.38715 0.994117
0.38767 0.0492714
0.389059 0.832913
0.38994 0.663645
0.390541 0.0330937
0.390612 0.993582
0.390617 0.433511
0.391148 0.730753
0.392365 0.0123209
0.39281 0.853177
0.393547 0.963735
0.393595 0.911399
0.394606 0.638228
0.394708 0.567729
0.394756 0.0467587
0.395275 0.515653
0.395546 0.117356
0.395756 0.620691
0.396138 0.850954
0.396199 0.269935
0.396607 0.115425
0.397249 0.322809
0.397486 0.727598
0.398274 0.145577
0.398601 0.256273
0.398618 0.381945
0.398682 0.530607
0.399115 0.557657
0.399791 0.929808
0.40048 0.0322665
0.400615 0.0563127
0.40099 0.377107
0.40105 0.0546483
0.401098 0.352768
0.4016 0.903159
0.401623 0.814593
0.401756 0.755152
0.401923 0.089821
0.402206 0.541339
0.402494 0.277769
0.403412 0.0786219
0.403587 0.973056
0.403632 0.900345
0.403911 0.939295
0.404045 0.224929
0.404146 0.27554
0.405139 0.895228
0.405256 0.786316
0.405295 0.829032
0.405478 0.133092
0.405484 0.63042
0.405698 0.321918
0.405802 0.37411
0.40598 0.0560645
0.40601 0.778825
0.406562 0.894371
0.40678 0.619427
0.407786 0.189306
0.407998 0.255338
0.408168 0.374025
0.408322 0.641273
0.40854 0.923766
0.408855 0.261513
0.408891 0.921124
0.409231 0.0538564
0.409433 0.850463
0.409677 0.247191
0.409763 0.808292
0.409819 0.771991
0.410008 0.254974
0.410465 0.214342
0.410519 0.389489
0.410601 0.24661
0.410657 0.474826
0.410668 0.0359554
0.410736 0.422549
0.411243 0.223312
0.411317 0.11571
0.411841 0.648885
0.412287 0.918632
0.41311 0.640867
0.413422 0.717053
0.413457 0.627811
0.413501 0.567239
0.413952 0.910671
0.414578 0.0761184
0.414842 0.751388
0.415047 0.114927
0.415059 0.858485
0.415678 0.611873
0.415863 0.00199161
0.415998 0.187763
0.416364 0.709151
0.416488 0.253089
0.416535 0.802973
0.416995 0.934637
0.417795 0.591264
0.418478 0.417213
0.419588 0.36057
0.419876 0.855307
0.420496 0.634606
0.420922 0.963384
0.421266 0.325535
0.421378 0.14995
0.421633 0.319871
0.421984 0.347014
0.421992 0.0677645
0.422345 0.370499
0.422394 0.0359454
0.422508 0.895269
0.422516 0.800297
0.423158 0.793788
0.423702 0.993802
0.424 0.633257
0.424012 0.829102
0.424932 0.899676
0.424991 0.180562
0.425309 0.363615
0.425424 0.373074
0.426008 0.631816
0.426888 0.612781
0.427179 0.540601
0.427526 0.899063
0.427633 0.680476
0.427742 0.820693
0.427808 0.853303
0.427972 0.967628
0.428344 0.317245
0.428565 0.0475557
0.428682 0.276422
0.429177 0.8531
0.429482 0.639437
0.429659 0.358244
0.42982 0.000637369
0.429885 0.81681
0.429993 0.421241
0.430161 0.670053
0.430309 0.816437
0.430428 0.9595
0.430724 0.610385
0.431018 0.927274
0.43114 0.976548
0.431224 0.339488
0.431604 0.0544718
0.43177 0.965882
0.431855 0.335094
0.431879 0.835362
0.432083 0.871526
0.432384 0.985637
0.432589 0.50804
0.432785 0.104218
0.432923 0.0986284
0.433403 0.411958
0.433595 0.715609
0.433997 0.957368
0.434272 0.982397
0.434541 0.695993
0.434707 0.558039
0.434781 0.136606
0.435253 0.736297
0.435312 0.0356956
0.435325 0.346054
0.436002 0.881781
0.436121 0.552225
0.436319 0.999219
0.436638 0.749994
0.436812 0.062908
0.436999 0.782073
0.437281 0.831155
0.437518 0.86513
0.437762 0.199053
0.438314 0.439823
0.438674 0.411356
0.43892 0.624832
0.43894 0.103917
0.438955 0.906684
0.439099 0.874413
0.439479 0.0651912
0.43949 0.206489
0.43975 0.565943
0.439795 0.950782
0.439923 0.201705
0.440065 0.0438683
0.44013 0.0463309
0.441212 0.714338
0.44124 0.713629
0.441399 0.919893
0.44155 0.408355
0.442082 0.0527048
0.442084 0.99827
0.442233 0.82316
0.443074 0.112715
0.443251 0.889368
0.443362 0.275679
0.443985 0.720651
0.444495 0.0214996
0.444918 0.158013
0.445248 0.403603
0.445432 0.813677
0.445877 0.895576
0.446027 0.0505119
0.446234 0.300683
0.44678 0.900028
0.447158 0.985582
0.447568 0.383319
0.447968 0.711863
0.448212 0.85688
0.448337 0.846953
0.448351 0.873321
0.448513 0.50031
0.448863 0.56177
0.449493 0.983334
0.450104 0.894694
0.450109 0.308938
0.45021 0.711287
0.450571 0.971547
0.450639 0.96524
0.450772 0.83213
0.450881 0.55025
0.451393 0.298214
0.451456 0.53334
0.452029 0.929218
0.452409 0.876697
0.453971 0.763854
0.454694 0.874694
0.454938 0.609857
0.455062 0.150528
0.455099 0.872733
0.455124 0.228238
0.455163 0.849238
0.455618 0.631611
0.456146 0.828594
0.457007 0.558838
0.457111 0.194378
0.457384 0.130277
0.457423 0.0977933
0.457568 0.173849
0.457841 0.188419
0.458356 0.578553
0.45848 0.740283
0.459415 0.0186384
0.460104 0.126466
0.460271 0.16959
0.460271 0.0887931
0.460374 0.686473
0.460622 0.330512
0.460694 0.919915
0.460984 0.824976
0.461343 0.528601
0.461427 0.281986
0.461681 0.363232
0.461731 0.848899
0.461832 0.440976
0.461887 0.105056
0.462186 0.272829
0.462633 0.473357
0.463728 0.97978
0.464202 0.0460429
0.464881 0.370015
0.465043 0.125717
0.465409 0.874554
0.465675 0.810265
0.467462 0.148815
0.468203 0.802056
0.468436 0.326661
0.468581 0.979169
0.469047 0.557285
0.469341 0.176519
0.469691 0.74392
0.469781 0.0921443
0.470078 0.878729
0.470126 0.011753
0.470164 0.957617
0.470363 0.395278
0.470493 0.176377
0.470871 0.305005
0.471139 0.527065
0.471458 0.51502
0.471532 0.660998
0.471536 0.83204
0.472784 0.993767
0.473296 0.514397
0.473481 0.799108
0.474375 0.742742
0.474433 0.0502047
0.474445 0.975398
0.474612 0.037362
0.474703 0.799802
0.475138 0.304509
0.47519 0.822135
0.47545 0.0461173
0.47576 0.993261
0.475784 0.275058
0.476089 0.00767419
0.476198 0.137716
0.476268 0.794571
0.476354 0.48053
0.476795 0.0959068
0.476852 0.106794
0.477237 0.67769
0.478479 0.787654
0.478592 0.914199
0.479552 0.778751
0.479718 0.845202
0.479767 0.238956
0.47998 0.531573
0.479993 0.946552
0.480083 0.475115
0.480258 0.72106
0.480816 0.868027
0.48082 0.773741
0.481133 0.446428
0.481622 0.117678
0.482082 0.614129
0.482119 0.91103
0.482852 0.871846
0.483064 0.688671
0.483711 0.341323
0.484276 0.668757
0.484298 0.440951
0.485143 0.0149374
0.485351 0.00987849
0.485788 0.341121
0.485847 0.967842
0.48679 0.492894
0.487242 0.940785
0.487312 0.00257148
0.487535 0.524183
0.487773 0.486074
0.48797 0.5792
0.488442 0.470735
0.488512 0.379593
0.488656 0.105909
0.488724 0.926737
0.489277 0.550256
0.489398 0.991918
0.489477 0.031624
0.489483 0.468749
0.490535 0.786992
0.491029 0.798064
0.491614 0.457748
0.492257 0.198878
0.492267 0.548802
0.492311 0.870399
0.492413 0.804927
0.49319 0.970306
0.493219 0.0405363
0.493366 0.449598
0.49531 0.779964
0.495755 0.665371
0.495907 0.0502625
0.496524 0.650305
0.496783 0.939384
0.497907 0.522648
0.498232 0.0818716
0.498378 0.520973
0.499177 0.98677
0.499709 0.983717
0.499844 0.00401154
0.499907 0.390958
0.500297 0.56738
0.500964 0.802686
0.501112 0.649872
0.501262 0.0299155
0.50189 0.0446591
0.501941 0.0899099
0.502627 0.575801
0.502645 0.110774
0.502653 0.00748537
0.503255 0.210272
0.504236 0.376642
0.504304 0.455151
0.50434 0.374005
0.504597 0.610088
0.505345 0.109567
0.505376 0.643471
0.505924 0.720033
0.506235 0.20219
0.506766 0.081143
0.506821 0.865999
0.506837 0.968141
0.50701 0.865382
0.507333 0.898449
0.507701 0.95045
0.507751 0.313828
0.50785 0.30278
0.508123 0.695187
0.508613 0.978617
0.508857 0.686154
0.509158 0.224675
0.509196 0.220561
0.509571 0.219247
0.509572 0.649403
0.510107 0.00919689
0.510191 0.754258
0.510488 0.0584804
0.51049 0.718728
0.510917 0.217621
0.510934 0.216558
0.510952 0.398243
0.511032 0.707639
0.511073 0.507908
0.511959 0.394212
0.512177 0.883257
0.51369 0.609293
0.513756 0.938956
0.513837 0.0781736
0.514211 0.879659
0.514296 0.262296
0.514332 0.681893
0.514794 0.936222
0.515804 0.023887
0.516457 0.799181
0.516581 0.147279
0.516851 0.547363
0.516959 0.382598
0.517378 0.00443472
0.517543 0.240133
0.51759 0.896554
0.517803 0.751247
0.518253 0.0607858
0.518638 0.955344
0.519009 0.0868166
0.519103 0.584239
0.519559 0.22971
0.519656 0.979422
0.519728 0.878014
0.52011 0.33866
0.520376 0.971294
0.520464 0.0930903
0.52186 0.184762
0.52236 0.676703
0.522499 0.888348
0.522614 0.557254
0.523062 0.854155
0.523543 0.637934
0.523656 0.637117
0.524019 0.000409046
0.524116 0.706635
0.524285 0.927082
0.524545 0.0499774
0.524863 0.37495
0.525045 0.850546
0.52548 0.332133
0.525636 0.777964
0.525773 0.0558866
0.526491 0.192861
0.527072 0.0458462
0.527349 0.983493
0.527749 0.525579
0.527956 0.139572
0.528603 0.583059
0.528889 0.0883007
0.528935 0.869738
0.529515 0.754114
0.529849 0.0707732
0.530917 0.964837
0.53121 0.0350163
0.531471 0.0477688
0.531544 0.070181
0.532821 0.524308
0.532836 0.676597
0.532946 0.475285
0.533169 0.127671
0.533181 0.569126
0.533354 0.273614
0.533606 0.181441
0.53367 0.843861
0.53396 0.608538
0.534552 0.0100568
0.534619 0.843787
0.535766 0.820478
0.53595 0.358683
0.536115 0.0457426
0.536436 0.95023
0.536575 0.0835961
0.53748 0.917647
0.537993 0.121926
0.53843 0.466727
0.538773 0.97125
0.539485 0.0402571
0.539803 0.176447
0.540727 0.432133
0.541222 0.220845
0.542657 0.566711
0.542683 0.975924
0.542831 0.396015
0.543028 0.925126
0.543147 0.0773654
0.543192 0.910827
0.543877 0.692358
0.544026 0.0508173
0.544096 0.986461
0.545441 0.688581
0.545899 0.726644
0.546568 0.0661002
0.546813 0.843709
0.546984 0.308812
0.547055 0.177157
0.54779 0.464993
0.548139 0.283409
0.548528 0.0218941
0.548651 0.840383
0.549136 0.840014
0.549416 0.0498485
0.549468 0.0324968
0.549704 0.748494
0.550422 0.849145
0.550899 0.189881
0.551228 0.995922
0.551566 0.829275
0.551615 0.184723
0.551639 0.985445
0.552374 0.547193
0.553111 0.249893
0.553213 0.906618
0.554037 0.115944
0.554079 0.0153339
0.554082 0.43391
0.554128 0.136261
0.554477 0.0651228
0.5546 0.946408
0.554881 0.0750368
0.555109 0.468955
0.555275 0.819681
0.555436 0.163873
0.55546 0.740759
0.55622 0.133305
0.556514 0.48739
0.557395 0.72661
0.557664 0.813663
0.557707 0.985644
0.557845 0.275961
0.558 0.862838
0.55803 0.672772
0.558107 0.00955091
0.558416 0.48215
0.558643 0.18859
0.558657 0.621895
0.558981 0.940996
0.55932 0.99861
0.559612 0.0898919
0.560373 0.791657
0.560991 0.349831
0.561184 0.798869
0.561303 0.0431474
0.561504 0.205148
0.561659 0.725369
0.562476 0.788313
0.562692 0.279222
0.562784 0.0363203
0.563377 0.880552
0.563657 0.237077
0.564055 0.276797
0.564099 0.122944
0.564705 0.188248
0.564812 0.171749
0.564955 0.0211046
0.565587 0.975299
0.566681 0.065541
0.56774 0.0285895
0.567878 0.964445
0.568515 0.930163
0.568979 0.962912
0.569652 0.051846
0.570026 0.977947
0.570278 0.328409
0.570288 0.219931
0.570715 0.0598576
0.570941 0.0420638
0.571768 0.119137
0.571894 0.0101218
0.572252 0.322264
0.572325 0.984104
0.572341 0.0169498
0.572713 0.995756
0.573591 0.0425193
0.573798 0.705926
0.574068 0.21244
0.574576 0.997988
0.574811 0.229444
0.575561 0.415435
0.575563 0.00632008
0.575605 0.458512
0.575759 0.0757014
0.57605 0.00758101
0.576109 0.0280984
0.576713 0.014272
0.577406 0.782571
0.577453 0.0161802
0.578037 0.0459313
0.579294 0.376811
0.579631 0.0900684
0.579717 0.0368203
0.58003 0.781898
0.580202 0.305256
0.58212 0.972915
0.582121 0.115126
0.582278 0.0299049
0.583062 0.30319
0.58315 0.632244
0.583177 0.0446214
0.583207 0.439957
0.58344 0.49813
0.584242 0.433644
0.584338 0.0882147
0.58434 0.0643739
0.58443 0.0723451
0.584676 0.879421
0.584689 0.210758
0.584962 0.274721
0.584986 0.18696
0.584999 0.163409
0.585667 0.770114
0.585917 0.0474895
0.586423 0.194727
0.586475 0.87704
0.587295 0.186482
0.587458 0.0681517
0.58765 0.795756
0.587741 0.134306
0.588238 0.118535
0.588646 0.338474
0.588695 0.0921486
0.58895 0.328522
0.589829 0.755877
0.590467 0.958083
0.590671 0.191455
0.591021 0.601785
0.591206 0.13092
0.591355 0.1746
0.592024 0.0116783
0.592158 0.691491
0.592551 0.036205
0.592789 0.316535
0.592892 0.0546405
0.593076 0.849914
0.593106 0.413634
0.593644 0.543136
0.593857 0.28931
0.594206 0.5333
0.594269 0.00944065
0.59428 0.0492259
0.594537 0.147924
0.594556 0.278215
0.594664 0.000583333
0.594811 0.0556374
0.594942 0.450428
0.595511 0.0160718
0.595986 0.311729
0.596448 0.252463
0.596625 0.892738
0.596763 0.211483
0.596891 0.379435
0.597206 0.365981
0.597483 0.992544
0.597557 0.826499
0.597711 0.397858
0.598066 0.139301
0.598479 0.365259
0.598499 0.703781
0.598916 0.792837
0.598972 0.08888
0.599258 0.652492
0.599545 0.12772
0.600167 0.870944
0.600182 0.137575
0.601114 0.936352
0.601258 0.0420129
0.60172 0.155573
0.601861 0.971258
0.602193 0.117205
0.602234 0.0325225
0.602741 0.990983
0.602805 0.248776
0.602829 0.49801
0.603214 0.645806
0.603262 0.815113
0.603277 0.106348
0.603348 0.769997
0.603714 0.17289
0.605058 0.592111
0.605143 0.64095
0.605502 0.268488
0.60592 0.311407
0.606826 0.175118
0.607101 0.575873
0.607549 0.0815495
0.607965 0.995747
0.608187 0.0371225
0.608525 0.321497
0.6086 0.192937
0.608741 0.803617
0.60885 0.318459
0.609188 0.267734
0.609228 0.0183439
0.609357 0.739383
0.609551 0.588889
0.609618 0.268987
0.610053 0.166006
0.610168 0.311701
0.610283 0.610887
0.610301 0.178864
0.610475 0.244352
0.611163 0.322871
0.611202 0.638418
0.611252 0.936006
0.611631 0.259522
0.612315 0.403443
0.612506 0.174104
0.612843 0.322726
0.61317 0.523036
0.613265 0.0427843
0.613267 0.730417
0.613397 0.944752
0.61416 0.202455
0.614835 0.842369
0.61545 0.506792
0.615597 0.995969
0.616829 0.505274
0.617634 0.934899
0.61786 0.5004
0.618029 0.519187
0.618882 0.512449
0.618889 0.0543516
0.619237 0.790034
0.619275 0.937341
0.61932 0.242245
0.61943 0.918069
0.619463 0.615945
0.619612 0.192632
0.619824 0.700536
0.620097 0.184344
0.62029 0.0331288
0.620647 0.278268
0.621316 0.0482791
0.621861 0.119261
0.622292 0.662236
0.622445 0.57988
0.623146 0.441935
0.623488 0.995279
0.623549 0.0741615
0.623968 0.0434891
0.624154 0.928597
0.624886 0.333122
0.625126 0.422711
0.62558 0.464321
0.625624 0.177344
0.625765 0.999532
0.625852 0.111284
0.625855 0.95045
0.626109 0.739576
0.626296 0.90471
0.626652 0.314616
0.626698 0.228502
0.626802 0.567753
0.627085 0.102786
0.627394 0.56641
0.627463 0.999202
0.627651 0.960968
0.62777 0.130414
0.62781 0.258932
0.628096 0.0527379
0.628175 0.457622
0.628309 0.725787
0.630432 0.504606
0.630549 0.164099
0.632978 0.10872
0.633189 0.627462
0.633549 0.493953
0.633683 0.99003
0.633874 0.274807
0.63395 0.253183
0.634014 0.0658394
0.634375 0.567587
0.634909 0.427695
0.635455 0.986491
0.636016 0.158948
0.636403 0.0352025
0.636431 0.0727292
0.63714 0.553884
0.638045 0.424145
0.638153 0.56593
0.638574 0.270429
0.638596 0.406821
0.638712 0.449208
0.638996 0.48155
0.639288 0.0493807
0.639369 0.117949
0.63951 0.4444
0.639951 0.968975
0.640301 0.0773178
0.640315 0.591111
0.640325 0.521199
0.64036 0.945829
0.640529 0.995746
0.640624 0.0857822
0.64072 0.0200033
0.640952 0.0286991
0.641004 0.558654
0.641011 0.859061
0.641051 0.537317
0.64119 0.567111
0.641371 0.0258903
0.642505 0.477971
0.643043 0.695067
0.64333 0.940474
0.643977 0.975728
0.644177 0.249688
0.644183 0.720052
0.644445 0.769321
0.64468 0.749126
0.644936 0.133117
0.645119 0.553807
0.645576 0.958019
0.645924 0.167105
0.646323 0.233493
0.646626 0.462883
0.646748 0.535483
0.646971 0.205462
0.64721 0.399707
0.647398 0.1116
0.647579 0.0794001
0.647716 0.537091
0.647783 0.681181
0.647915 0.965019
0.648439 0.331331
0.648492 0.103155
0.649104 0.276498
0.649436 0.914281
0.649678 0.23254
0.649771 0.154105
0.649882 0.095461
0.649948 0.40546
0.650298 0.900963
0.650569 0.32343
0.650599 0.255359
0.650872 0.52944
0.650973 0.854182
0.651004 0.378321
0.65114 0.697482
0.651243 0.83789
0.651695 0.696968
0.651719 0.998088
0.651721 0.973144
0.651757 0.533759
0.652032 0.734926
0.652553 0.662893
0.653272 0.436068
0.653515 0.258212
0.653698 0.243876
0.653889 0.953515
0.654257 0.0833141
0.654301 0.910666
0.654478 0.198432
0.65503 0.247091
0.655293 0.338151
0.655484 0.0149139
0.655767 0.302406
0.656042 0.017524
0.656312 0.836529
0.656456 0.965011
0.656564 0.825794
0.657085 0.926852
0.657202 0.175071
0.659024 0.531703
0.659384 0.0612982
0.660314 0.241672
0.661205 0.434041
0.661575 0.00595673
0.662252 0.336605
0.66236 0.00709677
0.662545 0.224889
0.662673 0.520188
0.663505 0.525067
0.663567 0.880724
0.664115 0.645071
0.664231 0.524531
0.664489 0.431708
0.664553 0.812385
0.664573 0.874075
0.664984 0.33628
0.66523 0.28294
0.665537 0.0464319
0.665589 0.952708
0.665907 0.536048
0.666227 0.272223
0.666714 0.532682
0.666774 0.377422
0.667019 0.329851
0.667134 0.158885
0.667215 0.0257117
0.667365 0.163041
0.667863 0.889629
0.668401 0.243148
0.668643 0.0157936
0.668896 0.0555622
0.669716 0.364102
0.66997 0.0690314
0.669972 0.470981
0.670162 0.807069
0.670398 0.52003
0.670766 0.140974
0.670842 0.602218
0.670856 0.909643
0.671293 0.401211
0.671996 0.0380489
0.672352 0.506511
0.673003 0.185836
0.673038 0.997801
0.673406 0.907114
0.673682 0.949658
0.674501 0.450022
0.674683 0.137107
0.674827 0.761852
0.674982 0.630306
0.675652 0.90626
0.67641 0.720571
0.676438 0.371063
0.676718 0.148736
0.676914 0.0604901
0.677012 0.695573
0.677104 0.198215
0.677153 0.0548462
0.677996 0.0960585
0.678111 0.0593981
0.67869 0.14363
0.679342 0.902387
0.67945 0.0483676
0.679963 0.754573
0.680319 0.167211
0.68045 0.963166
0.6806 0.0683597
0.681069 0.331279
0.681111 0.210783
0.681178 0.941741
0.681457 0.993327
0.681744 0.193276
0.682139 0.134313
0.682227 0.8679
0.682732 0.590297
0.682885 0.448925
0.683135 0.0179667
0.683454 0.359634
0.683585 0.121394
0.684106 0.682158
0.684571 0.540442
0.684895 0.694987
0.685523 0.125398
0.685538 0.863663
0.685629 0.016885
0.686032 0.0835856
0.686221 0.619323
0.686283 0.207694
0.686401 0.447265
0.686576 0.980091
0.686895 0.852282
0.686914 0.20338
0.687195 0.995548
0.687746 0.0178152
0.68802 0.237179
0.688121 0.0169613
0.688207 0.0278213
0.688397 0.619039
0.688662 0.783652
0.688819 0.941063
0.689394 0.617751
0.690342 0.61334
0.69051 0.879272
0.690706 0.748113
0.690894 0.919336
0.690908 0.651059
0.691505 0.232553
0.691735 0.355907
0.692471 0.604425
0.692714 0.722061
0.69283 0.767755
0.692915 0.810416
0.693083 0.627681
0.693103 0.113937
0.693191 0.843624
0.693283 0.483106
0.693455 0.0676421
0.693795 0.806682
0.69416 0.0229426
0.694377 0.0797361
0.69536 0.805858
0.695618 0.514861
0.696015 0.898057
0.696412 0.26439
0.696519 0.0533466
0.696736 0.621465
0.6972 0.70784
0.697356 0.13438
0.69741 0.0544757
0.698214 0.45008
0.699019 0.481898
0.699147 0.354145
0.699317 0.921464
0.699472 0.0808843
0.6996 0.853864
0.700009 0.0412414
0.700273 0.0596039
0.70077 0.481029
0.700803 0.5789
0.700901 0.984328
0.701039 0.842206
0.701432 0.785233
0.701597 0.0342214
0.701809 0.187099
0.701887 0.446581
0.702146 0.304196
0.702422 0.353237
0.70314 0.994527
0.703397 0.481003
0.704998 0.0607954
0.70504 0.0741866
0.705558 0.0387323
0.705962 0.295919
0.706312 0.20816
0.706668 0.0170415
0.707432 0.202352
0.70811 0.0778432
0.70887 0.840545
0.708982 0.839332
0.709326 0.59022
0.709801 0.829093
0.709968 0.0812262
0.710827 0.0439692
0.711784 0.729624
0.711862 0.0220814
0.71191 0.897656
0.711943 0.0222931
0.712174 0.878834
0.712312 0.0161566
0.712783 0.357623
0.712797 0.0523135
0.713134 0.0762675
0.713246 0.465754
0.713637 0.353032
0.714388 0.319153
0.714754 0.0295506
0.715155 0.0227334
0.715318 0.585478
0.715525 0.0389516
0.716223 0.283278
0.716288 0.796672
0.716491 0.920672
0.716542 0.232254
0.717711 0.175324
0.717727 0.0376129
0.717842 0.258937
0.717886 0.496488
0.717917 0.859292
0.718032 0.00868972
0.718655 0.0407017
0.718821 0.850113
0.719062 0.895803
0.71919 0.366972
0.719541 0.703186
0.719568 0.792466
0.719689 0.0567065
0.719905 0.218577
0.719917 0.31803
0.720448 0.310334
0.721147 0.948284
0.721578 0.264886
0.721662 0.0424492
0.721937 0.0805263
0.722496 0.0120214
0.722935 0.00121657
0.722942 0.334784
0.723288 0.258906
0.72359 0.171159
0.724349 0.201596
0.724503 0.997543
0.724719 0.0331253
0.724893 0.890035
0.725125 0.278943
0.725185 0.236993
0.725686 0.292828
0.725919 0.0398911
0.726421 0.620144
0.726548 0.430526
0.72674 0.262695
0.726802 0.146814
0.726836 0.594364
0.727054 0.458989
0.727161 0.124467
0.727752 0.593964
0.727823 0.330138
0.72819 0.277735
0.728717 0.808286
0.729012 0.0607443
0.729197 0.0119553
0.729533 0.139953
0.729643 0.327424
0.729797 0.771719
0.730834 0.563032
0.730841 0.251398
0.73116 0.163871
0.731264 0.728004
0.731316 0.000168762
0.731584 0.493868
0.732449 0.0664604
0.73278 0.416632
0.732823 0.990091
0.733008 0.362563
0.733687 0.679608
0.733784 0.721024
0.734407 0.12122
0.734587 0.981845
0.734726 0.226005
0.734811 0.811335
0.734936 0.99997
0.735013 0.0964594
0.735099 0.0335011
0.735156 0.67179
0.735301 0.400752
0.735561 0.360362
0.735845 0.658795
0.735916 0.120322
0.736093 0.128337
0.736393 0.658504
0.736476 0.656874
0.736592 0.351831
0.736616 0.239708
0.737296 0.0676949
0.737586 0.118526
0.737642 0.312022
0.73787 0.810849
0.738063 0.23745
0.738257 0.437614
0.73827 0.159513
0.738601 0.277047
0.738829 0.284498
0.738837 0.555699
0.739164 0.961922
0.739201 0.0501045
0.739203 0.342657
0.739291 0.716901
0.739292 0.779723
0.739426 0.18404
0.739804 0.199628
0.740092 0.548097
0.741961 0.934698
0.742319 0.366205
0.742779 0.853091
0.743711 0.0487261
0.743913 0.465619
0.744007 0.229022
0.744653 0.944068
0.744944 0.632879
0.745059 0.447228
0.745181 0.0859753
0.745196 0.082786
0.745408 0.248733
0.745581 0.574443
0.745659 0.631391
0.745717 0.180331
0.745778 0.0315145
0.746728 0.212176
0.747414 0.225654
0.747858 0.743284
0.747883 0.275193
0.747886 0.159011
0.748379 0.309553
0.748564 0.570377
0.748679 0.390253
0.748997 0.135157
0.749868 0.608381
0.750168 0.669847
0.750549 0.106122
0.750793 0.339766
0.750861 0.267724
0.751338 0.248713
0.751385 0.74127
0.751533 0.498989
0.751638 0.347613
0.751938 0.145104
0.752188 0.847758
0.752469 0.0775394
0.752708 0.0863712
0.752789 0.236502
0.752871 0.997838
0.753069 0.547209
0.753102 0.112572
0.753398 0.0653813
0.753695 0.868804
0.753702 0.629876
0.753794 0.810563
0.754244 0.265973
0.754339 0.272647
0.755109 0.247634
0.755239 0.222333
0.755394 0.553658
0.756358 0.663381
0.756655 0.223659
0.757689 0.168072
0.757963 0.264619
0.758299 0.238039
0.758353 0.222993
0.759086 0.127431
0.759403 0.868306
0.759729 0.224354
0.759978 0.319953
0.76014 0.845656
0.760319 0.0608052
0.760445 0.0308561
0.760558 0.322603
0.760655 0.150046
0.760856 0.877325
0.761196 0.836647
0.761471 0.230299
0.761982 0.00835425
0.762362 0.561836
0.762964 0.203219
0.763271 0.0423181
0.763315 0.226075
0.76376 0.146095
0.763869 0.778029
0.763892 0.995249
0.763987 0.0139502
0.763991 0.0379948
0.764586 0.444435
0.764718 0.822269
0.765117 0.053599
0.765332 0.851632
0.765417 0.397382
0.765596 0.56113
0.765764 0.875945
0.76587 0.294901
0.765972 0.642917
0.766842 0.850722
0.767121 0.078241
0.767149 0.302283
0.767442 0.164055
0.767466 0.103244
0.768194 0.244986
0.768212 0.201465
0.768254 0.830358
0.768344 0.927908
0.768753 0.0590837
0.768959 0.247391
0.768969 0.470085
0.769112 0.870851
0.769431 0.906029
0.770067 0.740676
0.770315 0.869271
0.770704 0.442354
0.771108 0.113579
0.771555 0.0227863
0.771786 0.440201
0.771994 0.429888
0.772209 0.242753
0.772477 0.0557901
0.772907 0.145729
0.772957 0.025316
0.773669 0.763326
0.773957 0.688444
0.77517 0.00270928
0.775335 0.236716
0.775427 0.155185
0.775452 0.0182399
0.775523 0.551481
0.775742 0.170363
0.775799 0.336304
0.77585 0.735362
0.775907 0.044004
0.776234 0.13152
0.777234 0.144283
0.777419 0.672133
0.77747 0.495028
0.777669 0.777549
0.777672 0.206803
0.77829 0.236029
0.778408 0.30167
0.778725 0.20528
0.779064 0.481699
0.779735 0.055851
0.779963 0.51201
0.780278 0.180308
0.780396 0.203583
0.780418 0.0738751
0.78151 0.822773
0.781972 0.14839
0.782016 0.762627
0.783033 0.155319
0.783416 0.174685
0.783513 7.02899e-05
0.784385 0.159101
0.78448 0.96368
0.784703 0.132096
0.784812 0.602161
0.784825 0.495365
0.785029 0.0886024
0.785693 0.727542
0.785862 0.0223954
0.785979 0.92735
0.786249 0.118422
0.786362 0.42328
0.786675 0.943158
0.786831 0.106099
0.786927 0.933797
0.786939 0.599002
0.786979 0.789089
0.787034 0.139076
0.787039 0.671733
0.787075 0.950539
0.787392 0.44408
0.78745 0.595939
0.787586 0.991964
0.787747 0.243289
0.788784 0.329737
0.788827 0.539099
0.789124 0.948465
0.789288 0.315545
0.78975 0.285944
0.790009 0.638354
0.790586 0.23555
0.791084 0.580294
0.791114 0.0931264
0.791119 0.202601
0.79131 0.0512029
0.792163 0.217281
0.792565 0.233582
0.792858 0.0322497
0.793205 0.761386
0.79421 0.221681
0.794516 0.478669
0.795481 0.213565
0.795845 0.524056
0.79664 0.117388
0.797038 0.324029
0.798686 0.554629
0.798745 0.154479
0.799807 0.0432888
0.80059 0.15048
0.800737 0.037277
0.801195 0.0845427
0.801205 0.227188
0.801274 0.985767
0.801312 0.506569
0.801798 0.735269
0.801811 0.283797
0.802018 0.562994
0.802093 0.116535
0.802722 0.0181457
0.803349 0.610751
0.803362 0.520748
0.80346 0.979147
0.80353 0.925329
0.803998 0.113803
0.804136 0.37829
0.804877 0.0898612
0.804905 0.402733
0.804922 0.0435678
0.80509 0.534614
0.80591 0.0657631
0.806358 0.534598
0.806517 0.335711
0.806564 0.817347
0.806864 0.772772
0.806915 0.0921777
0.806961 0.104134
0.807151 0.643272
0.807626 0.370714
0.807868 0.0882775
0.808186 0.550715
0.808211 0.426779
0.808359 0.055493
0.808468 0.116817
0.809015 0.128435
0.809467 0.096947
0.809489 0.203714
0.810447 0.188554
0.810599 0.816075
0.810619 0.549159
0.810922 0.036634
0.810972 0.217097
0.810972 0.946614
0.81125 0.0194658
0.81222 0.52002
0.812527 0.0861408
0.81286 0.708699
0.813167 0.142671
0.81319 0.329842
0.813332 0.319431
0.813468 0.305473
0.813533 0.138043
0.814391 0.5116
0.815144 0.226898
0.815389 0.29698
0.815797 0.0182936
0.815961 0.703136
0.816787 0.571537
0.816885 0.86393
0.817347 0.417294
0.817378 0.562708
0.817446 0.875676
0.818142 0.410141
0.81947 0.941422
0.820474 0.357839
0.821053 0.391993
0.821192 0.495489
0.821627 0.0313742
0.821755 0.93902
0.822234 0.699229
0.822257 0.545572
0.82438 0.213062
0.82492 0.634063
0.824968 0.0389507
0.825023 0.122909
0.825282 0.188047
0.82541 0.0566896
0.826025 0.495664
0.826878 0.923408
0.827061 0.930901
0.827956 0.509094
0.828259 0.858907
0.828327 0.9103
0.828998 0.351906
0.829012 0.276231
0.829014 0.0507802
0.829277 0.0962985
0.829372 0.397918
0.82996 0.748078
0.830187 0.5305
0.830483 0.101726
0.830632 0.730315
0.832127 0.0864864
0.832159 0.52337
0.832481 0.208609
0.832635 0.175536
0.832782 0.446309
0.833102 0.246798
0.83349 0.317951
0.833514 0.231012
0.833969 0.443312
0.834463 0.729809
0.835082 0.156509
0.836054 0.155124
0.83683 0.08738
0.836928 0.83309
0.837147 0.189268
0.837351 0.291852
0.837472 0.930052
0.837561 0.0936318
0.837596 0.712943
0.837682 0.180994
0.838132 0.896021
0.838155 0.554618
0.840375 0.827586
0.840399 0.54472
0.840427 0.342321
0.84062 0.479715
0.841025 0.206199
0.841383 0.174732
0.841709 0.0288845
0.841778 0.152225
0.841969 0.310037
0.842012 0.0680013
0.842301 0.190336
0.842332 0.692543
0.842435 0.160306
0.842514 0.662251
0.842619 0.452051
0.843022 0.242275
0.843269 0.196028
0.844982 0.176809
0.845253 0.555496
0.8453 0.451867
0.845414 0.135355
0.845715 0.779749
0.845906 0.341921
0.845952 0.444593
0.846064 0.184224
0.846195 0.97624
0.846286 0.379091
0.846755 0.0770583
0.846925 0.0449151
0.847052 0.371961
0.847058 0.624815
0.847536 0.428443
0.847768 0.125764
0.847866 0.284596
0.848266 0.421775
0.848513 0.622864
0.848999 0.138924
0.849247 0.428934
0.849346 0.622027
0.84939 0.324574
0.849626 0.830444
0.850649 0.313513
0.850764 0.0617665
0.850994 0.252903
0.851033 0.1181
0.851283 0.228935
0.851486 0.208787
0.851575 0.187099
0.852134 0.405195
0.852198 0.495401
0.852518 0.501293
0.852588 0.279705
0.853089 0.116007
0.853395 0.220154
0.853814 0.405021
0.854396 0.161014
0.854508 0.97537
0.854776 0.138552
0.854855 0.0869122
0.854953 0.0249224
0.855009 0.0932809
0.856169 0.186288
0.856202 0.139538
0.857557 0.310775
0.858323 0.387635
0.858326 0.243958
0.858625 0.372795
0.859078 0.515342
0.859312 0.396107
0.859694 0.278749
0.860034 0.144165
0.860098 0.340486
0.860205 0.740068
0.860643 0.0531426
0.860736 0.497927
0.860904 0.241064
0.861172 0.000683078
0.861916 0.291919
0.862259 0.509015
0.862604 0.343808
0.862691 0.0744385
0.863171 0.118817
0.86359 0.0480092
0.863595 0.105006
0.863624 0.478585
0.865232 0.764476
0.865588 0.215011
0.865882 0.0270551
0.866661 0.00328183
0.866718 0.00132139
0.866834 0.199619
0.866897 0.237375
0.867114 0.206038
0.86719 0.508726
0.867265 0.194986
0.867354 0.478265
0.867446 0.394337
0.867493 0.499067
0.867993 0.0722654
0.868131 0.038495
0.868169 0.368883
0.868239 0.27138
0.868688 0.246031
0.868713 0.200201
0.868781 0.155455
0.868976 0.193466
0.869245 0.967063
0.869951 0.177531
0.870095 0.0242168
0.870192 0.516854
0.870302 0.420191
0.870519 0.12034
0.870603 0.329615
0.87083 0.387643
0.872391 0.370301
0.872908 0.138967
0.873087 0.281911
0.873216 0.790174
0.873216 0.467115
0.873875 0.180954
0.873947 0.13877
0.874028 0.0135311
0.874172 0.13343
0.874513 0.357721
0.875022 0.354559
0.875651 0.351851
0.875973 0.495009
0.875974 0.228189
0.876251 0.216484
0.87627 0.244887
0.87631 0.228323
0.876605 0.75414
0.877029 0.0951641
0.87784 0.752369
0.877904 0.0495901
0.877939 0.172981
0.877957 0.887227
0.878959 0.227171
0.879886 0.141787
0.880037 0.194846
0.880274 0.342927
0.880327 0.417536
0.880448 0.0898791
0.880654 0.117019
0.880819 0.406987
0.881059 0.250546
0.881086 0.188879
0.881588 0.0446439
0.881965 0.0866072
0.882017 0.0427742
0.8829 0.0610501
0.883284 0.741027
0.883403 0.20563
0.883686 0.127999
0.883757 0.389731
0.884169 0.348959
0.884568 0.00290571
0.885041 0.121774
0.885474 0.363986
0.885966 0.0802404
0.886433 0.15877
0.886496 0.540204
0.886599 0.117283
0.887724 0.119195
0.888675 0.53742
0.888707 0.0412905
0.888952 0.886567
0.889132 0.426486
0.889313 0.00649026
0.889476 0.215034
0.889804 0.204601
0.890108 0.323793
0.890454 0.176779
0.890596 0.853128
0.890679 0.239838
0.890742 0.0855318
0.890828 0.310589
0.891561 0.296641
0.891883 0.134105
0.89235 0.262088
0.892502 0.739875
0.893049 0.106239
0.89309 0.0762294
0.893311 0.503511
0.893727 0.151241
0.89377 0.249364
0.893805 0.688969
0.89399 0.728929
0.894062 0.551001
0.894251 0.708845
0.89446 0.174461
0.894685 0.281103
0.894823 0.530657
0.894827 0.70719
0.895029 0.343724
0.89546 0.176217
0.895927 0.0309784
0.89626 0.0647901
0.896304 0.45242
0.896341 0.494302
0.896846 0.234656
0.897187 0.0457645
0.897198 0.099244
0.897319 0.623865
0.897332 0.642561
0.897544 0.623003
0.897643 0.619144
0.897645 0.485286
0.898169 0.512739
0.89829 0.0355682
0.898312 0.00782042
0.898376 0.262935
0.898531 0.430834
0.898834 0.0644988
0.898849 0.0347645
0.898924 0.346146
0.898927 0.190095
0.898993 0.825595
0.899587 0.389505
0.899924 0.17435
0.899959 0.332299
0.900469 0.0663466
0.900545 0.171835
0.900636 0.22994
0.900705 0.814223
0.900823 0.0193244
0.901043 0.337935
0.901123 0.681108
0.901186 0.341359
0.901494 0.805048
0.902042 0.451356
0.902168 0.236687
0.902278 0.123177
0.902346 0.700823
0.903038 0.61066
0.903287 0.660985
0.903376 0.0720045
0.903452 0.307322
0.903537 0.381198
0.903781 0.693676
0.903995 0.15234
0.904683 0.675784
0.904865 0.424766
0.90494 0.0791594
0.905619 0.789304
0.905779 0.955424
0.905949 0.138879
0.905967 0.0635806
0.906004 0.120559
0.906107 0.337391
0.9063 0.726069
0.906433 0.184173
0.906469 0.412176
0.907442 0.0171728
0.907444 0.262007
0.908699 0.0885817
0.908794 0.613974
0.908927 0.15806
0.90894 0.406061
0.909636 0.0729676
0.909815 0.409485
0.909907 0.610152
0.910236 0.511153
0.91033 0.795679
0.910516 0.14827
0.910546 0.172419
0.910675 0.500581
0.910713 0.553654
0.910849 0.00219747
0.911035 0.329768
0.911198 0.345066
0.911378 0.503048
0.911389 0.250737
0.911864 0.376503
0.91196 0.0916233
0.912045 0.216478
0.912063 0.185832
0.912198 0.855254
0.912441 0.0935779
0.91253 0.537758
0.913082 0.310882
0.913805 0.997212
0.913946 0.248048
0.914324 0.394232
0.914336 0.968686
0.914345 0.493739
0.914554 0.716172
0.914569 0.0427518
0.9147 0.192357
0.914736 0.334779
0.91493 0.964906
0.915413 0.6135
0.915423 0.999175
0.916058 0.177418
0.916243 0.109701
0.916598 0.305329
0.916633 0.138365
0.91732 0.533099
0.917637 0.0886716
0.91776 0.531046
0.917809 0.0336661
0.919091 0.102867
0.92024 0.161894
0.920359 0.693492
0.920598 0.607924
0.920755 0.489457
0.92082 0.188783
0.920948 0.764727
0.921094 0.0771619
0.921141 0.453955
0.921177 0.197469
0.921367 0.348099
0.921582 0.754513
0.92203 0.754493
0.922677 0.142486
0.922931 0.250646
0.923165 0.0109743
0.924715 0.575088
0.924725 0.419933
0.924916 0.120358
0.925257 0.313735
0.925354 0.485712
0.9259 0.988677
0.925915 0.689107
0.926235 0.232328
0.926249 0.940202
0.926342 0.164518
0.926445 0.275815
0.926709 0.198397
0.927051 0.962206
0.927274 0.18087
0.928049 0.50222
0.928053 0.0618785
0.92807 0.0324479
0.928619 0.160525
0.92909 0.276998
0.929204 0.322892
0.929495 0.142303
0.92976 0.261615
0.929823 0.52615
0.930305 0.272952
0.930318 0.163002
0.930346 0.138606
0.930473 0.454766
0.93069 0.479951
0.930954 0.504363
0.931201 0.000886647
0.931676 0.296709
0.931866 0.239698
0.931956 0.444993
0.932157 0.00809605
0.932511 0.0118243
0.932581 0.208006
0.93309 0.604839
0.933136 0.0468446
0.93342 0.388447
0.933643 0.15264
0.933802 0.601825
0.93416 0.0892593
0.934185 0.29584
0.934656 0.253575
0.934921 0.782571
0.935145 0.0086978
0.93554 0.394359
0.935841 0.320906
0.935904 0.0780744
0.935935 0.116875
0.936034 0.743737
0.936269 0.666097
0.936507 0.716829
0.937355 0.768692
0.93751 0.154926
0.937552 0.489241
0.937576 0.0422341
0.93761 0.500378
0.93763 0.017055
0.93811 0.095791
0.938597 0.272049
0.938828 0.419822
0.938838 0.261871
0.938873 0.0299023
0.939382 0.527829
0.939913 0.398747
0.939923 0.644079
0.939958 0.573801
0.940829 0.298177
0.941158 0.497896
0.941285 0.0936437
0.941394 0.317274
0.941984 0.527738
0.94236 0.561986
0.942523 0.940864
0.94283 0.488973
0.943214 0.295954
0.943453 0.678784
0.94348 0.559811
0.943543 0.525698
0.943656 0.718226
0.943738 0.0713148
0.944166 0.358808
0.944195 0.235209
0.944217 0.635819
0.944513 0.105084
0.94463 0.486957
0.944665 0.55558
0.94499 0.629863
0.945168 0.25116
0.945569 0.603843
0.945703 0.272052
0.945737 0.255845
0.945916 0.122689
0.946022 0.232377
0.946086 0.783882
0.94641 0.651806
0.946541 0.328268
0.946616 0.165261
0.9467 0.219985
0.946892 0.59344
0.946912 0.244839
0.946915 0.780276
0.946928 0.396192
0.94699 0.0747031
0.946995 0.38459
0.94716 0.45648
0.947624 0.61384
0.947905 0.0172992
0.94792 0.59685
0.948272 0.776767
0.948299 0.630533
0.948422 0.380626
0.948597 0.30715
0.948819 0.290169
0.948934 0.0541855
0.949141 0.76876
0.949248 0.256147
0.949302 0.0583441
0.949596 0.282261
0.949748 0.398882
0.949936 0.562707
0.949972 0.171313
0.950153 0.473563
0.95028 0.54544
0.950323 0.517038
0.950523 0.762731
0.950549 0.22577
0.950737 0.210834
0.951316 0.149364
0.95138 0.125842
0.95146 0.346733
0.951584 0.337118
0.951808 0.275098
0.951972 0.0174702
0.952142 0.0925582
0.952199 0.543878
0.952353 0.831385
0.952486 0.0023027
0.952501 0.278218
0.952938 0.0574539
0.953074 0.0249124
0.953414 0.524922
0.953781 0.0392933
0.953876 0.749038
0.954041 0.0331076
0.954518 0.0691903
0.954523 0.562443
0.955019 0.418009
0.955033 0.0763656
0.955146 0.238498
0.955187 0.630387
0.955214 0.768596
0.955826 0.212747
0.95592 0.278883
0.955936 0.200531
0.955948 0.277195
0.956018 0.0555092
0.956401 0.723059
0.956807 0.709736
0.956823 0.346856
0.956864 0.352688
0.956924 0.11036
0.957352 0.760447
0.957397 0.323295
0.957583 0.624004
0.95762 0.0578798
0.957634 0.513836
0.958029 0.11154
0.958113 0.669474
0.958425 0.0432191
0.958926 0.844063
0.958934 0.739648
0.95897 0.329675
0.95905 0.370893
0.959081 0.526824
0.95924 0.262991
0.959659 0.0370594
0.960051 0.30704
0.960337 0.465762
0.960342 0.607822
0.960464 0.736328
0.960617 0.546586
0.960756 0.523184
0.960808 0.46992
0.960974 0.450585
0.960987 0.27924
0.961031 0.583401
0.961177 0.222433
0.961457 0.344356
0.961759 0.365476
0.961875 0.726909
0.962198 0.239411
0.962341 0.500181
0.962419 0.52076
0.962634 0.473378
0.962692 0.388288
0.962859 0.350032
0.962952 0.299514
0.963079 0.251668
0.963136 0.133244
0.963283 0.0966487
0.963808 0.64375
0.964191 0.933076
0.964381 0.464982
0.964431 0.561423
0.964551 0.269707
0.964625 0.626084
0.964886 0.378225
0.965258 0.47116
0.965263 0.829515
0.965387 0.894803
0.96555 0.141887
0.965695 0.754715
0.965754 0.387957
0.965957 0.610969
0.966058 0.131265
0.966091 0.0336553
0.966461 0.54976
0.966502 0.205146
0.966713 0.425857
0.966853 0.109727
0.967111 0.484655
0.967189 0.0327392
0.967442 0.820899
0.967559 0.356806
0.967704 0.648075
0.967792 0.591624
0.967862 0.232035
0.968125 0.859381
0.968338 0.10711
0.968717 0.562406
0.968746 0.547541
0.968874 0.712488
0.968903 0.0239834
0.968966 0.0429995
0.968993 0.306328
0.969104 0.952083
0.969191 0.748051
0.969211 0.700875
0.969734 0.269709
0.970034 0.00472924
0.970116 0.804457
0.970284 0.134387
0.970712 0.564512
0.971083 0.917371
0.971092 0.298041
0.971098 0.686682
0.971216 0.68133
0.971442 0.399804
0.971651 0.990243
0.971653 0.402638
0.971685 0.302256
0.9719 0.00573268
0.972189 0.672489
0.972409 0.619614
0.972644 0.670279
0.972984 0.226945
0.973533 0.197488
0.974225 0.274377
0.974329 0.0169436
0.974415 0.745168
0.974603 0.60621
0.974844 0.362944
0.974963 0.442728
0.974979 0.154527
0.975653 0.03551
0.975671 0.54262
0.975673 0.414974
0.975763 0.579283
0.975767 0.371032
0.97596 0.340132
0.976185 0.500765
0.976296 0.109578
0.976568 0.0979577
0.976906 0.580956
0.977241 0.178665
0.977738 0.492109
0.977944 0.947597
0.977974 0.286661
0.978085 0.0991731
0.979056 0.27219
0.979293 0.486962
0.979424 0.375875
0.979853 0.215783
0.980271 0.293754
0.981068 0.173515
0.981405 0.0283879
0.981414 0.274903
0.981457 0.141463
0.981569 0.61825
0.981645 0.732727
0.981849 0.0706665
0.981988 0.0207028
0.982445 0.476378
0.982665 0.546597
0.982719 0.756836
0.982739 0.0674703
0.982862 0.114228
0.98297 0.191067
0.98299 0.711159
0.98307 0.576191
0.983164 0.311721
0.983577 0.474195
0.983823 0.507503
0.983842 0.866531
0.98394 0.0904962
0.984208 0.411652
0.984478 0.353884
0.984532 0.410012
0.984603 0.469733
0.984915 0.0291351
0.985139 0.31309
0.985375 0.067021
0.985878 0.620439
0.985889 0.822665
0.985934 0.498632
0.985993 0.855034
0.986063 0.94555
0.986264 0.502076
0.986441 0.0146023
0.986965 0.319683
0.987274 0.177739
0.987312 0.51541
0.987347 0.421488
0.987392 0.556795
0.987438 0.581116
0.987444 0.0729901
0.987597 0.235422
0.987727 0.435959
0.987922 0.846225
0.987988 0.319914
0.988175 0.342196
0.988598 0.268309
0.988601 0.205538
0.988616 0.761021
0.988706 0.358744
0.988743 0.284843
0.988842 0.26821
0.988975 0.371266
0.989046 0.522544
0.989096 0.750788
0.989499 0.721969
0.989674 0.296991
0.989742 0.677687
0.990073 0.43491
0.990124 0.942797
0.990213 0.211774
0.99026 0.0823454
0.990486 0.122
0.990689 0.211391
0.990786 0.547721
0.9911 0.0657611
0.991274 0.83526
0.991353 0.326833
0.991364 0.611788
0.991382 0.256249
0.991426 0.572327
0.991454 0.786279
0.991466 0.702753
0.991669 0.763785
0.99169 0.424216
0.991846 0.117648
0.9921 0.551998
0.9921 0.673179
0.992243 0.614575
0.992452 0.673931
0.992465 0.576342
0.992558 0.492377
0.992663 0.441073
0.992766 0.304565
0.99277 0.629101
0.993059 0.0668186
0.993101 0.439776
0.993246 0.495868
0.993321 0.539397
0.993534 0.743529
0.99374 0.0506228
0.993792 0.15281
0.993929 0.473308
0.994003 0.430823
0.994234 0.896679
0.994348 0.525385
0.994422 0.151164
0.994445 0.271005
0.994825 0.596866
0.995225 0.0962371
0.995308 0.85488
0.995311 0.722443
0.995635 0.51114
0.995705 0.512453
0.995988 0.850617
0.996076 0.703089
0.99646 0.585967
0.99658 0.270589
0.99659 0.64347
0.996591 0.524761
0.996657 0.0801127
0.996707 0.285821
0.996918 0.421074
0.997003 0.879605
0.997259 0.122181
0.997338 0.385468
0.998015 0.176828
0.998139 0.1883
0.998268 0.835289
0.998349 0.638327
0.999209 0.0384871
0.999243 0.71461
0.999269 0.0157703
0.999351 0.564785
0.999375 0.188598
0.999694 0.344842
0.999877 0.514167
0.999885 0.872414
