0.000204014 0.85642
0.000255906 0.522219
0.000270185 0.659941
0.00078344 0.307595
0.000875536 0.23634
0.00121083 0.794202
0.00127199 0.725669
0.00136007 0.705938
0.00143056 0.699286
0.00161898 0.617552
0.00171512 0.83149
0.00175807 0.85832
0.00183704 0.949408
0.00187942 0.208449
0.00195196 0.580428
0.00227194 0.169843
0.00227526 0.952737
0.00236501 0.804713
0.00237692 0.725927
0.00254757 0.793937
0.00255548 0.985565
0.00255756 0.617582
0.00263677 0.747217
0.00286362 0.527017
0.0029512 0.643868
0.00307802 0.715088
0.00348224 0.344737
0.00355992 0.988634
0.00367383 0.782026
0.0037821 0.133927
0.003798 0.631898
0.00387649 0.887544
0.00389251 0.402037
0.00390925 0.724166
0.00401024 0.410669
0.00403139 0.107247
0.00434618 0.536477
0.00445425 0.352943
0.00455284 0.389755
0.004557 0.784223
0.00467104 0.307626
0.00474585 0.964423
0.00474596 0.999374
0.00530798 0.986762
0.00538552 0.791659
0.0054988 0.431629
0.00550074 0.78489
0.00557773 0.0865464
0.00570342 0.673558
0.00598912 0.79211
0.00618148 0.99262
0.00618641 0.409315
0.00625919 0.675916
0.00653607 0.084943
0.00658128 0.859723
0.00660905 0.0607323
0.00668886 0.497306
0.00693726 0.71211
0.00705924 0.41482
0.00716769 0.557901
0.0072392 0.936599
0.0074374 0.620424
0.00746151 0.921794
0.00755008 0.11116
0.00766772 0.55798
0.0078214 0.541687
0.00788697 0.432801
0.00809028 0.661117
0.00812583 0.808782
0.00826364 0.813975
0.00826764 0.459111
0.00833099 0.26715
0.00842858 0.260446
0.0084797 0.982246
0.00861055 0.320676
0.00885553 0.744943
0.00922238 0.52356
0.00926495 0.0708022
0.00949852 0.408435
0.00991603 0.612269
0.00996444 0.625746
0.0101047 0.33274
0.0101909 0.273693
0.0102758 0.21922
0.0104359 0.334122
0.0106057 0.502428
0.010648 0.70151
0.0107406 0.605041
0.0109061 0.458411
0.0110781 0.762908
0.0110891 0.236557
0.0111248 0.0945489
0.0111258 0.980115
0.0111557 0.685314
0.0111641 0.901661
0.0111909 0.844537
0.0112929 0.542785
0.0113329 0.322548
0.0114718 0.329385
0.0114822 0.884631
0.0116185 0.719809
0.0119262 0.96532
0.0120657 0.672643
0.0120691 0.425836
0.0120871 0.643615
0.0122687 0.210527
0.0124348 0.941259
0.0125832 0.602697
0.0126343 0.217146
0.01272 0.673542
0.0131362 0.456661
0.0132131 0.563536
0.0133945 0.213274
0.0134651 0.494706
0.0140808 0.601391
0.014336 0.0372006
0.0144199 0.608122
0.0145572 0.663155
0.0146792 0.646604
0.014815 0.423623
0.014833 0.543236
0.0150617 0.734848
0.0152724 0.921357
0.0152936 0.930751
0.0154007 0.892075
0.0154783 0.648996
0.0155183 0.593979
0.0156232 0.733062
0.0156279 0.932408
0.0157134 0.718575
0.0158391 0.423435
0.0161633 0.552871
0.0164754 0.798761
0.0165977 0.646557
0.0167206 0.712795
0.0168224 0.278821
0.0168312 0.949151
0.0170332 0.828632
0.0170389 0.763313
0.0170556 0.819117
0.0170573 0.904063
0.0171704 0.898154
0.0180962 0.206632
0.0183479 0.459788
0.0186937 0.852735
0.0187904 0.629554
0.0189318 0.699499
0.0190045 0.991057
0.0192548 0.420149
0.0192922 0.61199
0.0194358 0.251399
0.0194914 0.392965
0.0195662 0.56223
0.0196665 0.459515
0.0196683 0.516389
0.0201432 0.562984
0.0203774 0.973984
0.0205912 0.843608
0.0206158 0.208963
0.0209377 0.541535
0.0210546 0.86916
0.0211387 0.193882
0.0212747 0.742872
0.0213082 0.754824
0.0216547 0.992001
0.0216627 0.679437
0.0217538 0.998123
0.0222584 0.99126
0.0222979 0.920038
0.0224303 0.8277
0.0226286 0.540525
0.0226684 0.677624
0.0227905 0.00927055
0.0228209 0.357623
0.023037 0.598982
0.023159 0.797589
0.0233709 0.489089
0.0235672 0.510671
0.0238137 0.311334
0.0239884 0.775933
0.024308 0.447818
0.0243191 0.446561
0.0245402 0.780277
0.0245841 0.154608
0.0246923 0.685301
0.0247579 0.428009
0.0248298 0.745372
0.0248833 0.0875461
0.0255358 0.985131
0.0255473 0.866107
0.0258169 0.262406
0.0259715 0.471275
0.0264735 0.760268
0.0266706 0.951935
0.0266717 0.410265
0.026891 0.667194
0.0269552 0.0363989
0.0271046 0.92039
0.0273268 0.503684
0.0274708 0.858729
0.027721 0.585047
0.0278415 0.840815
0.0279653 0.792765
0.0283257 0.795612
0.0283394 0.765269
0.028519 0.46895
0.0285246 0.885071
0.0286889 0.66062
0.0287805 0.863997
0.0288551 0.510137
0.0289072 0.525988
0.0292031 0.370744
0.0292342 0.978
0.0292878 0.775655
0.0293472 0.67652
0.0293963 0.902937
0.0295036 0.527079
0.0295439 0.336681
0.0295963 0.257488
0.0299058 0.336269
0.0300536 0.485314
0.0300706 0.901622
0.0304702 0.825194
0.0305091 0.923039
0.0305303 0.586395
0.0306053 0.434813
0.0307579 0.629172
0.0311668 0.647648
0.0317222 0.628405
0.0318373 0.418475
0.0318457 0.65571
0.0322632 0.867145
0.0322641 0.955184
0.032396 0.844224
0.0327487 0.813072
0.0327985 0.406691
0.032866 0.517925
0.0331059 0.41514
0.0331862 0.316802
0.0332164 0.723461
0.0333545 0.969698
0.0336167 0.413599
0.0339366 0.35524
0.0344732 0.398072
0.0345372 0.981959
0.0345462 0.480454
0.0347295 0.739944
0.0348004 0.23711
0.034812 0.889977
0.0348298 0.563272
0.0348537 0.778202
0.0350017 0.678096
0.0350225 0.589816
0.0350567 0.185867
0.0350582 0.0936261
0.0350626 0.961075
0.0351345 0.835147
0.0352673 0.498209
0.0353397 0.386407
0.0355362 0.603705
0.036229 0.992221
0.0365594 0.635077
0.0366748 0.703465
0.0367065 0.884303
0.0368418 0.549991
0.0369917 0.829903
0.0372624 0.54403
0.0373055 0.385416
0.0375307 0.807279
0.0376166 0.618079
0.0378209 0.857075
0.0379795 0.751964
0.0380515 0.558843
0.0384228 0.526083
0.0385098 0.212103
0.0386733 0.671567
0.0386825 0.892702
0.038909 0.92752
0.039229 0.820136
0.0392452 0.662651
0.039246 0.34428
0.0394445 0.520639
0.0394697 0.546462
0.0395052 0.843992
0.0395543 0.873029
0.039579 0.18428
0.0395904 0.60076
0.0397322 0.230652
0.040308 0.563061
0.0403534 0.798574
0.0403948 0.730476
0.0404537 0.296674
0.0407432 0.202455
0.0408893 0.613293
0.0409507 0.354456
0.0414164 0.278192
0.0414377 0.344675
0.0415426 0.631831
0.0416021 0.992238
0.0416966 0.090737
0.0419054 0.936814
0.0419497 0.895373
0.042013 0.628298
0.0422485 0.856794
0.0423538 0.651086
0.0425045 0.520148
0.04255 0.943049
0.0425649 0.682279
0.0430765 0.702327
0.0432433 0.936448
0.0432893 0.0833786
0.0433457 0.948987
0.0434193 0.516591
0.043434 0.979257
0.0436462 0.982716
0.0437476 0.448913
0.0438224 0.969866
0.0440039 0.64927
0.0441689 0.0761739
0.0443127 0.88815
0.0443182 0.906306
0.0445771 0.934991
0.0447716 0.721369
0.0454169 0.778887
0.0455857 0.968859
0.0457378 0.478729
0.0457682 0.0693361
0.0458133 0.428058
0.0458186 0.545364
0.0458535 0.803476
0.0459245 0.835693
0.0461175 0.435668
0.0464113 0.5647
0.0467659 0.110765
0.046794 0.176036
0.0469683 0.939855
0.0472487 0.264825
0.0474324 0.674213
0.0477788 0.49461
0.0478823 0.229363
0.0480757 0.627597
0.0481092 0.942829
0.0482063 0.970208
0.048232 0.75282
0.0483683 0.14869
0.0488975 0.940233
0.0490035 0.325889
0.0491611 0.874498
0.0494131 0.92698
0.0496485 0.96592
0.0497293 0.385783
0.0500013 0.730167
0.0502409 0.836255
0.050292 0.760485
0.0503114 0.66839
0.0503177 0.297547
0.0504999 0.624287
0.0505653 0.831375
0.0508053 0.568568
0.0511716 0.737663
0.051266 0.591728
0.0513483 0.98719
0.0515111 0.666536
0.0516719 0.462614
0.0519781 0.195811
0.0522654 0.819781
0.0523843 0.621583
0.0524498 0.40493
0.0526494 0.993168
0.0526611 0.35141
0.0529205 0.342659
0.053133 0.953771
0.0531454 0.265035
0.0532461 0.984332
0.0532706 0.561336
0.0534387 0.685705
0.0535994 0.741908
0.0537277 0.761271
0.053817 0.453389
0.0539698 0.109516
0.0543117 0.228952
0.0543182 0.732098
0.0544455 0.741286
0.054619 0.90827
0.0547423 0.396453
0.054947 0.62711
0.0550238 0.969239
0.055108 0.273021
0.0553406 0.811588
0.0553652 0.927808
0.055377 0.338635
0.0554191 0.134545
0.0563254 0.871718
0.0565347 0.689857
0.0567262 0.924541
0.0569005 0.23923
0.0571538 0.957551
0.057162 0.430666
0.0573429 0.263148
0.057378 0.0898137
0.0576446 0.308418
0.0576872 0.482176
0.0581325 0.420011
0.0581863 0.963763
0.0582395 0.954114
0.0584686 0.400365
0.0584808 0.488434
0.0588635 0.732706
0.0592698 0.717085
0.0595585 0.37599
0.0597036 0.226568
0.0597469 0.974206
0.0597613 0.824058
0.0601153 0.686199
0.0601581 0.601925
0.060163 0.974193
0.0601927 0.924999
0.0602792 0.846836
0.0609646 0.354345
0.0610682 0.865285
0.0612247 0.585306
0.0614235 0.959466
0.0615027 0.192364
0.0617277 0.559173
0.0617662 0.431763
0.0618866 0.910052
0.0620089 0.0762035
0.0621128 0.579708
0.0621544 0.765032
0.0626245 0.720012
0.062694 0.935699
0.0627132 0.42726
0.0630256 0.325268
0.0630669 0.212058
0.0631034 0.479171
0.0632683 0.769677
0.0633153 0.623899
0.0633188 0.0582369
0.0635357 0.956855
0.0636609 0.838613
0.0638284 0.274688
0.0638419 0.619133
0.0642821 0.862739
0.0646387 0.987612
0.0646988 0.608229
0.0648234 0.46861
0.0649051 0.710096
0.0650012 0.704306
0.0650149 0.859354
0.0650573 0.971614
0.0651216 0.976891
0.0651574 0.101556
0.0652138 0.863399
0.0652646 0.877262
0.0654259 0.406655
0.0655614 0.855058
0.066107 0.803759
0.0661505 0.963733
0.0663715 0.681727
0.0663951 0.635652
0.0665125 0.986603
0.0666527 0.953089
0.0669088 0.979239
0.0669176 0.82372
0.0669276 0.677273
0.0669989 0.880885
0.0671113 0.32783
0.0671339 0.630596
0.0671945 0.663594
0.0674612 0.396478
0.0675259 0.724388
0.0679589 0.939818
0.0680847 0.791965
0.0680911 0.817573
0.0683833 0.689906
0.068756 0.131789
0.0688456 0.818713
0.0688757 0.448296
0.0689465 0.668617
0.0690128 0.780066
0.0690133 0.989187
0.069232 0.304852
0.069399 0.209632
0.0694476 0.845245
0.0694659 0.917742
0.0695053 0.930752
0.069522 0.815704
0.0696488 0.628012
0.0700763 0.432918
0.0702869 0.15589
0.0704032 0.70229
0.0705697 0.34936
0.0709389 0.382823
0.0715406 0.586854
0.0715984 0.64904
0.071706 0.3711
0.0718897 0.344616
0.0719266 0.336188
0.0719341 0.907902
0.0720764 0.798203
0.0721562 0.881552
0.0722988 0.131332
0.0724215 0.301951
0.0724435 0.907548
0.0730688 0.897156
0.0731182 0.794746
0.0731307 0.176816
0.0743341 0.0185312
0.0743638 0.766571
0.0745832 0.209452
0.0747978 0.893726
0.0751039 0.365493
0.0754287 0.742324
0.0754723 0.736551
0.0757594 0.159233
0.0758679 0.851504
0.0759801 0.67308
0.0760015 0.360638
0.0760562 0.523537
0.0763284 0.566062
0.0766226 0.762739
0.0766472 0.260896
0.07672 0.635283
0.0767514 0.704184
0.0768153 0.93734
0.0768177 0.889289
0.0769493 0.552366
0.0770184 0.67953
0.0777065 0.845887
0.0778688 0.738917
0.0779538 0.81868
0.0784241 0.799579
0.0786923 0.611294
0.0787275 0.964693
0.0793083 0.715926
0.0793248 0.0793096
0.0796498 0.302397
0.0796906 0.789224
0.0797006 0.607245
0.079848 0.8783
0.0799071 0.409242
0.0799075 0.886353
0.0799325 0.0680171
0.0800214 0.979464
0.0800235 0.62063
0.0804719 0.711018
0.0804786 0.877396
0.0806249 0.561989
0.0806544 0.6263
0.0808502 0.715274
0.081082 0.433276
0.0812244 0.835621
0.0813425 0.732314
0.081376 0.601054
0.0813917 0.823272
0.08168 0.0328767
0.081793 0.939423
0.0821578 0.852802
0.082519 0.423488
0.0826928 0.9776
0.0827274 0.741938
0.0830394 0.752497
0.0831415 0.839921
0.0832064 0.345227
0.0836924 0.215218
0.0841486 0.5351
0.0841636 0.530668
0.084218 0.944245
0.0842823 0.876205
0.0843649 0.105255
0.0844853 0.218857
0.0845406 0.653471
0.0847909 0.506415
0.0849269 0.561024
0.0849473 0.504425
0.0862991 0.567695
0.086321 0.523154
0.0863303 0.786137
0.0866304 0.608319
0.0867607 0.786898
0.0868848 0.812446
0.0869338 0.709121
0.087198 0.447753
0.0874158 0.833717
0.0877406 0.641153
0.0882391 0.231763
0.0882691 0.103381
0.0882769 0.840834
0.0883574 0.696732
0.0884028 0.599723
0.0884215 0.573532
0.0885393 0.985543
0.088617 0.373889
0.0886314 0.0458968
0.0888643 0.597093
0.0888792 0.406385
0.0891096 0.562304
0.0891932 0.684618
0.0894701 0.0377941
0.0895348 0.465833
0.0902122 0.665984
0.0903705 0.203976
0.0905024 0.55825
0.0911381 0.80824
0.091225 0.251863
0.0912952 0.216872
0.0912961 0.347138
0.0913924 0.147248
0.0914896 0.684967
0.0917672 0.712561
0.0918236 0.932575
0.0920192 0.679762
0.0920363 0.754775
0.0920727 0.596207
0.0925951 0.632199
0.0928286 0.529381
0.0928561 0.953351
0.0931468 0.407616
0.09346 0.444926
0.0937466 0.909768
0.0938912 0.329255
0.0939385 0.788473
0.0942227 0.675746
0.0942841 0.377229
0.0943063 0.614305
0.0943847 0.989699
0.0950795 0.812353
0.095177 0.794618
0.0953191 0.921489
0.0954329 0.141932
0.0954594 0.731029
0.0957721 0.547537
0.0960099 0.870214
0.0961981 0.752003
0.0963792 0.898945
0.0964075 0.522127
0.0965477 0.138138
0.0966872 0.820597
0.0967077 0.959546
0.0967464 0.426925
0.09685 0.853176
0.0969758 0.472543
0.0969957 0.893683
0.0969989 0.77995
0.0970041 0.597057
0.0979908 0.0278345
0.0980646 0.720922
0.0981807 0.285814
0.0982821 0.789668
0.0983842 0.464038
0.0985141 0.948026
0.0990383 0.190671
0.0991173 0.32278
0.0992683 0.452896
0.0995164 0.400797
0.0996852 0.874713
0.10005 0.961457
0.100107 0.550382
0.100159 0.698901
0.100222 0.679158
0.100311 0.63207
0.10057 0.751167
0.100613 0.560293
0.100637 0.503016
0.100921 0.827257
0.100951 0.42098
0.101232 0.266985
0.101378 0.124447
0.101452 0.172648
0.102125 0.34805
0.102203 0.861556
0.102344 0.388129
0.102874 0.797216
0.102886 0.824792
0.103305 0.906057
0.103427 0.894809
0.103891 0.793024
0.10423 0.266146
0.104364 0.498707
0.104423 0.34565
0.104465 0.871748
0.104553 0.321119
0.104803 0.362722
0.104859 0.569907
0.105089 0.625072
0.105167 0.797686
0.105652 0.928316
0.105747 0.782715
0.105865 0.429201
0.10612 0.736768
0.10722 0.831512
0.107231 0.693444
0.107281 0.912378
0.107312 0.60641
0.107314 0.852976
0.10781 0.961664
0.107814 0.216899
0.108057 0.622461
0.108274 0.647877
0.108489 0.50937
0.108493 0.688679
0.10864 0.963958
0.108681 0.317022
0.108856 0.945768
0.108868 0.869863
0.108928 0.885745
0.108993 0.0253798
0.10903 0.811759
0.109053 0.19811
0.109323 0.567247
0.109597 0.731953
0.109681 0.0132244
0.109809 0.88323
0.109955 0.452355
0.110404 0.925483
0.111007 0.446047
0.111091 0.557849
0.111092 0.911005
0.111193 0.0123553
0.111205 0.893923
0.111221 0.215438
0.11124 0.261962
0.111492 0.18259
0.111537 0.876991
0.111587 0.507578
0.111613 0.166393
0.111948 0.793725
0.111969 0.963521
0.11222 0.600281
0.112299 0.329782
0.112305 0.81812
0.112588 0.894457
0.112614 0.292976
0.112677 0.359116
0.112862 0.45955
0.112934 0.975328
0.113068 0.905006
0.113135 0.126296
0.113213 0.743777
0.113363 0.853964
0.113518 0.943621
0.113686 0.954018
0.113704 0.880202
0.113745 0.780699
0.113997 0.92418
0.11402 0.610658
0.114181 0.859022
0.114237 0.875487
0.114315 0.936378
0.114535 0.936104
0.114804 0.90893
0.11486 0.688608
0.114941 0.640155
0.114999 0.265158
0.115094 0.578706
0.115144 0.926954
0.115251 0.882014
0.115344 0.289853
0.115391 0.257624
0.115623 0.0661904
0.116025 0.997112
0.116427 0.87665
0.116539 0.558027
0.116563 0.0571893
0.116671 0.684781
0.116677 0.63228
0.116826 0.853189
0.11686 0.719506
0.117176 0.718286
0.118972 0.727683
0.119008 0.933188
0.119128 0.95787
0.11914 0.586069
0.119388 0.122606
0.119632 0.306765
0.119817 0.734134
0.119826 0.74331
0.119967 0.289229
0.120013 0.331916
0.120077 0.386078
0.120132 0.651064
0.120233 0.694805
0.120453 0.612645
0.120489 0.967862
0.120605 0.608312
0.120691 0.868939
0.120797 0.47343
0.120828 0.895229
0.120974 0.251805
0.121401 0.985357
0.121623 0.929869
0.121857 0.411109
0.121914 0.727848
0.122067 0.736473
0.122075 0.800025
0.122096 0.796696
0.122687 0.787788
0.122848 0.942706
0.122901 0.873746
0.122915 0.878364
0.122932 0.649805
0.123521 0.954302
0.123783 0.880897
0.123814 0.276513
0.124242 0.241671
0.124463 0.951508
0.124554 0.634378
0.124781 0.555189
0.124906 0.0366501
0.125262 0.235482
0.125484 0.571296
0.125495 0.0569435
0.125804 0.619927
0.125941 0.794995
0.126217 0.114959
0.126832 0.552405
0.126899 0.781323
0.127023 0.816082
0.127057 0.802528
0.127172 0.695674
0.127388 0.611729
0.127894 0.830066
0.127925 0.0032804
0.127929 0.107552
0.128351 0.175082
0.128556 0.789282
0.128874 0.634278
0.129044 0.647306
0.129069 0.629127
0.129073 0.147285
0.129096 0.931617
0.129263 0.68348
0.129481 0.715132
0.129948 0.777692
0.130147 0.44881
0.130304 0.179506
0.130371 0.599667
0.130546 0.838991
0.13121 0.854602
0.131333 0.3765
0.131793 0.927185
0.132006 0.0476768
0.132248 0.907636
0.132249 0.681583
0.132575 0.613689
0.133377 0.899317
0.133545 0.695815
0.13392 0.695642
0.134515 0.597829
0.134547 0.531331
0.134552 0.0732709
0.134632 0.473952
0.13466 0.783729
0.134851 0.682645
0.135177 0.765767
0.135333 0.946554
0.135485 0.789029
0.135982 0.0611705
0.13628 0.86522
0.13643 0.70577
0.136457 0.0365824
0.136627 0.826562
0.136689 0.605922
0.137349 0.650759
0.137395 0.564242
0.137475 0.977541
0.137509 0.630671
0.137694 0.172642
0.138215 0.858148
0.1383 0.924733
0.138441 0.0183542
0.138774 0.593163
0.138912 0.57282
0.138934 0.857598
0.138958 0.965706
0.138989 0.744606
0.139117 0.974665
0.139492 0.809225
0.139917 0.260066
0.139966 0.0124447
0.140384 0.0255337
0.140723 0.791036
0.140776 0.849957
0.141223 0.861462
0.141299 0.945461
0.141501 0.800553
0.141589 0.0462316
0.14167 0.703849
0.141855 0.926837
0.141868 0.143832
0.141886 0.00298267
0.142046 0.777824
0.142116 0.570501
0.142183 0.838609
0.142465 0.120817
0.142658 0.689763
0.142795 0.764838
0.143022 0.727684
0.143902 0.688391
0.144119 0.999292
0.144134 0.719894
0.144296 0.65605
0.144668 0.268496
0.14472 0.677926
0.144749 0.855331
0.144793 0.527547
0.145052 0.69591
0.145505 0.756634
0.145564 0.716049
0.145634 0.920051
0.14601 0.957065
0.146429 0.030716
0.14683 0.713044
0.146919 0.984486
0.147142 0.510486
0.147494 0.984016
0.148149 0.979571
0.148262 0.926122
0.148331 0.875367
0.148457 0.906462
0.148996 0.575046
0.149507 0.185482
0.149916 0.556515
0.150072 0.973487
0.150501 0.355941
0.150552 0.499923
0.151078 0.793333
0.151438 0.859133
0.151496 0.28207
0.151656 0.700544
0.151756 0.0298132
0.151786 0.877696
0.152213 0.635396
0.15235 0.983456
0.152488 0.904254
0.152939 0.55127
0.15309 0.840035
0.153213 0.925759
0.153288 0.567062
0.153336 0.990457
0.15345 0.669676
0.153582 0.851713
0.153955 0.254856
0.154049 0.696195
0.154071 0.182513
0.154087 0.493067
0.154328 0.997173
0.15507 0.321622
0.155154 0.28176
0.155436 0.956597
0.155613 0.341753
0.155755 0.548485
0.155789 0.748794
0.156047 0.945702
0.15629 0.97041
0.156452 0.831731
0.15657 0.76743
0.156649 0.264902
0.156832 0.755305
0.156901 0.107335
0.157031 0.0988128
0.157124 0.751677
0.157346 0.97977
0.157651 0.104557
0.157715 0.256958
0.157833 0.563322
0.158028 0.174267
0.158293 0.877146
0.158447 0.23706
0.158467 0.860441
0.158958 0.79374
0.159199 0.972554
0.159359 0.0221652
0.159382 0.214414
0.160184 0.991139
0.160571 0.92783
0.160961 0.821602
0.161414 0.780671
0.161829 0.776401
0.161948 0.165709
0.161968 0.0200345
0.162086 0.953602
0.162333 0.897008
0.162365 0.833792
0.16245 0.986863
0.162492 0.739938
0.162659 0.940929
0.162808 0.894939
0.162935 0.62197
0.163133 0.816353
0.163166 0.000792096
0.163169 0.947957
0.163265 0.550878
0.163327 0.619521
0.16362 0.765968
0.163957 0.744549
0.164278 0.743674
0.164329 0.321585
0.165185 0.160101
0.165239 0.984423
0.165295 0.00384794
0.16538 0.976664
0.165461 0.348156
0.165539 0.716483
0.165603 0.938361
0.165815 0.923009
0.166052 0.972521
0.166083 0.943551
0.166279 0.438395
0.166794 0.791218
0.166881 0.121205
0.167583 0.839538
0.167587 0.971108
0.167625 0.339641
0.168138 0.810665
0.16818 0.618093
0.168461 0.464135
0.168936 0.0973825
0.169177 0.990502
0.169241 0.985452
0.169796 0.821937
0.170151 0.864193
0.170206 0.824892
0.170221 0.825817
0.170582 0.339253
0.17116 0.737809
0.171189 0.31957
0.171278 0.412193
0.17153 0.299473
0.171554 0.878991
0.171688 0.292468
0.171994 0.292207
0.17267 0.645733
0.173334 0.535444
0.173649 0.859672
0.173709 0.204499
0.173951 0.0559052
0.17409 0.149085
0.174164 0.902449
0.174349 0.148544
0.174409 0.0148337
0.174613 0.550176
0.174631 0.913312
0.174825 0.96466
0.174918 0.713355
0.175718 0.460179
0.175782 0.788688
0.17634 0.645218
0.176532 0.146979
0.176559 0.817659
0.176566 0.782808
0.176743 0.586093
0.177322 0.690298
0.177425 0.962848
0.17836 0.880516
0.17848 0.629616
0.178567 0.923147
0.178889 0.876916
0.178994 0.830452
0.178997 0.859503
0.179184 0.11436
0.179305 0.618042
0.179394 0.91247
0.17957 0.571727
0.179757 0.894167
0.179886 0.655854
0.1799 0.988857
0.18021 0.490029
0.180302 0.976792
0.180488 0.879361
0.180526 0.935817
0.180693 0.549698
0.180727 0.735657
0.180922 0.78904
0.181255 0.730365
0.181267 0.708196
0.181332 0.880453
0.181505 0.970917
0.181596 0.827053
0.181799 0.565325
0.181827 0.782532
0.181974 0.953922
0.182452 0.914927
0.182527 0.0780042
0.182728 0.907453
0.182847 0.600269
0.18293 0.922582
0.182932 0.544795
0.183035 0.715113
0.183059 0.362202
0.18306 0.896599
0.183123 0.879157
0.183385 0.754006
0.184426 0.613256
0.184689 0.466197
0.184786 0.0965226
0.184937 0.971679
0.185805 0.987081
0.185831 0.818746
0.185841 0.319518
0.185886 0.748797
0.185943 0.929354
0.186389 0.00905247
0.186753 0.0921643
0.186878 0.00399516
0.186924 0.52404
0.187364 0.613003
0.187529 0.511581
0.187587 0.258896
0.187593 0.0337718
0.187748 0.903132
0.187862 0.611085
0.187942 0.0456445
0.188035 0.303407
0.188036 0.826746
0.188105 0.885607
0.188378 0.782885
0.188451 0.158988
0.188701 0.358533
0.188805 0.243059
0.189022 0.388153
0.189227 0.0382712
0.189409 0.257019
0.18958 0.27534
0.189669 0.301939
0.19025 0.87655
0.190294 0.594246
0.19047 0.976924
0.19069 0.509924
0.190779 0.456748
0.191001 0.907212
0.191127 0.868972
0.191155 0.299545
0.191165 0.762896
0.191387 0.876874
0.191579 0.82066
0.191753 0.379311
0.192088 0.947073
0.19242 0.0347695
0.192471 0.855493
0.192573 0.771473
0.192685 0.53997
0.192947 0.0286935
0.192977 0.267425
0.193191 0.527812
0.193444 0.968528
0.193595 0.482795
0.193689 0.910273
0.193943 0.826039
0.19411 0.964075
0.194132 0.00333859
0.194444 0.424472
0.194511 0.524753
0.194617 0.752413
0.194849 0.0132845
0.195418 0.0105052
0.195432 0.985596
0.195505 0.703219
0.196067 0.854745
0.196965 0.844261
0.197146 0.810535
0.19734 0.928188
0.197354 0.051831
0.197468 0.856373
0.197937 0.732275
0.198066 0.0921317
0.198521 0.764158
0.199178 0.0855092
0.199223 0.609897
0.199364 0.24586
0.199392 0.482769
0.199539 0.524617
0.199544 0.784257
0.199841 0.742708
0.199849 0.110335
0.199909 0.365649
0.200081 0.59747
0.20041 0.922845
0.200433 0.365424
0.201311 0.219628
0.201326 0.421748
0.201437 0.691598
0.202032 0.5318
0.202051 0.0518199
0.202152 0.415735
0.202183 0.717799
0.20239 0.452266
0.202396 0.343774
0.202497 0.98635
0.20252 0.298496
0.202618 0.680156
0.202834 0.914575
0.203207 0.479261
0.203215 0.41049
0.203263 0.648755
0.203563 0.811378
0.203574 0.94422
0.203611 0.187502
0.203816 0.456719
0.204212 0.175628
0.204527 0.52739
0.204672 0.467282
0.204881 0.375401
0.204915 0.847471
0.204974 0.661497
0.205032 0.128086
0.205214 0.912252
0.205516 0.870907
0.205843 0.594763
0.206126 0.0656371
0.206334 0.918027
0.206626 0.642014
0.207558 0.102805
0.207579 0.44105
0.207765 0.836992
0.207822 0.95739
0.208814 0.1677
0.208872 0.811072
0.209466 0.806047
0.209519 0.43574
0.209627 0.917484
0.209831 0.902583
0.21062 0.882103
0.210867 0.927242
0.21131 0.812866
0.211383 0.506674
0.211603 0.798028
0.211619 0.879187
0.211786 0.617087
0.212002 0.739904
0.212059 0.780884
0.212221 0.461058
0.212288 0.787739
0.21249 0.107885
0.212671 0.98706
0.212863 0.151594
0.213123 0.501742
0.213433 0.714561
0.213614 0.713708
0.213704 0.632234
0.213734 0.10033
0.213835 0.629667
0.214875 0.964502
0.215269 0.77025
0.215388 0.820226
0.2154 0.876981
0.215684 0.900813
0.21609 0.744496
0.216178 0.104186
0.216231 0.930693
0.216275 0.122565
0.216304 0.830995
0.216385 0.942778
0.216914 0.056526
0.217077 0.822123
0.217419 0.822027
0.217608 0.0836631
0.217661 0.121772
0.218103 0.302602
0.218199 0.593959
0.218211 0.493712
0.218464 0.0562249
0.218533 0.803093
0.218603 0.582518
0.218666 0.862155
0.21885 0.00262573
0.21886 0.450906
0.219753 0.958516
0.219771 0.899995
0.219842 0.747611
0.220146 0.942029
0.220279 0.567189
0.220306 0.531377
0.2207 0.698397
0.221387 0.908858
0.222213 0.834099
0.222602 0.984955
0.222859 0.958426
0.222935 0.565085
0.223093 0.923316
0.223558 0.73412
0.223941 0.00785951
0.224008 0.61608
0.224523 0.414686
0.224655 0.894096
0.224683 0.438623
0.224924 0.778522
0.224968 0.963561
0.225214 0.728134
0.22602 0.716367
0.226214 0.102927
0.226238 0.907174
0.226312 0.866131
0.226732 0.770049
0.226782 0.0823094
0.226819 0.431683
0.228877 0.695615
0.229156 0.657332
0.229166 0.880097
0.229396 0.331823
0.229428 0.827211
0.229769 0.746912
0.230185 0.430329
0.230262 0.735692
0.230978 0.0439657
0.23121 0.561026
0.232282 0.709076
0.232323 0.18697
0.232496 0.70362
0.232594 0.581895
0.2326 0.0344858
0.233166 0.972061
0.23326 0.576579
0.233316 0.613701
0.233335 0.72236
0.233352 0.0428411
0.233724 0.416965
0.233884 0.0637145
0.234343 0.425958
0.234505 0.362883
0.234523 0.746337
0.234717 0.742813
0.234885 0.981596
0.234889 0.369297
0.235756 0.559353
0.235855 0.718039
0.236036 0.797545
0.236047 0.979196
0.2363 0.772675
0.236387 0.886705
0.236625 0.851356
0.236696 0.178334
0.236736 0.402485
0.237044 0.8136
0.23708 0.00358742
0.237308 0.87494
0.237333 0.249166
0.237682 0.536721
0.237745 0.900891
0.237826 0.0556393
0.237875 0.77168
0.238016 0.768953
0.238266 0.681808
0.238382 0.573655
0.23855 0.301993
0.238767 0.0801886
0.239165 0.17756
0.239337 0.749162
0.239501 0.951909
0.239561 0.739188
0.239858 0.794927
0.240082 0.783074
0.241124 0.271822
0.241238 0.827776
0.241309 0.78869
0.241325 0.821622
0.241442 0.944639
0.241952 0.0968374
0.24215 0.874598
0.242286 0.614258
0.242424 0.93959
0.242446 0.936806
0.242668 0.151852
0.242726 0.779987
0.244444 0.820915
0.244507 0.922032
0.245187 0.862304
0.245235 0.342497
0.245538 0.524869
0.245673 0.258613
0.246094 0.82296
0.246192 0.953476
0.246463 0.198876
0.246506 0.934663
0.246528 0.0310926
0.247458 0.641846
0.24779 0.773039
0.248152 0.73665
0.248378 0.042579
0.248428 0.609552
0.248452 0.937993
0.248542 0.912568
0.248569 0.887683
0.248621 0.0716263
0.248656 0.0285448
0.248741 0.064334
0.248816 0.0939663
0.249227 0.271394
0.249791 0.459532
0.249936 0.815926
0.250124 0.147138
0.250484 0.243089
0.25053 0.0261447
0.250663 0.952375
0.250966 0.139083
0.251407 0.818545
0.251468 0.841964
0.251576 0.135342
0.25173 0.988992
0.252181 0.0806121
0.252279 0.506585
0.252388 0.0127767
0.252495 0.969484
0.252648 0.945759
0.252861 0.0475655
0.252908 0.339401
0.253165 0.945769
0.253857 0.238838
0.25403 0.850025
0.25406 0.772063
0.254916 0.607931
0.255054 0.837522
0.255131 0.965347
0.255553 0.739583
0.255651 0.690585
0.255748 0.738009
0.256075 0.786206
0.256213 0.0638984
0.256281 0.727308
0.256459 0.0852026
0.256511 0.881685
0.256737 0.882452
0.257277 0.909294
0.257623 0.412739
0.258013 0.367356
0.258215 0.894281
0.25894 0.737134
0.259003 0.965268
0.259322 0.496917
0.259507 0.601832
0.259528 0.804828
0.259876 0.989534
0.259882 0.287741
0.260026 0.807144
0.260038 0.981152
0.260549 0.1183
0.260776 0.810782
0.26096 0.385737
0.261505 0.183007
0.261694 0.210661
0.261961 0.929423
0.262107 0.384895
0.262316 0.475616
0.262539 0.417641
0.262545 0.474235
0.262842 0.411192
0.263456 0.163417
0.263632 0.922362
0.264028 0.789437
0.264042 0.739715
0.264107 0.0579968
0.264119 0.188888
0.264358 0.89377
0.264568 0.406713
0.265125 0.728665
0.265208 0.861284
0.265737 0.149502
0.26598 0.989722
0.266341 0.928308
0.266538 0.00262818
0.266596 0.376079
0.266649 0.955371
0.266729 0.184925
0.267383 0.366252
0.267436 0.734255
0.267531 0.642903
0.267645 0.65225
0.26778 0.941282
0.268173 0.928018
0.268266 0.827424
0.268521 0.421661
0.268539 0.410064
0.268712 0.919002
0.268844 0.803167
0.268862 0.0109052
0.26887 0.946323
0.269088 0.142626
0.269248 0.879639
0.26963 0.0186703
0.269835 0.980696
0.270605 0.0696671
0.271216 0.922765
0.271638 0.951756
0.27238 0.906785
0.272554 0.373489
0.272837 0.723321
0.272846 0.917468
0.272991 0.807297
0.273337 0.569534
0.273377 0.782225
0.273477 0.898657
0.273555 0.275488
0.274228 0.862821
0.274452 0.683946
0.274536 0.406571
0.274624 0.568854
0.274856 0.401011
0.274876 0.768407
0.27491 0.348782
0.275078 0.275307
0.275295 0.139001
0.27531 0.0133326
0.275946 0.644129
0.276344 0.925817
0.276717 0.0409337
0.276972 0.758313
0.277115 0.909771
0.277148 0.996803
0.27736 0.755364
0.277519 0.845335
0.278043 0.161357
0.27825 0.13487
0.278516 0.965511
0.279239 0.0106743
0.279512 0.798716
0.279632 0.402903
0.279667 0.987701
0.27985 0.770276
0.279953 0.79219
0.280105 0.890232
0.280127 0.258979
0.280413 0.939091
0.280703 0.46773
0.281147 0.750336
0.281241 0.595787
0.281663 0.914321
0.281682 0.430758
0.281808 0.620242
0.282249 0.888843
0.282783 0.67638
0.282791 0.337705
0.283073 0.708229
0.283174 0.936817
0.283252 0.544328
0.283316 0.977415
0.283387 0.722562
0.283678 0.460687
0.283868 0.993513
0.284258 0.699447
0.284396 0.941617
0.284608 0.897014
0.284656 0.922556
0.284722 0.382124
0.28479 0.707266
0.284953 0.588281
0.28506 0.0970418
0.285962 0.9463
0.286041 0.533427
0.286052 0.14263
0.286193 0.0243888
0.286633 0.947552
0.286861 0.0228774
0.287224 0.678108
0.287295 0.0316818
0.287306 0.0574893
0.287563 0.83094
0.287633 0.132145
0.287835 0.234544
0.287951 0.804011
0.287959 0.0497282
0.28812 0.9167
0.288317 0.797372
0.288345 0.7693
0.288806 0.959996
0.288943 0.0361208
0.289727 0.584977
0.289858 0.255178
0.290011 0.124788
0.290347 0.847296
0.29039 0.584932
0.290915 0.758632
0.291274 0.848038
0.291411 0.945835
0.29205 0.533408
0.292105 0.0440129
0.292246 0.357882
0.292621 0.841196
0.292652 0.864971
0.292781 0.903219
0.293662 0.727967
0.293793 0.613672
0.293949 0.617646
0.295005 0.600136
0.295078 0.815751
0.295873 0.901896
0.296305 0.883792
0.296749 0.395467
0.296953 0.0844213
0.296961 0.0577936
0.297039 0.0383959
0.297587 0.739602
0.297733 0.483316
0.297949 0.336279
0.297979 0.33184
0.298047 0.583412
0.298064 0.530356
0.298172 0.988038
0.298548 0.0654384
0.298601 0.329528
0.298684 0.123933
0.29888 0.00316113
0.29939 0.89833
0.300474 0.581736
0.300686 0.245934
0.300977 0.364585
0.301636 0.0127764
0.303202 0.840887
0.303221 0.89611
0.303226 0.353923
0.303399 0.681298
0.304034 0.424101
0.304082 0.724088
0.304126 0.301999
0.304316 0.655193
0.305626 0.16966
0.30564 0.00294241
0.305909 0.671183
0.305954 0.956905
0.306369 0.954676
0.306581 0.0478551
0.306666 0.787013
0.306711 0.990126
0.306839 0.924528
0.307216 0.0296634
0.307251 0.709175
0.307276 0.990394
0.307688 0.453428
0.307871 0.0541725
0.307936 0.850714
0.308099 0.633942
0.308302 0.845425
0.30839 0.0173208
0.309019 0.106539
0.309268 0.712649
0.30941 0.00483434
0.309499 0.331199
0.309509 0.830731
0.309951 0.905023
0.309987 0.749213
0.310327 0.944708
0.310615 0.169483
0.310648 0.813147
0.311271 0.195574
0.311313 0.012381
0.311374 0.626662
0.311445 0.785142
0.311641 0.93055
0.311713 0.292634
0.312368 0.0465539
0.312374 0.975942
0.312424 0.505478
0.313049 0.827973
0.313151 0.779844
0.313303 0.903435
0.31341 0.99228
0.31376 0.503521
0.314331 0.729648
0.314604 0.876175
0.314945 0.950705
0.314974 0.913584
0.315007 0.361421
0.315044 0.727144
0.315087 0.288907
0.315156 0.495781
0.315217 0.622451
0.315387 0.919942
0.315497 0.353148
0.315548 0.0541338
0.315588 0.655813
0.315633 0.605466
0.315812 0.125289
0.316142 0.12496
0.316736 0.229231
0.316776 0.999288
0.316837 0.113895
0.317075 0.356797
0.317148 0.0813931
0.317333 0.889365
0.317364 0.354643
0.317372 0.90618
0.317943 0.847009
0.318251 0.619842
0.318552 0.614328
0.318636 0.219828
0.318949 0.0641212
0.319038 0.681871
0.319241 0.928816
0.319535 0.959205
0.320208 0.00148174
0.320439 0.313322
0.320579 0.599197
0.320922 0.517104
0.321096 0.313282
0.321117 0.394927
0.321209 0.588023
0.321346 0.394693
0.321389 0.655309
0.321398 0.756537
0.321426 0.880148
0.321691 0.500211
0.321995 0.0283483
0.322018 0.977961
0.322203 0.779156
0.322247 0.356131
0.322489 0.352848
0.322566 0.164728
0.323383 0.969442
0.323802 0.78323
0.323936 0.701184
0.324061 0.867098
0.324187 0.997627
0.324458 0.308041
0.32449 0.997214
0.3249 0.842851
0.324986 0.857613
0.325368 0.868908
0.326042 0.110205
0.326305 0.00385996
0.326429 0.723299
0.326977 0.888177
0.327 0.857402
0.327626 0.809125
0.32794 0.0332346
0.328185 0.580864
0.32846 0.925268
0.328593 0.0264814
0.329203 0.942408
0.329385 0.567857
0.329475 0.286204
0.329558 0.383454
0.329945 0.806085
0.329986 0.377663
0.330192 0.0331539
0.330333 0.0743585
0.330362 0.103717
0.33038 0.753958
0.331006 0.0636885
0.331108 0.244445
0.331222 0.907996
0.33124 0.881878
0.331249 0.963993
0.331435 0.0509794
0.333059 0.899631
0.333842 0.89952
0.334863 0.743291
0.335042 0.857525
0.335146 0.653787
0.335442 0.975695
0.335455 0.455844
0.335483 0.958234
0.335682 0.829825
0.335823 0.916422
0.335986 0.668917
0.33607 0.779666
0.33612 0.450713
0.336177 0.8497
0.336632 0.817338
0.336667 0.966228
0.33709 0.776367
0.337098 0.105244
0.337179 0.394721
0.337416 0.34338
0.337469 0.972828
0.337889 0.978155
0.33811 0.297114
0.338339 0.317812
0.338345 0.338623
0.338706 0.497428
0.338786 0.970458
0.338886 0.846905
0.339336 0.727119
0.339768 0.199591
0.339778 0.0990668
0.340059 0.376073
0.34057 0.991027
0.340747 0.932332
0.341367 0.13893
0.341882 0.351367
0.342002 0.838474
0.342012 0.393659
0.34278 0.810551
0.343724 0.777062
0.343997 0.425161
0.344699 0.86057
0.344988 0.022908
0.345259 0.313827
0.34532 0.999552
0.345693 0.881658
0.34589 0.854585
0.346488 0.422516
0.346741 0.417543
0.347152 0.881491
0.347457 0.373561
0.348178 0.0892115
0.348238 0.778103
0.34841 0.554546
0.34845 0.54222
0.348837 0.444946
0.34901 0.714428
0.349221 0.771333
0.349695 0.525787
0.349757 0.670169
0.34978 0.746743
0.350111 0.479161
0.350395 0.184889
0.350691 0.371854
0.350761 0.939939
0.350853 0.990668
0.351654 0.0482109
0.352015 0.60345
0.352118 0.653092
0.352223 0.809245
0.352557 0.311243
0.35277 0.471322
0.353078 0.00870696
0.353255 0.0165818
0.353292 0.791598
0.354012 0.829611
0.354895 0.441577
0.355052 0.412926
0.35558 0.943924
0.355697 0.995402
0.355839 0.64732
0.355899 0.926364
0.355957 0.30753
0.356313 0.840082
0.356704 0.137758
0.356914 0.858717
0.356995 0.243544
0.357463 0.692157
0.357511 0.336316
0.358107 0.406605
0.358231 0.166272
0.358414 0.982053
0.358423 0.0384415
0.358613 0.550567
0.358936 0.949046
0.359389 0.539701
0.359425 0.215635
0.359626 0.97219
0.359716 0.435646
0.35983 0.913061
0.359883 0.89174
0.359954 0.419679
0.360023 0.762148
0.360149 0.960089
0.360315 0.283337
0.360379 0.973017
0.360501 0.417132
0.36051 0.143214
0.360758 0.685213
0.361379 0.0107769
0.361641 0.74472
0.361802 0.489727
0.361964 0.52882
0.362262 0.797122
0.362536 0.527193
0.362682 0.208631
0.362787 0.414209
0.362956 0.406507
0.363239 0.987927
0.364102 0.774699
0.364222 0.964288
0.364348 0.336145
0.364362 0.682415
0.364996 0.772789
0.366044 0.129486
0.366761 0.043389
0.366875 0.288094
0.366952 0.0579587
0.367019 0.647278
0.367317 0.519945
0.368327 0.207739
0.368466 0.737622
0.368673 0.347765
0.368695 0.48948
0.36872 0.20536
0.368776 0.975272
0.368913 0.52577
0.368955 0.370436
0.369226 0.96549
0.369425 0.502925
0.369626 0.357415
0.370501 0.0872525
0.370897 0.0978707
0.37104 0.422805
0.371286 0.39999
0.371383 0.419666
0.371584 0.337279
0.371677 0.598069
0.371716 0.960771
0.372173 0.858261
0.37253 0.0751463
0.372862 0.888322
0.372893 0.920176
0.373141 0.349577
0.373652 0.492872
0.373809 0.705571
0.373897 0.470461
0.373966 0.377786
0.374208 0.276472
0.374675 0.439799
0.375139 0.0570942
0.375374 0.945032
0.375599 0.858152
0.375793 0.138583
0.375898 0.810446
0.376491 0.627978
0.376527 0.578222
0.376551 0.70443
0.376874 0.662723
0.376999 0.97731
0.377268 0.525633
0.377433 0.839104
0.377548 0.0938269
0.377991 0.12882
0.378174 0.947712
0.3788 0.839291
0.378902 0.794202
0.379194 0.324973
0.379929 0.0707542
0.379942 0.00513487
0.380266 0.574649
0.380423 0.967753
0.38046 0.839202
0.380714 0.878695
0.381231 0.496892
0.381499 0.238242
0.381558 0.969347
0.381763 0.433033
0.381768 0.659237
0.38224 0.491971
0.382305 0.993778
0.382528 0.838941
0.382881 0.416816
0.382907 0.852573
0.383041 0.906792
0.383386 0.937324
0.383441 0.510552
0.383522 0.957844
0.383683 0.806548
0.38384 0.484484
0.384036 0.96988
0.384183 0.0589269
0.385057 0.201332
0.385549 0.901437
0.385668 0.423289
0.386048 0.0241342
0.386101 0.13856
0.386212 0.929886
0.386962 0.897776
0.38703 0.0105269
0.387798 0.892683
0.388469 0.508109
0.388472 0.472131
0.388781 0.782962
0.388849 0.852409
0.389018 0.654943
0.389033 0.954045
0.389373 0.0148817
0.39028 0.558269
0.390835 0.987595
0.390953 0.0575059
0.39128 0.808508
0.39163 0.367267
0.392024 0.366069
0.392074 0.866899
0.392115 0.602052
0.39236 0.37344
0.392857 0.958082
0.393086 0.0158325
0.393223 0.0192171
0.393268 0.0784598
0.393431 0.0328404
0.393435 0.262149
0.393598 0.701991
0.394066 0.650128
0.394133 0.233144
0.394332 0.637259
0.394369 0.498468
0.394463 0.0043055
0.394614 0.780928
0.394615 0.0515162
0.395265 0.83678
0.395308 0.419599
0.395722 0.629829
0.395856 0.683307
0.396015 0.513181
0.396209 0.257581
0.396345 0.806133
0.396424 0.0556338
0.396575 0.193115
0.396773 0.931937
0.397775 0.92418
0.397798 0.0370309
0.398097 0.257031
0.398482 0.694045
0.398545 0.884661
0.398594 0.834187
0.399196 0.110844
0.400109 0.956249
0.400281 0.189254
0.401357 0.497786
0.401416 0.49273
0.402163 0.482542
0.402294 0.935276
0.4026 0.0053031
0.402803 0.942469
0.402845 0.324823
0.403104 0.757233
0.403446 0.667305
0.403466 0.622886
0.403505 0.387741
0.403529 0.854855
0.40356 0.042494
0.404124 0.91162
0.404197 0.441138
0.404438 0.0371312
0.404476 0.117423
0.404513 0.217523
0.404838 0.908705
0.404873 0.754957
0.405635 0.988289
0.405817 0.941201
0.406824 0.585835
0.406866 0.882401
0.407052 0.362235
0.407295 0.075426
0.407551 0.838922
0.407747 0.33168
0.408235 0.478856
0.408593 0.0512915
0.408817 0.175591
0.408953 0.109848
0.409013 0.922776
0.409015 0.363512
0.409441 0.931877
0.409994 0.749283
0.410172 0.685532
0.411131 0.995193
0.411581 0.914697
0.411906 0.0858078
0.412458 0.466356
0.412657 0.0488614
0.412838 0.108235
0.413014 0.136342
0.413064 0.567581
0.413526 0.782808
0.413637 0.00821163
0.413865 0.431405
0.414098 0.979968
0.4144 0.0361333
0.414554 0.0282621
0.414554 0.33043
0.414677 0.745166
0.414991 0.0453982
0.415046 0.173653
0.415865 0.314026
0.416063 0.870646
0.416095 0.0833538
0.41617 0.211693
0.416632 0.9108
0.416903 0.979683
0.417054 0.446487
0.41709 0.351226
0.417167 0.935906
0.417183 0.105334
0.417314 0.117313
0.41792 0.826507
0.41793 0.286553
0.418066 0.565886
0.418468 0.0273037
0.418489 0.791379
0.418754 0.489276
0.41885 0.755275
0.418871 0.250042
0.418992 0.0094482
0.419379 0.910687
0.419525 0.929112
0.419773 0.132771
0.420162 0.408679
0.420188 0.272164
0.420263 0.943519
0.42036 0.0093652
0.42065 0.442879
0.42071 0.968476
0.421075 0.679282
0.421325 0.990588
0.421329 0.669709
0.421485 0.509475
0.421502 0.00444926
0.421929 0.952441
0.421982 0.779815
0.423206 0.00886552
0.423367 0.468427
0.42401 0.929218
0.424025 0.91745
0.424028 0.0545707
0.424414 0.159826
0.424516 0.590505
0.424518 0.313753
0.424746 0.665801
0.424771 0.0274743
0.424797 0.42772
0.425267 0.638982
0.426124 0.114778
0.426804 0.663439
0.427948 0.348647
0.427954 0.506747
0.428155 0.0365519
0.429743 0.309115
0.42978 0.00877093
0.430587 0.505366
0.431108 0.691748
0.431407 0.985861
0.431808 0.558192
0.43259 0.437778
0.432796 0.131958
0.432878 0.975753
0.432958 0.730869
0.433106 0.27158
0.433389 0.662083
0.433582 0.993099
0.434053 0.926629
0.434223 0.923339
0.434788 0.821241
0.43489 0.81229
0.435438 0.0521514
0.435537 0.372328
0.435908 0.586625
0.435915 0.269506
0.435977 0.336493
0.436262 0.188173
0.436506 0.00152875
0.436582 0.258733
0.436628 0.00516276
0.436986 0.00242005
0.437514 0.180211
0.437522 0.583426
0.438519 0.0739385
0.43857 0.00102785
0.439523 0.554623
0.439845 0.91326
0.440025 0.0447063
0.440522 0.0913606
0.441029 0.010669
0.44116 0.628523
0.44121 0.026549
0.441416 0.0797815
0.441913 0.24682
0.442626 0.875411
0.442925 0.409397
0.443563 0.657094
0.443725 0.127911
0.443787 0.579788
0.444068 0.874395
0.444243 0.993
0.444356 0.803256
0.444385 0.375921
0.444454 0.0393908
0.444644 0.90489
0.444689 0.922716
0.445598 0.303046
0.445642 0.293165
0.44574 0.0795298
0.446308 0.652199
0.446344 0.5232
0.446583 0.625671
0.446723 0.476981
0.446952 0.33507
0.447721 0.435344
0.447853 0.260927
0.447893 0.117972
0.447914 0.0501653
0.447941 0.430458
0.448544 0.59609
0.448692 0.290747
0.448844 0.0773297
0.448947 0.81167
0.449163 0.470417
0.449327 0.242448
0.44964 0.453649
0.449649 0.793867
0.449716 0.661528
0.44987 0.51919
0.449871 0.416764
0.449974 0.374874
0.450332 0.854271
0.450588 0.658898
0.451572 0.578725
0.451704 0.406093
0.452478 0.912234
0.453252 0.979764
0.453446 0.499313
0.453805 0.0885687
0.453827 0.41283
0.453846 0.963714
0.454448 0.019071
0.454675 0.619227
0.455028 0.77851
0.455042 0.429282
0.455086 0.990642
0.455165 0.015681
0.455173 0.159387
0.455784 0.553847
0.456543 0.381264
0.456613 0.698915
0.456748 0.00104278
0.456898 0.886237
0.45691 0.820647
0.457238 0.217859
0.457518 0.462971
0.458042 0.951935
0.458875 0.9782
0.459267 0.575688
0.459648 0.0472628
0.459916 0.27311
0.460336 0.826994
0.46055 0.91353
0.460935 0.0132513
0.46111 0.696878
0.461177 0.935753
0.461387 0.338292
0.461864 0.271216
0.462131 0.724897
0.462763 0.276097
0.463056 0.982109
0.463794 0.9474
0.463882 0.215331
0.463947 0.883666
0.46428 0.315797
0.464584 0.265431
0.465063 0.879692
0.465363 0.927626
0.465711 0.568699
0.466283 0.115143
0.466675 0.520848
0.467208 0.51811
0.467384 0.61516
0.467398 0.819211
0.468267 0.110262
0.468329 0.825008
0.468652 0.157441
0.468938 0.313318
0.469052 0.157109
0.469153 0.304355
0.469429 0.844022
0.469491 0.985663
0.469496 0.978075
0.469772 0.0136251
0.469774 0.388987
0.47002 0.981539
0.470149 0.35765
0.470407 0.772546
0.470437 0.750185
0.470484 0.909317
0.470641 0.377397
0.470726 0.204669
0.471241 0.0489254
0.471304 0.245257
0.471476 0.909137
0.47181 0.157416
0.471917 0.434731
0.472047 0.717111
0.472388 0.141663
0.472455 0.140517
0.473112 0.189983
0.473191 0.544344
0.473224 0.749696
0.473476 0.53613
0.474052 0.148274
0.474688 0.768115
0.474891 0.16499
0.475113 0.678796
0.475244 0.629668
0.476003 0.547423
0.477512 0.81587
0.47781 0.785597
0.477999 0.0114425
0.478104 0.361468
0.478231 0.960034
0.478286 0.128794
0.478704 0.934877
0.479095 0.0258356
0.479236 0.16226
0.4793 0.582263
0.479425 0.146868
0.47973 0.96079
0.47978 0.957757
0.480463 0.66807
0.480494 0.933558
0.48067 0.920816
0.481103 0.411974
0.48122 0.964912
0.481306 0.028144
0.481342 0.15989
0.481429 0.580788
0.48166 0.107963
0.48173 0.303673
0.482657 0.0623251
0.482704 0.0585153
0.482917 0.00925515
0.483541 0.666244
0.483678 0.654277
0.483842 0.997541
0.484177 0.282273
0.484215 0.0652631
0.48452 0.860781
0.485181 0.261004
0.48526 0.467561
0.485502 0.984245
0.485824 0.439897
0.486041 0.49736
0.48684 0.680868
0.487033 0.477753
0.487094 0.877714
0.487254 0.962411
0.487362 0.00834192
0.487443 0.0780597
0.487449 0.45455
0.487599 0.650645
0.487833 0.0185588
0.488657 0.946846
0.489278 0.813677
0.489303 0.85773
0.489393 0.0193261
0.489451 0.979342
0.48955 0.811184
0.489992 0.742227
0.490121 0.0425747
0.490477 0.431983
0.490704 0.875147
0.49089 0.666354
0.491214 0.946269
0.491365 0.855494
0.492027 0.239043
0.49233 0.452065
0.49262 0.486649
0.492803 0.88146
0.492841 0.999174
0.493111 0.181497
0.493116 0.807518
0.493633 0.00169531
0.493927 0.28027
0.494042 0.145458
0.494055 0.0583468
0.494086 0.947267
0.494189 0.874226
0.49419 0.181392
0.494809 0.195328
0.495847 0.35534
0.495908 0.52276
0.496099 0.47772
0.496386 0.615429
0.496917 0.853183
0.497038 0.841368
0.497219 0.373013
0.497345 0.153378
0.498003 0.339942
0.498114 0.805896
0.49827 0.0680283
0.498273 0.366388
0.498382 0.797032
0.498568 0.16442
0.498633 0.954236
0.499473 0.0946194
0.49951 0.870235
0.499525 0.156742
0.499622 0.482294
0.500209 0.0123642
0.50043 0.611478
0.500469 0.805373
0.500601 0.23903
0.50066 0.308574
0.501219 0.424489
0.501315 0.491415
0.501611 0.00831901
0.501782 0.51973
0.502258 0.680789
0.502473 0.867796
0.502746 0.0635921
0.503152 0.674101
0.503568 0.436032
0.503686 0.121318
0.503943 0.741981
0.503945 0.735489
0.50398 0.193537
0.504022 0.0118436
0.504119 0.118274
0.504148 0.0619713
0.504387 0.0371098
0.504549 0.955322
0.504834 0.046834
0.505383 0.933304
0.505479 0.517002
0.505706 0.0277861
0.505832 0.23625
0.50618 0.546632
0.506332 0.974713
0.506747 0.862007
0.50684 0.648138
0.50724 0.830553
0.507809 0.599734
0.507826 0.352981
0.507871 0.0978582
0.507931 0.149622
0.508315 0.272349
0.508482 0.25985
0.509089 0.432293
0.509196 0.987352
0.509318 0.427974
0.509664 0.139726
0.510533 0.352223
0.511588 0.338581
0.512021 0.126034
0.512957 0.513168
0.51315 0.0409981
0.513198 0.241003
0.513447 0.946267
0.513578 0.0369485
0.513592 0.639996
0.513625 0.803365
0.51403 0.653081
0.51423 0.794374
0.514437 0.825917
0.514855 0.00821537
0.514882 0.105915
0.515159 0.791216
0.51537 0.507468
0.51589 0.279533
0.516028 0.239605
0.516183 0.355165
0.516307 0.652681
0.516343 0.686177
0.516716 0.259427
0.517186 0.0750478
0.517764 0.142412
0.517878 0.798862
0.517915 0.257956
0.517987 0.920424
0.518048 0.981162
0.518679 0.162613
0.518683 0.545333
0.519114 0.478168
0.519132 0.489501
0.519251 0.544127
0.519871 0.840679
0.520329 0.0541409
0.521575 0.0317921
0.521632 0.476172
0.521752 0.907473
0.521876 0.604381
0.522072 0.798834
0.522238 0.160711
0.522676 0.159653
0.522943 0.369639
0.523099 0.818443
0.523288 0.981009
0.523359 0.807025
0.523485 0.450304
0.523636 0.122848
0.523781 0.792464
0.524132 0.295859
0.524508 0.18566
0.524663 0.466248
0.524774 0.0129446
0.524859 0.829315
0.524909 0.988403
0.525075 0.279411
0.525168 0.11501
0.525169 0.940123
0.525572 0.983302
0.525946 0.972685
0.526117 0.474375
0.52707 0.995354
0.52739 0.10781
0.527636 0.0192173
0.528441 0.875955
0.528539 0.00258751
0.528641 0.103281
0.528659 0.0984961
0.52917 0.905886
0.529206 0.885828
0.529932 0.891808
0.530521 0.600162
0.530555 0.821157
0.531023 0.121426
0.531044 0.680348
0.531747 0.935455
0.531837 0.624685
0.531893 0.445189
0.532201 0.884104
0.532241 0.901139
0.532577 0.0573198
0.53326 0.883695
0.53339 0.0136494
0.533836 0.261667
0.533844 0.1022
0.533857 0.917409
0.53388 0.878266
0.534052 0.184723
0.53507 0.0413025
0.535227 0.171389
0.535515 0.639529
0.535551 0.390889
0.535562 0.302424
0.535672 0.0174163
0.535784 0.00881847
0.535856 0.952766
0.536052 0.0436675
0.536119 0.209614
0.536297 0.904526
0.536684 0.774794
0.536856 0.562655
0.537152 0.147804
0.537442 0.145991
0.537936 0.797054
0.538082 0.536763
0.538149 0.20375
0.538292 0.0659367
0.538497 0.387604
0.538842 0.0252092
0.539866 0.648739
0.53991 0.251783
0.54015 0.972499
0.540193 0.0555003
0.540204 0.947859
0.540264 0.694573
0.54038 0.350883
0.54051 0.624222
0.540604 0.0136372
0.540866 0.47121
0.540911 0.0141376
0.541181 0.977736
0.541186 0.33725
0.542044 0.0484433
0.542094 0.246118
0.542192 0.421611
0.542261 0.933737
0.542272 0.417345
0.542483 0.875281
0.542533 0.101689
0.542975 0.693807
0.543223 0.58577
0.543265 0.811201
0.543276 0.852908
0.54398 0.364024
0.544013 0.742745
0.54459 0.510542
0.544774 0.617108
0.544843 0.868321
0.544908 0.46439
0.544919 0.0118938
0.545015 0.997033
0.54548 0.593733
0.545997 0.298412
0.54611 0.589575
0.546302 0.0715654
0.546551 0.0419941
0.546678 0.741196
0.546733 0.131048
0.547374 0.92736
0.547524 0.274383
0.547564 0.459171
0.54765 0.0963032
0.547694 0.435102
0.548411 0.920963
0.550522 0.125139
0.550707 0.529586
0.550742 0.093236
0.550897 0.682315
0.550907 0.840782
0.551206 0.0347766
0.551261 0.772755
0.551297 0.930073
0.5516 0.999779
0.55193 0.198573
0.552007 0.769358
0.5525 0.403176
0.552624 0.972184
0.552626 0.794897
0.552721 0.076707
0.55295 0.100755
0.553036 0.192316
0.553532 0.474315
0.553665 0.833906
0.554044 0.993067
0.55442 0.0627635
0.554446 0.912298
0.554581 0.627554
0.554989 0.10627
0.555085 0.0228533
0.55512 0.585538
0.555325 0.466853
0.555732 0.98135
0.555829 0.66547
0.555831 0.0409293
0.555937 0.246607
0.556082 0.119147
0.556375 0.360498
0.556845 0.072379
0.556908 0.220703
0.557033 0.0190175
0.557363 0.960921
0.558027 0.342498
0.558554 0.676197
0.55869 0.189791
0.558868 0.898232
0.559114 0.414073
0.55924 0.751078
0.559457 0.742357
0.559928 0.456984
0.560345 0.218415
0.56102 0.423961
0.561199 0.298019
0.561536 0.809288
0.561562 0.105117
0.56157 0.710106
0.562631 0.523798
0.562897 0.384447
0.56293 0.17277
0.562945 0.702787
0.563338 0.349764
0.563369 0.507269
0.563784 0.700359
0.56388 0.319953
0.564052 0.0363439
0.564147 0.987533
0.564277 0.414953
0.564391 0.370544
0.564493 0.597187
0.56466 0.499748
0.565126 0.94945
0.565189 0.385661
0.565283 0.0418369
0.565383 0.0434401
0.565385 0.162159
0.565783 0.566968
0.56636 0.165957
0.566557 0.675476
0.566557 0.85776
0.567376 0.561174
0.568391 0.448607
0.569042 0.410337
0.5694 0.978776
0.569507 0.0787657
0.569529 0.570923
0.569532 0.459903
0.56968 0.663063
0.569759 0.975219
0.569937 0.792471
0.570291 0.739744
0.570469 0.383521
0.570473 0.215741
0.570661 0.49256
0.570734 0.255082
0.570826 0.374258
0.570981 0.314299
0.571027 0.988914
0.571238 0.245047
0.571361 0.406108
0.571604 0.124751
0.571891 0.454466
0.571926 0.0779832
0.571985 0.360018
0.572959 0.123655
0.57305 0.430512
0.573214 0.522277
0.57341 0.877025
0.573976 0.228654
0.574153 0.54691
0.574153 0.655654
0.574302 0.102884
0.57434 0.162476
0.574595 0.109003
0.574642 0.897761
0.574883 0.789119
0.574886 0.205709
0.574916 0.944012
0.575088 0.190265
0.575114 0.638438
0.575226 0.0356382
0.575514 0.723267
0.575797 0.664576
0.575849 0.0630655
0.575929 0.304775
0.576073 0.498104
0.57641 0.332777
0.576938 0.0108692
0.577147 0.33459
0.577441 0.0514116
0.578016 0.960645
0.578601 0.906187
0.578623 0.0284534
0.57876 0.490084
0.579057 0.155142
0.579319 0.0307899
0.579374 0.0546035
0.579379 0.401867
0.579409 0.729107
0.579649 0.609257
0.58067 0.15187
0.580696 0.0701289
0.581077 0.320818
0.581248 0.837791
0.581301 0.518049
0.581351 0.249535
0.581388 0.18568
0.581408 0.141484
0.581429 0.0383287
0.581687 0.296422
0.581905 0.652486
0.582373 0.918173
0.582904 0.728668
0.582943 0.105932
0.58301 0.972339
0.583031 0.357895
0.583513 0.127561
0.585471 0.233904
0.586131 0.958095
0.586389 0.99478
0.58641 0.12272
0.586601 0.741691
0.586674 0.950739
0.586868 0.444221
0.587114 0.190252
0.587116 0.723505
0.587266 0.904087
0.587486 0.0346089
0.587585 0.101862
0.587872 0.652011
0.587983 0.313391
0.58801 0.718646
0.588365 0.013215
0.588532 0.320478
0.588702 0.567232
0.588793 0.903632
0.589023 0.398577
0.589141 0.778675
0.589663 0.977862
0.589666 0.398414
0.589878 0.56389
0.589961 0.22901
0.590169 0.179779
0.59021 0.984172
0.590359 0.393086
0.590368 0.803203
0.590422 0.835336
0.590946 0.687738
0.590966 0.312975
0.591001 0.305723
0.591608 0.31982
0.59189 0.211009
0.59225 0.268008
0.592925 0.117727
0.593508 0.208402
0.593723 0.543031
0.594098 0.801448
0.594313 0.0622446
0.59474 0.731284
0.594999 0.473569
0.595067 0.0934959
0.595733 0.0515132
0.596204 0.891106
0.596283 0.392982
0.596386 0.141725
0.596886 0.0299254
0.597033 0.329974
0.597271 0.496641
0.598004 0.0583046
0.598072 0.318223
0.59929 0.985291
0.601152 0.0120396
0.601589 0.579213
0.601611 0.151286
0.601708 0.273599
0.602747 0.537383
0.603119 0.14323
0.603465 0.316382
0.603476 0.244715
0.603478 0.0576889
0.603655 0.0112728
0.603673 0.686525
0.603888 0.856739
0.603994 0.460292
0.604134 0.363781
0.604138 0.905907
0.604488 0.176947
0.604538 0.251971
0.604803 0.111101
0.604846 0.249125
0.605542 0.620667
0.605802 0.620626
0.606285 0.678849
0.606297 0.949038
0.606655 0.310773
0.6068 0.0465655
0.606936 0.558247
0.607281 0.972243
0.607365 0.649889
0.607416 0.677912
0.607623 0.427177
0.607812 0.94575
0.607966 0.125483
0.608608 0.604224
0.609262 0.0498573
0.609332 0.409358
0.61025 0.569278
0.610307 0.968286
0.610556 0.244327
0.610656 0.808762
0.610759 0.943759
0.610796 0.0946032
0.610808 0.468154
0.611129 0.309213
0.61114 0.544217
0.611481 0.139346
0.611511 0.793161
0.61204 0.10028
0.61263 0.252553
0.612934 0.48247
0.613155 0.0397289
0.613178 0.503918
0.613783 0.00548111
0.614293 0.176931
0.614378 0.987837
0.614404 0.978245
0.614512 0.109121
0.614752 0.447639
0.614864 0.0288328
0.614972 0.644514
0.615154 0.226514
0.615461 0.502963
0.615711 0.977339
0.615751 0.358431
0.615852 0.524114
0.615868 0.550632
0.616491 0.776178
0.616688 0.29963
0.616939 0.798205
0.616997 0.340671
0.617429 0.393497
0.617672 0.144769
0.617833 0.47745
0.61787 0.629029
0.617972 0.611363
0.618182 0.942265
0.61836 0.124467
0.618496 0.272418
0.618674 0.852057
0.619923 0.00234197
0.620045 0.984406
0.620112 0.379365
0.620117 0.349161
0.620527 0.072451
0.620588 0.170712
0.62084 0.533556
0.62121 0.446499
0.621548 0.0201548
0.621648 0.0421348
0.62173 0.239215
0.622093 0.444632
0.622874 0.439189
0.622951 0.0255575
0.623071 0.0897027
0.623253 0.0641797
0.62329 0.107287
0.623838 0.852043
0.623842 0.270225
0.623945 0.0207198
0.624164 0.533028
0.624556 0.368676
0.624609 0.975193
0.624619 0.0358402
0.625193 0.044408
0.625469 0.013012
0.625729 0.144526
0.625888 0.327116
0.625904 0.216784
0.625969 0.985676
0.626334 0.00334687
0.626375 0.995276
0.627001 0.843283
0.627114 0.900784
0.627188 0.025861
0.627194 0.000323701
0.627213 0.36561
0.627361 0.00999653
0.627565 0.00476785
0.628239 0.335602
0.628328 0.89006
0.628424 0.200532
0.628542 0.358097
0.628702 0.0845392
0.629062 0.778623
0.629092 0.213634
0.629224 0.632759
0.629349 0.888811
0.629598 0.349128
0.629601 0.913643
0.629643 0.019737
0.629712 0.995265
0.629996 0.0123564
0.630092 0.902715
0.630281 0.823246
0.630329 0.166505
0.630375 0.0988595
0.630433 0.0279838
0.630653 0.541998
0.630814 0.100406
0.630944 0.936809
0.631171 0.110794
0.631261 0.340655
0.631296 0.265721
0.631419 0.0618634
0.631467 0.538511
0.6315 0.0603446
0.631535 0.328226
0.631815 0.0391884
0.631866 0.595206
0.631937 0.936476
0.632766 0.26875
0.632805 0.85936
0.633591 0.528473
0.633609 0.104483
0.633911 0.594492
0.634324 0.700176
0.63445 0.989886
0.634969 0.101071
0.635217 0.394692
0.63526 0.373932
0.635273 0.245997
0.635537 0.266933
0.635863 0.0163042
0.636343 0.381146
0.637035 0.499813
0.637286 0.857783
0.637328 0.433973
0.63769 0.0936198
0.637872 0.133211
0.638267 0.244707
0.638743 0.250171
0.638965 0.307988
0.639318 0.137934
0.639386 0.000296454
0.639515 0.0602769
0.639607 0.115518
0.639698 0.176904
0.639925 0.135308
0.640087 0.822055
0.640088 0.236987
0.640116 0.0108029
0.640192 0.013101
0.640268 0.301673
0.640335 0.567088
0.640548 0.753112
0.640694 0.624871
0.640761 0.237417
0.640766 0.0487771
0.640842 0.195598
0.641187 0.0333373
0.641194 0.041045
0.641526 0.377288
0.64168 0.291706
0.641702 0.743087
0.64179 0.966062
0.642121 0.791748
0.642254 0.901291
0.642361 0.222302
0.642507 0.917445
0.642519 0.590428
0.642615 0.0144952
0.642707 0.166998
0.642746 0.0793596
0.642824 0.213915
0.643768 0.977322
0.643958 0.100659
0.644084 0.0827782
0.644132 0.282984
0.644503 0.0442539
0.645077 0.00380699
0.64553 0.535002
0.64559 0.37403
0.645627 0.475578
0.645668 0.47452
0.645781 0.354627
0.645919 0.983147
0.646079 0.232588
0.6462 0.555976
0.646237 0.0194693
0.646289 0.352398
0.646519 0.254857
0.646803 0.57333
0.646925 0.610197
0.64708 0.220734
0.648149 0.960362
0.648232 0.448928
0.649023 0.975577
0.649122 0.445072
0.649316 0.829031
0.649654 0.426091
0.649771 0.0430008
0.64982 0.269845
0.64999 0.114314
0.650124 0.331092
0.650384 0.0147413
0.650398 0.977505
0.650509 0.0413222
0.651693 0.60018
0.651887 0.212696
0.652068 0.900187
0.652463 0.320214
0.652507 0.262309
0.654152 0.543772
0.654219 0.014481
0.654262 0.697019
0.654485 0.819495
0.654723 0.496804
0.654798 0.973621
0.655065 0.815911
0.655201 0.496066
0.655405 0.0476469
0.655845 0.033379
0.656135 0.946378
0.656524 0.0559923
0.656622 0.693329
0.656739 0.789024
0.656809 0.36859
0.656971 0.692906
0.657019 0.540941
0.65717 0.103277
0.657463 0.425766
0.658046 0.234657
0.658118 0.979533
0.658229 0.0982191
0.658266 0.446036
0.658337 0.312058
0.658965 0.432851
0.658966 0.0496306
0.659092 0.336631
0.659276 0.332189
0.659404 0.994215
0.660007 0.427523
0.660049 0.968121
0.66017 0.983852
0.660476 0.696315
0.6607 0.880102
0.660913 0.122966
0.661069 0.116431
0.661069 0.0243674
0.661078 0.828415
0.661188 0.739922
0.661508 0.732387
0.661582 0.211564
0.66171 0.518777
0.661929 0.500511
0.662018 0.178013
0.662746 0.359103
0.663829 0.222779
0.664003 0.426332
0.664077 0.0122686
0.664135 0.290025
0.664175 0.634477
0.664677 0.324523
0.664813 0.132787
0.665368 0.131096
0.665391 0.026104
0.665857 0.886304
0.665963 0.826666
0.666198 0.333593
0.666285 0.0427875
0.666289 0.82096
0.66654 0.953358
0.666812 0.774915
0.666951 0.0699253
0.667082 0.166116
0.667087 0.879301
0.66739 0.373473
0.667584 0.986286
0.668022 0.420418
0.668042 0.470797
0.668418 0.370665
0.668802 0.25385
0.668804 0.216512
0.66882 0.103034
0.669056 0.864839
0.669106 0.974347
0.669245 0.126441
0.669415 0.0741722
0.66953 0.667303
0.669578 0.948961
0.669604 0.845247
0.669688 0.0590261
0.669758 0.813019
0.670059 0.763768
0.670296 0.0889049
0.670657 0.0805256
0.670741 0.279659
0.670805 0.407093
0.670933 0.424091
0.671407 0.197496
0.671505 0.00279929
0.671961 0.114225
0.672586 0.369466
0.672596 0.495945
0.672621 0.488181
0.672698 0.00833359
0.672722 0.434842
0.673852 0.0186877
0.673878 0.111081
0.674045 0.271452
0.674142 0.209663
0.674337 0.396464
0.674561 0.94229
0.675297 0.895504
0.675359 0.270667
0.675484 0.168228
0.675776 0.00579788
0.67587 0.939945
0.676212 0.992852
0.676443 0.0410124
0.676794 0.381795
0.6769 0.880886
0.676993 0.264283
0.67721 0.739701
0.677464 0.596388
0.677897 0.367203
0.677946 0.357228
0.67817 0.419034
0.678278 0.0811462
0.678325 0.584324
0.678587 0.0413983
0.678781 0.187771
0.678866 0.891468
0.67887 0.116492
0.679359 0.0647423
0.679406 0.099755
0.679807 0.978579
0.679898 0.184515
0.679905 0.165514
0.680285 0.381802
0.680442 0.800671
0.6807 0.379948
0.680752 0.868076
0.680986 0.299926
0.681678 0.0363946
0.681819 0.0631373
0.681955 0.538092
0.682538 0.0433296
0.682671 0.885214
0.683156 0.334993
0.683321 0.880565
0.683409 0.207888
0.683436 0.023012
0.683525 0.0786374
0.683601 0.0688386
0.683637 0.948574
0.683641 0.838592
0.683649 0.0613892
0.68437 0.561783
0.68456 0.15479
0.684922 0.12323
0.684966 0.0901859
0.685056 0.0765926
0.685299 0.431541
0.685359 0.76617
0.685364 0.220673
0.685482 0.751361
0.685499 0.0716051
0.686667 0.0823343
0.68738 0.00185505
0.687605 0.521843
0.688023 0.0380674
0.688568 0.115164
0.688679 0.554624
0.688769 0.296832
0.688938 0.518654
0.688973 0.466238
0.689175 0.172492
0.689403 0.550285
0.689539 0.937846
0.690102 0.981227
0.690215 0.246447
0.690335 0.549772
0.690342 0.0748335
0.690744 0.306635
0.691078 0.36425
0.691099 0.488221
0.691456 0.415756
0.691512 0.450201
0.693437 0.0427876
0.693565 0.15368
0.693764 0.475851
0.694445 0.414061
0.694446 0.862553
0.694835 0.150239
0.696129 0.90429
0.696176 0.305126
0.6965 0.164889
0.696584 0.333796
0.696778 0.901689
0.696881 0.992201
0.697314 0.471505
0.69739 0.5069
0.697578 0.11324
0.698435 0.40899
0.699024 0.88409
0.69905 0.914728
0.699532 0.10289
0.699535 0.071882
0.69959 0.530555
0.700014 0.378902
0.700045 0.0992477
0.700301 0.0299034
0.700635 0.157776
0.700818 0.0677574
0.700911 0.539537
0.701022 0.0177394
0.701346 0.528601
0.701544 0.60374
0.701642 0.855082
0.701934 0.781851
0.702271 0.766825
0.702402 0.372452
0.702406 0.170834
0.702602 0.914706
0.703242 0.203769
0.703599 0.924799
0.703707 0.497099
0.703994 0.4083
0.704178 0.0737456
0.704235 0.509907
0.704262 0.946113
0.704289 0.000651748
0.704325 0.0244192
0.704728 0.0949216
0.705558 0.326302
0.705809 0.163382
0.706135 0.112092
0.706417 0.000826535
0.70669 0.444993
0.706898 0.900553
0.707476 0.121958
0.708399 0.94819
0.708429 0.936115
0.708488 0.0202626
0.709152 0.430064
0.709373 0.398467
0.710378 0.0699991
0.71067 0.141533
0.710749 0.280523
0.710978 0.275406
0.711006 0.00048916
0.711061 0.922089
0.711346 0.27353
0.711717 0.702176
0.71188 0.349565
0.711981 0.759013
0.712604 0.315635
0.712873 0.945865
0.713036 0.0623102
0.713442 0.746944
0.713685 0.458961
0.714038 0.88954
0.714633 0.295345
0.714887 0.7434
0.715438 0.599501
0.71546 0.0922384
0.715465 0.263032
0.715826 0.36966
0.715974 0.2928
0.716675 0.737005
0.716712 0.96669
0.716739 0.203708
0.716903 0.516791
0.717162 0.203342
0.717942 0.883078
0.718153 0.474886
0.718251 0.918136
0.718349 0.194299
0.718564 0.166618
0.718827 0.365201
0.718903 0.887724
0.719026 0.426575
0.719042 0.243661
0.719621 0.00652406
0.719712 0.843143
0.719803 0.946608
0.719921 0.0560394
0.720055 0.116372
0.720118 0.00563277
0.720133 0.348587
0.720189 0.4543
0.720315 0.311072
0.720441 0.183339
0.720461 0.000515268
0.720537 0.156995
0.720661 0.105872
0.721194 0.84099
0.721353 0.00792385
0.722297 0.29242
0.722552 0.9913
0.722712 0.448002
0.723231 0.41931
0.723742 0.511137
0.723819 0.118968
0.724457 0.260036
0.725041 0.179785
0.725609 0.503844
0.726058 0.436404
0.726084 0.317402
0.726221 0.251949
0.726273 0.760827
0.726577 0.0651405
0.726582 0.701668
0.726733 0.492066
0.726946 0.0627334
0.726988 0.11305
0.727266 0.592366
0.727432 0.360427
0.727608 0.238391
0.727818 0.46319
0.728028 0.142824
0.728478 0.349386
0.728613 0.139403
0.728772 0.878563
0.729737 0.0896555
0.729768 0.314298
0.730456 0.478053
0.730506 0.0420941
0.730967 0.624268
0.731257 0.4613
0.731712 0.258983
0.731916 0.0252482
0.732492 0.162638
0.733002 0.0827366
0.733268 0.983449
0.733404 0.225698
0.734232 0.477454
0.734445 0.0986581
0.734532 0.430879
0.734571 0.779796
0.734593 0.676116
0.734677 0.134068
0.734968 0.0248078
0.735292 0.943954
0.735311 0.303771
0.735659 0.310699
0.735775 0.873753
0.736121 0.389216
0.73672 0.636578
0.736736 0.354557
0.736954 0.670685
0.736998 0.444955
0.737622 0.337185
0.73765 0.878198
0.737779 0.744405
0.738576 0.130895
0.739028 0.0819163
0.739104 0.0209065
0.739322 0.496617
0.739501 0.443406
0.739918 0.00780353
0.740334 0.0536703
0.740385 0.733055
0.740584 0.661755
0.740594 0.98872
0.740638 0.45398
0.741552 0.0479075
0.74208 0.25226
0.742094 0.237557
0.742198 0.657992
0.743334 0.22207
0.743888 0.564701
0.744083 0.0669473
0.744399 0.373426
0.745134 0.71623
0.745231 0.0659333
0.745256 0.166625
0.745647 0.788335
0.745728 0.63565
0.74586 0.278112
0.745892 0.0337714
0.745953 0.684912
0.747367 0.58814
0.747464 0.3413
0.747487 0.778662
0.74783 0.0616547
0.748505 0.423562
0.748577 0.430796
0.748716 0.591181
0.749032 0.0299226
0.749299 0.998111
0.749427 0.421191
0.749569 0.561191
0.74958 0.634627
0.749674 0.339942
0.749828 0.937899
0.749871 0.0730199
0.750007 0.10159
0.750217 0.774878
0.75023 0.559145
0.750349 0.995302
0.750354 0.0620112
0.750496 0.583587
0.750816 0.964823
0.750819 0.476181
0.750915 0.515328
0.751126 0.141783
0.751164 0.987168
0.751242 0.0647033
0.751443 0.851789
0.751466 0.00886879
0.751863 0.0499671
0.751903 0.568377
0.751977 0.640473
0.752069 0.675709
0.752121 0.315398
0.752504 0.397437
0.753054 0.418336
0.753158 0.483944
0.753355 0.769452
0.75406 0.0978402
0.754581 0.309364
0.754687 0.217281
0.754739 0.998249
0.754954 0.553527
0.755006 0.620807
0.755177 0.824902
0.755396 0.306261
0.755674 0.540098
0.755677 0.932942
0.755811 0.00323596
0.755909 0.0353089
0.756058 0.0697104
0.756131 0.225469
0.756142 0.0127552
0.75671 0.330508
0.756785 0.266452
0.756844 0.917676
0.75698 0.462299
0.757073 0.251772
0.75736 0.323066
0.757581 0.479142
0.757627 0.335799
0.757825 0.505984
0.758642 0.985213
0.758875 0.350193
0.759509 0.140635
0.75998 0.0995276
0.760056 0.23459
0.760232 0.275338
0.760452 0.126846
0.760781 0.84223
0.760987 0.042828
0.761122 0.39546
0.761289 0.0620103
0.761331 0.768851
0.761439 0.18726
0.761609 0.63864
0.762112 0.185357
0.762214 0.31529
0.762399 0.656083
0.762446 0.99124
0.762495 0.179434
0.762598 0.251394
0.762853 0.301914
0.762938 0.916837
0.7638 0.943602
0.764399 0.980329
0.764478 0.168395
0.764608 0.0905288
0.764643 0.0549736
0.765124 0.761954
0.765177 0.658104
0.765213 0.221098
0.765293 0.813302
0.765634 0.343784
0.765775 0.429833
0.765912 0.202338
0.765956 0.7114
0.766462 0.239871
0.766617 0.648301
0.766742 0.801295
0.766748 0.0740234
0.766781 0.479073
0.767057 0.296952
0.76728 0.167518
0.767295 0.649902
0.767799 0.815777
0.76785 0.0546742
0.767928 0.114128
0.767979 0.294284
0.768897 0.930357
0.769071 0.424204
0.769072 0.317603
0.769376 0.393151
0.769383 0.999267
0.769558 0.13997
0.769572 0.492175
0.769666 0.0893334
0.770148 0.189473
0.770625 0.178828
0.771107 0.26519
0.771494 0.320063
0.771544 0.0465286
0.771641 0.0114138
0.771892 0.065724
0.771932 0.262409
0.7721 0.80306
0.772312 0.964115
0.772453 0.03555
0.772664 0.977538
0.772749 0.546355
0.773161 0.884215
0.773336 0.784114
0.77368 0.639241
0.77371 0.20327
0.773839 0.0335458
0.773866 0.19657
0.774349 0.504078
0.77486 0.922746
0.775061 0.235934
0.775092 0.749503
0.776242 0.129938
0.776827 0.143818
0.777138 0.399109
0.777188 0.0239925
0.777302 0.274389
0.777526 0.280976
0.777764 0.31714
0.778067 0.748298
0.77811 0.334904
0.77814 0.010927
0.778906 0.802704
0.779098 0.0817711
0.779211 0.167421
0.779345 0.0539912
0.77938 0.977389
0.779589 0.452042
0.77993 0.476467
0.780091 0.193587
0.780114 0.334662
0.780498 0.525628
0.780996 0.0342539
0.781098 0.0565671
0.781689 0.629744
0.781763 0.0999603
0.781878 0.957586
0.782025 0.705821
0.782077 0.788635
0.782172 0.00505317
0.782387 0.135521
0.783198 0.785428
0.783207 0.554281
0.783744 0.0532626
0.783807 0.510787
0.783813 0.0144354
0.783958 0.106954
0.783976 0.0386552
0.784278 0.505349
0.784396 0.916319
0.784469 0.25648
0.784482 0.175401
0.784512 0.0461495
0.784568 0.0122778
0.784649 0.0818075
0.784824 0.267908
0.784852 0.776247
0.785205 0.612496
0.785467 0.166685
0.785569 0.70559
0.785646 0.00633355
0.785682 0.77589
0.786689 0.278973
0.786905 0.217425
0.787065 0.647861
0.787306 0.893387
0.787549 0.104311
0.787613 0.207962
0.787871 0.186104
0.787984 0.762827
0.787984 0.192379
0.788309 0.0593072
0.788442 0.0648402
0.788518 0.934588
0.78902 0.104182
0.789505 0.0804708
0.789507 0.873946
0.789882 0.173553
0.790677 0.188078
0.791422 0.182644
0.791782 0.0597625
0.79195 0.215879
0.792015 0.107983
0.79202 0.0124016
0.792122 0.102973
0.792149 0.0784464
0.79244 0.93878
0.792718 0.696903
0.792721 0.634641
0.793017 0.0406902
0.793398 0.0786876
0.793434 0.392442
0.793789 0.247427
0.794323 0.0494777
0.795079 0.203508
0.795195 0.258637
0.795264 0.583454
0.795372 0.931261
0.795983 0.00122682
0.796938 0.0273497
0.797073 0.150953
0.797184 0.237867
0.797692 0.0211534
0.7978 0.962033
0.798207 0.274344
0.798246 0.0817343
0.798361 0.549826
0.798536 0.608184
0.798813 0.156221
0.799201 0.759749
0.799248 0.227253
0.799456 0.957724
0.799695 0.693984
0.799731 0.0362107
0.799812 0.377298
0.800118 0.125393
0.801422 0.287801
0.801643 0.99761
0.801736 0.922138
0.801848 0.403332
0.801966 0.273608
0.802251 0.389654
0.802291 0.671087
0.802461 0.0178211
0.802629 0.582984
0.802853 0.242402
0.803013 0.193076
0.803022 0.214963
0.803144 0.665069
0.803291 0.427491
0.803404 0.192841
0.803513 0.12906
0.803858 0.0303857
0.803935 0.219093
0.804078 0.196717
0.804398 0.466673
0.804656 0.356632
0.804666 0.0135187
0.804696 0.257885
0.804743 0.0894931
0.804753 0.689099
0.805318 0.424619
0.805416 0.235658
0.805767 0.00735727
0.805787 0.070657
0.805814 0.104651
0.806367 0.222474
0.806713 0.151656
0.806961 0.200583
0.807488 0.0269128
0.807673 0.124792
0.807687 0.444881
0.807868 0.292583
0.807894 0.184282
0.808339 0.0507757
0.808847 0.151123
0.808849 0.0235488
0.808964 0.0308598
0.80897 0.0936825
0.809092 0.247907
0.810211 0.444405
0.810248 0.0143713
0.810348 0.549125
0.810777 0.145084
0.810812 0.282285
0.81097 0.516348
0.811134 0.0563385
0.811413 0.684835
0.811848 0.283588
0.811888 0.820331
0.81189 0.84641
0.812191 0.199797
0.812223 0.0292517
0.812328 0.195602
0.812389 0.147482
0.812601 0.13118
0.813266 0.633652
0.813399 0.0328878
0.813403 0.0158878
0.813586 0.318866
0.813937 0.338387
0.814051 0.178913
0.814177 0.838497
0.814687 0.376567
0.814855 0.663916
0.815018 0.615904
0.815166 0.0626686
0.81517 0.0798696
0.81585 0.0687769
0.815974 0.277603
0.816383 0.112178
0.816513 0.433582
0.816541 0.286935
0.81679 0.232455
0.816849 0.19069
0.816882 0.049695
0.816969 0.0676609
0.816971 0.207941
0.817267 0.0449682
0.817472 0.0847728
0.817482 0.547728
0.817511 0.505431
0.818121 0.29522
0.818145 0.570535
0.818483 0.17652
0.818736 0.972005
0.819202 0.0287522
0.819368 0.359325
0.819464 0.74053
0.819517 0.905939
0.820081 0.380231
0.82011 0.27293
0.820587 0.104907
0.820721 0.535878
0.82135 0.163905
0.821495 0.399265
0.821507 0.660943
0.821692 0.794654
0.822849 0.243993
0.822908 0.0795304
0.823197 0.396939
0.823203 0.293643
0.823603 0.116738
0.823653 0.349823
0.823722 0.0856776
0.823725 0.0831184
0.824117 0.170373
0.824299 0.0514625
0.824336 0.933952
0.824547 0.00828317
0.824651 0.0146416
0.824802 0.096777
0.824919 0.326223
0.824929 0.172717
0.825582 0.287905
0.826312 0.103497
0.826412 0.44466
0.826488 0.133138
0.826718 0.0517547
0.826734 0.844999
0.826937 0.468844
0.827224 0.199484
0.827381 0.0861538
0.827698 0.336972
0.827729 0.156637
0.82787 0.036811
0.828653 0.155095
0.829191 0.122818
0.829304 0.239488
0.829424 0.00282674
0.82954 0.216751
0.829643 0.111248
0.829884 0.0241223
0.829888 0.159243
0.829913 0.0928229
0.830072 0.42832
0.830243 0.424819
0.830478 0.192869
0.830627 0.48712
0.830913 0.280983
0.831137 0.224726
0.831255 0.779409
0.831286 0.203717
0.831754 0.606613
0.83183 0.1772
0.831834 0.118419
0.831956 0.10576
0.832479 0.206043
0.832531 0.522967
0.832606 0.329929
0.832703 0.243937
0.83299 0.52139
0.833407 0.0361454
0.833607 0.298444
0.833992 0.223137
0.834462 0.337656
0.834527 0.078544
0.834549 0.208661
0.834623 0.72751
0.834856 0.621732
0.83488 0.893429
0.83497 0.970925
0.835221 0.0260863
0.835342 0.859985
0.835422 0.328609
0.835609 0.281076
0.835927 0.030315
0.836486 0.233873
0.836504 0.337147
0.836552 0.263026
0.836731 0.0601003
0.837365 0.0554954
0.837874 0.43101
0.837957 0.409782
0.837985 0.816094
0.838742 0.17718
0.838918 0.486224
0.838998 0.0135312
0.839238 0.432204
0.839328 0.537939
0.839389 0.292303
0.83967 0.837753
0.839846 0.167525
0.839861 0.141123
0.839993 0.99708
0.84011 0.160587
0.840359 0.216244
0.84038 0.0710287
0.840464 0.282223
0.840553 0.53551
0.840703 0.0301799
0.840872 0.570369
0.841051 0.81341
0.841103 0.402574
0.841478 0.129637
0.84174 0.367313
0.841806 0.0637783
0.841901 0.125882
0.841914 0.603754
0.842051 0.699542
0.842104 0.354546
0.842138 0.664508
0.84218 0.203167
0.842638 0.205104
0.84279 0.846
0.842907 0.527258
0.84303 0.335807
0.843065 0.024175
0.843103 0.056363
0.843182 0.291173
0.843312 0.16026
0.844474 0.381164
0.844481 0.261083
0.845508 0.225312
0.845614 0.0743011
0.846384 0.159838
0.846729 0.0604159
0.846813 0.167459
0.846876 0.0743358
0.847002 0.95026
0.84707 0.0893832
0.84714 0.34988
0.8474 0.273883
0.847526 0.776151
0.847698 0.517724
0.847722 0.251682
0.847751 0.102922
0.848382 0.408046
0.84858 0.0637328
0.848855 0.289375
0.848988 0.0365904
0.849084 0.704325
0.84923 0.0829
0.849318 0.568463
0.849562 0.799977
0.849739 0.660462
0.849834 0.772843
0.849881 0.524435
0.849961 0.232237
0.850153 0.126816
0.850248 0.949636
0.850625 0.174098
0.850815 0.116492
0.85099 0.212664
0.850994 0.218483
0.85116 0.51306
0.851305 0.0295986
0.851339 0.288999
0.851527 0.550206
0.851814 0.128393
0.851984 0.0871049
0.85221 0.760699
0.852332 0.23414
0.85246 0.325076
0.852529 0.367421
0.852571 0.678438
0.85427 0.727663
0.854404 0.294882
0.854425 0.469438
0.854543 0.092026
0.854835 0.257357
0.855364 0.0965985
0.855425 0.870787
0.85551 0.487206
0.855556 0.598172
0.855655 0.399709
0.855726 0.216605
0.855853 0.0954321
0.855878 0.990376
0.855888 0.868242
0.856122 0.233802
0.856135 0.0686437
0.856144 0.427745
0.856277 0.0248749
0.856826 0.158986
0.856842 0.229029
0.857014 0.182688
0.857559 0.719982
0.858098 0.33957
0.858158 0.919028
0.858452 0.845999
0.858843 0.199731
0.859231 0.747509
0.859337 0.0812722
0.860118 0.355258
0.860528 0.505725
0.860791 0.287034
0.861599 0.932708
0.861905 0.984734
0.862036 0.769797
0.86212 0.775489
0.862633 0.765491
0.862655 0.817489
0.862768 0.211866
0.863025 0.208574
0.863163 0.0884036
0.86319 0.0925261
0.863404 0.310225
0.863583 0.222617
0.864023 0.204866
0.864044 0.581766
0.864109 0.00763642
0.864365 0.708542
0.864538 0.200821
0.864546 0.433822
0.864709 0.291362
0.865077 0.0273964
0.865203 0.112234
0.865431 0.578145
0.865458 0.983831
0.865573 0.292745
0.865841 0.253171
0.866403 0.511312
0.866686 0.189979
0.866872 0.212701
0.867073 0.375564
0.867155 0.115365
0.867232 0.475796
0.867247 0.156853
0.867256 0.244713
0.867647 0.146348
0.867815 0.690348
0.867964 0.124762
0.867994 0.556988
0.868026 0.197713
0.868641 0.453045
0.86886 0.3986
0.868933 0.487938
0.86923 0.27836
0.869248 0.27412
0.86926 0.504865
0.869425 0.230814
0.870047 0.436017
0.870162 0.370792
0.870783 0.244051
0.870821 0.536056
0.870879 0.0102783
0.871042 0.195654
0.871048 0.0573751
0.871102 0.0608608
0.871226 0.270506
0.871261 0.107755
0.871346 0.481637
0.871508 0.525633
0.871616 0.123002
0.871954 0.391255
0.872133 0.527762
0.872905 0.660041
0.872991 0.234552
0.873081 0.161112
0.873207 0.476943
0.873242 0.118396
0.873567 0.133267
0.873581 0.471092
0.873651 0.501109
0.873746 0.343333
0.873782 0.289982
0.87396 0.0677952
0.874728 0.16574
0.875132 0.0960397
0.875268 0.248276
0.875387 0.334142
0.87581 0.500486
0.875836 0.412225
0.875885 0.68643
0.875902 0.208522
0.876062 0.553566
0.876317 0.227991
0.876386 0.31025
0.87644 0.0343641
0.876609 0.498867
0.876689 0.327219
0.876818 0.128932
0.876869 0.526987
0.87706 0.324852
0.877081 0.638203
0.877331 0.353829
0.877538 0.423888
0.877837 0.150629
0.877894 0.216049
0.877973 0.407363
0.877991 0.571538
0.878209 0.230721
0.878275 0.0539384
0.878517 0.28894
0.878714 0.3749
0.878732 0.769019
0.878896 0.363655
0.879037 0.492044
0.879083 0.40391
0.879104 0.320442
0.87938 0.0244634
0.879525 0.0131122
0.879644 0.457447
0.879737 0.671173
0.87976 0.412866
0.881128 0.148159
0.881158 0.202409
0.881338 0.0839191
0.881669 0.0731746
0.881734 0.958533
0.881789 0.0283188
0.881857 0.642926
0.882404 0.621074
0.882957 0.550986
0.88356 0.0481202
0.883676 0.929161
0.883683 0.461407
0.883825 0.0930561
0.884147 0.0554596
0.884223 0.369714
0.884228 0.151193
0.884314 0.128118
0.884642 0.362875
0.884644 0.460865
0.884677 0.0330586
0.884715 0.108947
0.884721 0.995059
0.884912 0.986372
0.884913 0.419378
0.885029 0.650737
0.885174 0.617231
0.885272 0.742241
0.885476 0.0595515
0.88552 0.407095
0.88561 0.281311
0.88562 0.0646443
0.885836 0.571097
0.886414 0.199011
0.886538 0.955093
0.886571 0.754529
0.886851 0.155306
0.886897 0.219217
0.88735 0.335583
0.887461 0.604801
0.887813 0.551756
0.887844 0.235939
0.888312 0.59965
0.888336 0.233269
0.888395 0.209269
0.888439 0.161205
0.889127 0.620385
0.889297 0.647961
0.889493 0.205709
0.889608 0.020853
0.889651 0.549086
0.889825 0.0684139
0.890161 0.103388
0.890333 0.400297
0.890395 0.108578
0.890768 0.270907
0.890873 0.391761
0.891035 0.114824
0.891516 0.712973
0.891784 0.440724
0.891872 0.618226
0.892031 0.519267
0.892354 0.0130247
0.892518 0.286131
0.892656 0.545711
0.893042 0.721166
0.893071 0.21517
0.893075 0.0709059
0.893796 0.225594
0.894092 0.986218
0.894233 0.595043
0.894391 0.402375
0.894502 0.313241
0.894695 0.692747
0.894809 0.0834669
0.895084 0.708612
0.895089 0.248532
0.895135 0.364267
0.895136 0.0789946
0.895299 0.581784
0.895724 0.64557
0.895864 0.0425267
0.895931 0.12156
0.896005 0.198479
0.896173 0.300361
0.896286 0.740015
0.896307 0.276134
0.89633 0.24305
0.896372 0.57895
0.896501 0.054377
0.896543 0.0989483
0.896699 0.16922
0.896734 0.855395
0.896752 0.125644
0.89678 0.519787
0.896893 0.350646
0.896983 0.0805072
0.897108 0.904524
0.897362 0.346809
0.897603 0.605644
0.897608 0.00472771
0.897772 0.538777
0.898166 0.168633
0.898223 0.205
0.898702 0.52783
0.898747 0.454212
0.898815 0.310036
0.89917 0.0105315
0.899177 0.645206
0.899297 0.526702
0.899312 0.899648
0.899393 0.198343
0.900008 0.347805
0.900069 0.634667
0.900133 0.524996
0.900309 0.177631
0.900497 0.167547
0.900817 0.69109
0.90083 0.259907
0.901003 0.288033
0.901016 0.0147856
0.901143 0.179963
0.901166 0.716588
0.901199 0.197921
0.90128 0.251156
0.901458 0.0992267
0.901538 0.117608
0.901615 0.0580602
0.901662 0.0169305
0.901889 0.447778
0.901934 0.0289063
0.902022 0.280603
0.90237 0.293193
0.902404 0.907866
0.9026 0.787152
0.902667 0.20343
0.902999 0.446642
0.903204 0.367248
0.903576 0.0663738
0.903645 0.212122
0.903704 0.18064
0.903869 0.397684
0.904178 0.232288
0.904196 0.0623854
0.904366 0.179719
0.904568 0.499274
0.90479 0.270295
0.904834 0.891713
0.905379 0.0166265
0.905437 0.0728297
0.905487 0.558141
0.905573 0.141409
0.905658 0.125321
0.905699 0.107609
0.905709 0.906747
0.905734 0.0779835
0.905825 0.783099
0.906162 0.243317
0.906231 0.982171
0.906316 0.146981
0.906342 0.0122351
0.906625 0.343143
0.906984 0.710568
0.907025 0.0160907
0.907491 0.324382
0.907933 0.0747214
0.907969 0.256542
0.907984 0.28899
0.90839 0.177909
0.908472 0.152773
0.908523 0.652224
0.908735 0.310927
0.90879 0.111293
0.908804 0.100829
0.908862 0.240906
0.908903 0.779998
0.909044 0.634677
0.909384 0.362869
0.909445 0.175197
0.909482 0.0914426
0.910042 0.380913
0.910352 0.110775
0.910489 0.229523
0.910524 0.0789795
0.910528 0.194286
0.910557 0.555037
0.912257 0.0778444
0.91242 0.278495
0.912761 0.00862354
0.912934 0.233456
0.913324 0.553189
0.913494 0.403673
0.913577 0.20523
0.913643 0.0528586
0.914298 0.023475
0.914346 0.0745469
0.914465 0.222503
0.914992 0.43744
0.915012 0.145485
0.915368 0.335849
0.915421 0.398346
0.915733 0.360731
0.915875 0.61909
0.916135 0.617978
0.916138 0.285167
0.91621 0.302223
0.916326 0.343811
0.916331 0.70585
0.916465 0.160582
0.916951 0.306095
0.917091 0.235504
0.917532 0.0624636
0.917533 0.337509
0.918155 0.330393
0.918377 0.424565
0.918436 0.422721
0.918517 0.516985
0.91854 0.466091
0.918663 0.392267
0.91876 0.848937
0.918823 0.219497
0.91914 0.242388
0.919165 0.700985
0.919763 0.614149
0.91987 0.417603
0.920103 0.37655
0.920202 0.136751
0.920408 0.545594
0.920442 0.946106
0.920939 0.0739243
0.920961 0.150343
0.921344 0.304977
0.921521 0.966942
0.921749 0.877649
0.92185 0.0485792
0.922018 0.32017
0.922806 0.96066
0.922808 0.593944
0.922952 0.341579
0.923381 0.625623
0.923682 0.662173
0.923769 0.174972
0.923869 0.0922254
0.923953 0.414041
0.924043 0.108279
0.924106 0.217489
0.924156 0.0874968
0.924328 0.538961
0.924573 0.390813
0.924739 0.0470835
0.924819 0.597984
0.925182 0.00406352
0.925184 0.592882
0.925244 0.322048
0.925279 0.398573
0.925447 0.940511
0.925623 0.381207
0.925858 0.935974
0.926717 0.150855
0.926801 0.828128
0.926824 0.575859
0.926847 0.506965
0.927493 0.116318
0.927495 0.532643
0.927601 0.374039
0.9278 0.0539314
0.927845 0.265312
0.928205 0.875631
0.928231 0.522597
0.928471 0.567353
0.928764 0.553646
0.929239 0.486903
0.929486 0.243352
0.929754 0.357344
0.929865 0.116363
0.929978 0.0164685
0.930019 0.70601
0.930189 0.276274
0.930355 0.619618
0.930375 0.0775804
0.930505 0.82718
0.930633 0.273782
0.930996 0.446457
0.93137 0.507172
0.931621 0.235687
0.931807 0.665288
0.931989 0.297389
0.932169 0.0840749
0.932243 0.154517
0.932258 0.503003
0.932617 0.133502
0.932626 0.481278
0.932861 0.346344
0.932945 0.374242
0.933201 0.513589
0.933327 0.308738
0.933821 0.751594
0.93411 0.260773
0.934144 0.959582
0.934347 0.0988786
0.934374 0.149228
0.934495 0.27935
0.93464 0.14445
0.934981 0.0292787
0.935066 0.597742
0.935148 0.209157
0.935289 0.444731
0.935316 0.452195
0.935336 0.00499261
0.935571 0.227671
0.93558 0.107809
0.935777 0.247291
0.93602 0.0966138
0.936602 0.61415
0.936867 0.596067
0.93692 0.439893
0.937084 0.449738
0.937477 0.0603274
0.937559 0.175447
0.937596 0.57957
0.937789 0.544054
0.937819 0.149182
0.938161 0.503865
0.938377 0.232989
0.938583 0.713739
0.938858 0.0869385
0.939102 0.749952
0.939131 0.0941263
0.939197 0.209436
0.939203 0.069175
0.939326 0.119944
0.939326 0.874415
0.939408 0.182699
0.939706 0.168142
0.939823 0.308184
0.940491 0.300326
0.940635 0.95671
0.940758 0.305341
0.940915 0.359338
0.941062 0.290522
0.941488 0.266309
0.942028 0.356292
0.942094 0.19123
0.94212 0.785751
0.94231 0.300981
0.942357 0.270708
0.942509 0.266617
0.942514 0.491768
0.942565 0.126921
0.942744 0.518592
0.942954 0.0206625
0.942985 0.233929
0.943122 0.130624
0.943941 0.241772
0.944463 0.0361688
0.944483 0.0173854
0.944543 0.716955
0.944576 0.258347
0.944722 0.695673
0.94484 0.073324
0.945092 0.194126
0.945138 0.23379
0.945408 0.0724612
0.945415 0.0940273
0.945624 0.273164
0.945634 0.0790833
0.94576 0.0942855
0.945908 0.570702
0.945964 0.204153
0.946008 0.774192
0.946332 0.513333
0.946412 0.11862
0.946655 0.318919
0.946932 0.436525
0.947175 0.638536
0.947226 0.191061
0.947238 0.181015
0.947519 0.429715
0.94758 0.315378
0.947705 0.105532
0.947737 0.261709
0.9479 0.331799
0.949226 0.766735
0.949313 0.0831064
0.949321 0.609671
0.949439 0.375853
0.949677 0.215394
0.949956 0.369874
0.950053 0.394499
0.950089 0.141828
0.950204 0.596982
0.950302 0.671698
0.950304 0.0350365
0.950822 0.140199
0.950981 0.988774
0.95106 0.553244
0.951445 0.275167
0.951726 0.111669
0.951871 0.497533
0.952028 0.0341121
0.952301 0.131742
0.952307 0.319129
0.952312 0.0904438
0.95299 0.404858
0.953048 0.146321
0.953187 0.58781
0.953911 0.123804
0.95399 0.412337
0.954163 0.132999
0.954198 0.0437858
0.95421 0.135383
0.954332 0.173176
0.95435 0.190185
0.954696 0.459164
0.954698 0.18003
0.955101 0.189477
0.955665 0.0883113
0.955804 0.37365
0.95589 0.474448
0.956005 0.503194
0.956088 0.436312
0.956212 0.390605
0.956222 0.0439923
0.956287 0.503199
0.956715 0.301744
0.956989 0.568158
0.957243 0.105052
0.957797 0.489011
0.957822 0.544793
0.957861 0.0741864
0.95848 0.309491
0.958878 0.235074
0.958933 0.320504
0.959064 0.551239
0.959092 0.149075
0.959105 0.330591
0.959267 0.457972
0.959293 0.698895
0.959378 0.296206
0.959414 0.203795
0.959683 0.310966
0.959695 0.650086
0.959865 0.237564
0.959905 0.815686
0.959943 0.299982
0.960028 0.755357
0.960326 0.792793
0.960333 0.424706
0.960413 0.387902
0.960757 0.736065
0.960989 0.417552
0.961053 0.456977
0.961108 0.886872
0.961644 0.446082
0.961658 0.114244
0.961676 0.0923155
0.961686 0.383083
0.961754 0.573219
0.961841 0.155719
0.961869 0.233501
0.961971 0.883184
0.962048 0.377325
0.962197 0.645833
0.962198 0.0388288
0.962217 0.1379
0.962349 0.101504
0.962363 0.667646
0.962406 0.874231
0.962441 0.790351
0.963371 0.206634
0.96367 0.512681
0.963988 0.153665
0.964158 0.24658
0.964232 0.0028737
0.964344 0.17831
0.964539 0.309504
0.964748 0.64513
0.964774 0.0252278
0.964809 0.830908
0.964813 0.47869
0.964845 0.182042
0.964997 0.15578
0.965171 0.424771
0.965185 0.285937
0.96523 0.501105
0.965308 0.400585
0.96546 0.187476
0.965607 0.463083
0.965664 0.622572
0.965701 0.28844
0.965843 0.265722
0.965894 0.0694536
0.965935 0.243023
0.965983 0.0967805
0.966185 0.248695
0.966208 0.21335
0.966338 0.0811422
0.966491 0.697242
0.966511 0.269157
0.966523 0.112321
0.96653 0.828344
0.966542 0.135813
0.966615 0.358634
0.966971 0.573204
0.967227 0.084557
0.967692 0.367979
0.967855 0.473678
0.968201 0.687684
0.968204 0.340041
0.968281 0.275995
0.968486 0.145064
0.968549 0.236179
0.968595 0.607834
0.968606 0.24531
0.968641 0.0288893
0.968641 0.554125
0.968942 0.827451
0.969027 0.605742
0.969286 0.824228
0.969348 0.391314
0.969404 0.125418
0.969755 0.251863
0.970113 0.463762
0.970456 0.399876
0.970805 0.79743
0.970875 0.280136
0.970911 0.0464335
0.971536 0.132661
0.971641 0.553601
0.971651 0.919721
0.971732 0.445177
0.971985 0.233423
0.972315 0.505414
0.972385 0.117433
0.972408 0.0681114
0.972419 0.0849989
0.972524 0.528994
0.972759 0.0498905
0.972772 0.0574757
0.972806 0.141009
0.972876 0.596495
0.972971 0.0918353
0.973072 0.217836
0.973252 0.00610098
0.973409 0.527328
0.973499 0.681403
0.973632 0.474193
0.973786 0.206554
0.974086 0.647669
0.97424 0.452309
0.974436 0.626341
0.974626 0.537435
0.974852 0.767022
0.974906 0.582723
0.974965 0.172524
0.975205 0.483116
0.975501 0.274914
0.975584 0.521714
0.975623 0.502027
0.975843 0.225773
0.975854 0.765152
0.97587 0.147141
0.975899 0.497687
0.975982 0.050944
0.975982 0.434924
0.97606 0.172532
0.976128 0.488938
0.97619 0.721777
0.976294 0.169468
0.97638 0.10053
0.976633 0.382893
0.976643 0.100974
0.97694 0.842246
0.976972 0.17105
0.976977 0.621015
0.976978 0.136625
0.977073 0.664338
0.977092 0.708698
0.97756 0.573117
0.97763 0.691029
0.977649 0.0769148
0.977719 0.595528
0.978331 0.738661
0.978454 0.0664409
0.978622 0.66363
0.9787 0.652414
0.978735 0.493749
0.978835 0.261467
0.978852 0.434704
0.978907 0.749654
0.978977 0.293549
0.979234 0.512197
0.979291 0.384804
0.979441 0.466605
0.979827 0.0521202
0.980233 0.148807
0.980248 0.7425
0.980357 0.271661
0.980708 0.46501
0.980841 0.582064
0.981056 0.0537163
0.981119 0.724045
0.981143 0.0100984
0.981674 0.267123
0.981924 0.00103816
0.982288 0.806388
0.982319 0.391992
0.982322 0.684404
0.982463 0.47066
0.982776 0.207293
0.982864 0.213784
0.982945 0.798416
0.983178 0.498141
0.983203 0.574155
0.983314 0.468428
0.983636 0.53984
0.983678 0.401863
0.983768 0.353727
0.983932 0.649187
0.984201 0.00739531
0.984309 0.839133
0.98432 0.63711
0.984393 0.324924
0.98466 0.592634
0.984796 0.382363
0.985086 0.674408
0.985218 0.874693
0.985293 0.650534
0.985575 0.00828075
0.985834 0.386516
0.985871 0.541483
0.986231 0.471088
0.986245 0.201019
0.986317 0.133123
0.986423 0.733854
0.986477 0.161776
0.986488 0.600589
0.986538 0.661201
0.986645 0.522588
0.987338 0.215239
0.987344 0.152569
0.988112 0.681626
0.988219 0.464959
0.988399 0.311996
0.988453 0.261404
0.988456 0.0799758
0.988611 0.146939
0.988674 0.0633613
0.988856 0.250284
0.988979 0.135642
0.989065 0.00499274
0.989096 0.562375
0.989264 0.386911
0.989463 0.510493
0.989815 0.199561
0.989822 0.581866
0.989859 0.444309
0.990334 0.530969
0.990441 0.737851
0.990665 0.353666
0.990757 0.125424
0.990777 0.215592
0.990845 0.780862
0.990879 0.0609692
0.990932 0.149546
0.99096 0.108506
0.991013 0.994385
0.991155 0.233119
0.99126 0.289442
0.991456 0.915288
0.99174 0.532791
0.99211 0.665598
0.992164 0.286255
0.992198 0.119711
0.99256 0.665142
0.992667 0.250053
0.992745 0.15248
0.992867 0.866361
0.993509 0.979697
0.993617 0.854737
0.993619 0.254004
0.993672 0.364507
0.993816 0.0848452
0.993898 0.476675
0.994005 0.233643
0.994025 0.62982
0.994113 0.734819
0.99432 0.609055
0.994768 0.204001
0.99488 0.400653
0.99494 0.627913
0.994984 0.0243999
0.99534 0.698306
0.995426 0.45596
0.995441 0.556398
0.995463 0.464892
0.995518 0.0714619
0.996032 0.00198688
0.996262 0.316846
0.996303 0.0571259
0.996334 0.315443
0.996531 0.13593
0.996583 0.315031
0.996663 0.904072
0.996792 0.864805
0.996905 0.857296
0.996988 0.690168
0.997037 0.404403
0.997307 0.321762
0.997436 0.0609971
0.997601 0.754418
0.997609 0.5092
0.997893 0.829046
0.997942 0.851679
0.998244 0.170179
0.998293 0.652313
0.998562 0.812103
0.998827 0.373403
0.999216 0.0553231
0.999244 0.531537
0.999379 0.842152
0.999675 0.55934
