0.0169903 0.505936
0.0173482 0.507739
0.0219622 0.521857
0.0278279 0.485148
0.0331004 0.496893
0.0373644 0.516973
0.0390111 0.492532
0.0399611 0.535438
0.0430013 0.502683
0.0441613 0.533095
0.044554 0.483047
0.0450252 0.49041
0.0454453 0.516505
0.0455659 0.497443
0.0458251 0.472805
0.0472995 0.489909
0.0501639 0.450306
0.0527137 0.487062
0.0537906 0.493329
0.0558801 0.492446
0.0567815 0.491279
0.0576074 0.514035
0.0583415 0.512819
0.0605569 0.444736
0.0613935 0.554385
0.0626587 0.505857
0.0627649 0.443225
0.0662894 0.563993
0.0681326 0.550432
0.069299 0.433425
0.0711024 0.47675
0.0713758 0.553168
0.0720964 0.541599
0.0721289 0.470893
0.0725088 0.461008
0.0738882 0.457457
0.0740804 0.528312
0.0743173 0.528203
0.0756757 0.573687
0.0765704 0.573534
0.0779262 0.493449
0.0786114 0.496359
0.0787721 0.527022
0.0801239 0.48123
0.0805035 0.573972
0.082131 0.523237
0.0826379 0.45519
0.083455 0.551927
0.0838029 0.511542
0.0840042 0.547769
0.0844117 0.567567
0.0850204 0.463497
0.0866152 0.44463
0.0885352 0.572855
0.0887617 0.431658
0.0894111 0.514891
0.0896459 0.496924
0.0905185 0.479386
0.0908402 0.488095
0.0929609 0.492321
0.0931987 0.480438
0.0934359 0.490242
0.0935372 0.473842
0.095493 0.593977
0.0956174 0.569407
0.096116 0.460755
0.0966038 0.519215
0.0969674 0.437518
0.0976042 0.561484
0.0978754 0.406055
0.0979297 0.471354
0.0983159 0.488877
0.0985425 0.452513
0.0989707 0.546967
0.0996998 0.479223
0.100416 0.534379
0.100543 0.591028
0.100747 0.422408
0.100818 0.437326
0.101412 0.533921
0.102245 0.515997
0.102395 0.513675
0.104941 0.603587
0.105606 0.506297
0.10689 0.500597
0.108184 0.595914
0.108269 0.401641
0.108288 0.593132
0.108816 0.480943
0.10882 0.473784
0.109558 0.396536
0.109839 0.508938
0.110722 0.494448
0.111099 0.548468
0.111146 0.579821
0.111256 0.609618
0.111355 0.418774
0.112357 0.578982
0.112603 0.572996
0.113569 0.502313
0.115196 0.498257
0.115366 0.416223
0.115611 0.408333
0.11569 0.487012
0.115706 0.41992
0.116072 0.406363
0.116365 0.458632
0.116461 0.510028
0.116748 0.504044
0.116772 0.451881
0.117443 0.584963
0.117889 0.607743
0.118156 0.401066
0.119627 0.4346
0.119788 0.545629
0.120385 0.45565
0.121161 0.542699
0.121956 0.417446
0.122033 0.567513
0.122715 0.621807
0.123203 0.581582
0.123316 0.564976
0.123469 0.497287
0.123485 0.615713
0.124575 0.427635
0.125186 0.433784
0.125595 0.399461
0.125957 0.615649
0.12698 0.395964
0.12705 0.482169
0.127366 0.394334
0.128112 0.405294
0.128315 0.387653
0.128643 0.397191
0.128666 0.469722
0.128814 0.394348
0.128852 0.626803
0.130991 0.406716
0.131293 0.58028
0.131431 0.424462
0.131461 0.406665
0.131776 0.555467
0.132673 0.579681
0.133042 0.552418
0.133324 0.578729
0.133882 0.453368
0.134013 0.380571
0.134035 0.446976
0.134652 0.442968
0.135523 0.373051
0.136188 0.452748
0.136918 0.476226
0.137716 0.43267
0.139125 0.635676
0.1395 0.401406
0.140092 0.524852
0.140364 0.389811
0.140589 0.397701
0.14077 0.427537
0.141197 0.367881
0.14229 0.509174
0.142426 0.415874
0.142503 0.450003
0.142978 0.576758
0.143415 0.508312
0.143551 0.500735
0.144171 0.412871
0.144348 0.387886
0.144492 0.383913
0.144721 0.380457
0.144859 0.576205
0.145016 0.615433
0.145768 0.393876
0.146125 0.388963
0.146412 0.545109
0.147154 0.443963
0.147164 0.412284
0.147392 0.491957
0.147781 0.357297
0.147809 0.614172
0.147944 0.425983
0.149159 0.534901
0.150562 0.496807
0.151203 0.583935
0.151552 0.532744
0.151598 0.349258
0.151803 0.532003
0.1519 0.625489
0.152571 0.576975
0.152799 0.529062
0.155514 0.641374
0.155879 0.379882
0.157325 0.603479
0.158119 0.652934
0.158602 0.544881
0.158959 0.421002
0.159174 0.541065
0.159719 0.599674
0.161529 0.58118
0.162594 0.418328
0.163501 0.53397
0.163697 0.648781
0.163732 0.596512
0.164476 0.590851
0.164957 0.336411
0.166503 0.388044
0.166532 0.525344
0.166602 0.400421
0.166952 0.62647
0.167151 0.360858
0.167527 0.533326
0.167685 0.665358
0.168132 0.6599
0.168233 0.40269
0.169647 0.378178
0.170418 0.451185
0.170739 0.389191
0.171158 0.57498
0.1721 0.666947
0.172258 0.601287
0.172695 0.638121
0.172958 0.511696
0.173103 0.596008
0.174008 0.584627
0.174174 0.526731
0.174534 0.572344
0.17454 0.580918
0.174831 0.559865
0.174873 0.511485
0.175028 0.38886
0.175543 0.633677
0.175554 0.659679
0.176311 0.609273
0.176658 0.510556
0.177557 0.500852
0.177956 0.441265
0.17801 0.381252
0.178137 0.369005
0.179246 0.6745
0.179313 0.526374
0.179633 0.632565
0.17992 0.458492
0.180449 0.483085
0.180453 0.399236
0.180648 0.624401
0.180786 0.4478
0.180817 0.647835
0.181365 0.511122
0.18142 0.606427
0.182205 0.356999
0.182675 0.644678
0.182876 0.623142
0.182903 0.350257
0.183704 0.589668
0.184221 0.507115
0.184928 0.684588
0.186183 0.499565
0.186304 0.496935
0.186772 0.569611
0.186787 0.441829
0.188342 0.398092
0.188619 0.659027
0.189269 0.651332
0.189539 0.677804
0.190452 0.471331
0.190645 0.524322
0.190819 0.467828
0.191131 0.494936
0.191331 0.576128
0.191428 0.604503
0.191542 0.421578
0.191802 0.379425
0.191999 0.523354
0.192071 0.344891
0.193124 0.586015
0.193827 0.62433
0.193905 0.649366
0.195846 0.581514
0.196411 0.542742
0.197105 0.50277
0.197116 0.659888
0.19727 0.613508
0.197563 0.649143
0.197672 0.695113
0.197996 0.567589
0.198469 0.460677
0.198694 0.513242
0.198908 0.338276
0.199317 0.652996
0.199738 0.501427
0.199831 0.505593
0.200125 0.499889
0.200474 0.43059
0.201921 0.45525
0.202119 0.498868
0.202173 0.33288
0.20219 0.535895
0.202432 0.308732
0.20299 0.470237
0.20318 0.399783
0.203229 0.644311
0.203374 0.692039
0.203525 0.428475
0.203684 0.606342
0.204309 0.415876
0.20453 0.458782
0.204621 0.686615
0.204884 0.384674
0.205074 0.643544
0.205141 0.327758
0.205355 0.397981
0.205902 0.681924
0.20593 0.394665
0.205945 0.657489
0.205955 0.529167
0.206191 0.672341
0.206247 0.592434
0.206367 0.675774
0.20663 0.560734
0.206705 0.498839
0.206954 0.337203
0.20774 0.390975
0.20782 0.36816
0.207833 0.452266
0.20823 0.704681
0.208522 0.361744
0.209351 0.450707
0.210725 0.59236
0.211256 0.45059
0.21157 0.589405
0.211801 0.466198
0.212845 0.427038
0.213048 0.334543
0.213443 0.354087
0.213447 0.446736
0.214271 0.602623
0.214335 0.696247
0.214372 0.672381
0.214888 0.351981
0.215124 0.390827
0.215334 0.553439
0.216366 0.320666
0.216469 0.318888
0.216715 0.457381
0.217338 0.313474
0.217524 0.568162
0.217894 0.285279
0.218213 0.353198
0.218397 0.332264
0.218538 0.618412
0.218648 0.588088
0.219307 0.689898
0.219634 0.611532
0.219924 0.687796
0.2207 0.610392
0.220895 0.609621
0.221045 0.387643
0.22116 0.651846
0.221451 0.477663
0.222428 0.473198
0.222623 0.280127
0.222919 0.409806
0.222943 0.279303
0.223736 0.457015
0.223792 0.710031
0.223882 0.382511
0.225192 0.705821
0.225758 0.330309
0.226094 0.674823
0.226531 0.608615
0.226683 0.406032
0.226846 0.701222
0.226866 0.380127
0.226909 0.344645
0.227137 0.49012
0.227199 0.351793
0.227834 0.587092
0.228258 0.36746
0.228796 0.41667
0.229102 0.399476
0.229276 0.39414
0.22982 0.679729
0.231309 0.326746
0.231731 0.727667
0.231797 0.679684
0.231913 0.33733
0.232991 0.355857
0.233181 0.301592
0.23322 0.501645
0.233306 0.451002
0.233377 0.557651
0.23344 0.298679
0.233496 0.324498
0.234098 0.32277
0.234601 0.569348
0.234872 0.597483
0.235188 0.705542
0.235356 0.469445
0.235364 0.60566
0.235515 0.677837
0.235632 0.272315
0.235799 0.589041
0.236059 0.660862
0.236142 0.497517
0.236217 0.735516
0.236288 0.534071
0.236452 0.599739
0.236454 0.674194
0.236618 0.348546
0.236689 0.466799
0.237316 0.321999
0.237528 0.348835
0.238127 0.552291
0.238247 0.563043
0.238295 0.269828
0.23871 0.344732
0.238752 0.485289
0.238962 0.348506
0.239118 0.475532
0.239243 0.608026
0.239891 0.522057
0.239998 0.471723
0.240123 0.341714
0.240129 0.415443
0.240233 0.387872
0.240507 0.297411
0.240822 0.605143
0.240925 0.441079
0.240927 0.378781
0.241313 0.60266
0.241609 0.293328
0.241636 0.74124
0.241767 0.368861
0.242276 0.675454
0.242768 0.367334
0.242775 0.548347
0.243177 0.69804
0.244105 0.346813
0.244601 0.385438
0.244613 0.366232
0.244803 0.308162
0.245557 0.53371
0.245638 0.305337
0.245964 0.553174
0.246126 0.415044
0.246326 0.336208
0.247093 0.618662
0.24814 0.33583
0.24835 0.671294
0.248461 0.255973
0.249202 0.61667
0.249297 0.659553
0.249602 0.465373
0.249849 0.447582
0.250063 0.298885
0.250532 0.636903
0.250662 0.569859
0.250874 0.282596
0.250999 0.40361
0.251208 0.383101
0.251454 0.312287
0.251558 0.530489
0.252338 0.260994
0.252464 0.278048
0.252584 0.463174
0.253018 0.530101
0.253221 0.486133
0.253581 0.374913
0.253858 0.344391
0.254718 0.613965
0.254754 0.6073
0.254881 0.44327
0.255885 0.259722
0.255943 0.259474
0.255994 0.279054
0.256109 0.564804
0.256262 0.413744
0.256643 0.536719
0.257695 0.254259
0.258181 0.694034
0.258419 0.509991
0.258599 0.713261
0.258744 0.320225
0.259431 0.519564
0.259438 0.267693
0.260065 0.42424
0.260225 0.674757
0.260268 0.684148
0.260977 0.286682
0.261068 0.389336
0.261361 0.350084
0.261589 0.761073
0.262053 0.688992
0.262135 0.748133
0.262207 0.659401
0.262356 0.242524
0.262573 0.556363
0.262796 0.432451
0.263406 0.737719
0.2636 0.605165
0.2637 0.506067
0.263944 0.328862
0.263946 0.416927
0.264147 0.26896
0.26426 0.410487
0.264774 0.528798
0.264908 0.482207
0.264926 0.628394
0.265375 0.650815
0.265944 0.720412
0.265946 0.630057
0.266149 0.662022
0.266327 0.746106
0.266397 0.283819
0.266461 0.38622
0.266538 0.60233
0.266599 0.278663
0.266651 0.423196
0.266753 0.445297
0.266809 0.449822
0.267426 0.392073
0.268865 0.539355
0.269842 0.261335
0.270117 0.669905
0.270416 0.481794
0.270519 0.449486
0.271089 0.443514
0.271349 0.551381
0.271371 0.38335
0.271673 0.316449
0.271704 0.728502
0.271981 0.699335
0.272447 0.59629
0.272804 0.255054
0.273028 0.580574
0.273826 0.350865
0.273895 0.700062
0.273959 0.647984
0.274237 0.350546
0.274261 0.37107
0.274349 0.515215
0.274639 0.275254
0.274794 0.69995
0.275513 0.675078
0.275671 0.545994
0.27571 0.245143
0.275727 0.240169
0.276187 0.743641
0.276245 0.66712
0.276351 0.387152
0.276375 0.239947
0.276661 0.272425
0.276798 0.342589
0.277059 0.323786
0.277104 0.594687
0.277165 0.463766
0.27763 0.777005
0.278119 0.272362
0.278752 0.311523
0.278779 0.642054
0.279333 0.403757
0.279448 0.66247
0.279708 0.33396
0.279781 0.654561
0.280962 0.369659
0.281165 0.777298
0.281466 0.715998
0.281575 0.343415
0.281602 0.627288
0.282091 0.621392
0.282193 0.472295
0.282489 0.668318
0.282535 0.270284
0.282708 0.715894
0.283039 0.33159
0.283419 0.311161
0.283541 0.775706
0.284309 0.709606
0.284709 0.417439
0.284859 0.452608
0.285193 0.269912
0.286181 0.781543
0.286213 0.771371
0.286484 0.559578
0.286631 0.243108
0.286724 0.268466
0.287609 0.646115
0.287677 0.539381
0.287722 0.599196
0.287768 0.302853
0.287929 0.461674
0.28854 0.407745
0.288671 0.300352
0.288714 0.497085
0.288722 0.43287
0.28876 0.538471
0.289047 0.369624
0.289089 0.483678
0.289515 0.496419
0.289635 0.41152
0.290009 0.252445
0.29006 0.383212
0.290352 0.77677
0.290693 0.770796
0.290886 0.580689
0.291169 0.265368
0.291357 0.330452
0.291361 0.4098
0.291738 0.37957
0.29235 0.310451
0.2928 0.688371
0.293022 0.792752
0.29329 0.443869
0.293523 0.242843
0.293739 0.578531
0.293974 0.408839
0.294667 0.276834
0.295057 0.305363
0.295247 0.589012
0.295874 0.442676
0.296437 0.767272
0.296982 0.276438
0.297106 0.292609
0.297274 0.375546
0.297513 0.787062
0.297522 0.330337
0.29804 0.273397
0.298459 0.750414
0.298972 0.607871
0.299381 0.745295
0.299652 0.343022
0.299724 0.582677
0.2999 0.630002
0.300492 0.596671
0.300546 0.659871
0.300591 0.342937
0.300821 0.525809
0.300924 0.657884
0.301239 0.473078
0.301398 0.354276
0.301807 0.560516
0.302294 0.797577
0.302373 0.507259
0.302406 0.777812
0.302652 0.346871
0.302665 0.418164
0.3028 0.590851
0.303298 0.235948
0.303379 0.315787
0.303406 0.648913
0.303462 0.417862
0.303998 0.504822
0.304034 0.441882
0.304242 0.260063
0.3043 0.314673
0.304386 0.548624
0.304434 0.384018
0.30445 0.741937
0.304616 0.314143
0.304759 0.449198
0.304904 0.378818
0.304972 0.20824
0.305096 0.206813
0.305112 0.639561
0.305326 0.447927
0.305405 0.287539
0.305664 0.451179
0.305799 0.406596
0.305953 0.244224
0.306079 0.304202
0.306136 0.637834
0.306838 0.341187
0.307181 0.338473
0.307413 0.501081
0.307677 0.384589
0.307957 0.279864
0.30813 0.774265
0.308215 0.498824
0.308603 0.797022
0.308689 0.512708
0.308871 0.712653
0.308911 0.622739
0.309129 0.55928
0.309272 0.450274
0.309443 0.759727
0.309888 0.611577
0.310157 0.497264
0.310348 0.234929
0.310515 0.46452
0.310873 0.269321
0.311192 0.508598
0.311413 0.258557
0.311455 0.772374
0.311678 0.662145
0.311858 0.495493
0.311997 0.248379
0.31202 0.81057
0.312157 0.304132
0.312211 0.543081
0.312549 0.592997
0.312619 0.390893
0.312821 0.806324
0.313232 0.750512
0.313657 0.491597
0.313941 0.654198
0.314535 0.463679
0.314657 0.272488
0.314841 0.746502
0.31492 0.344762
0.315024 0.512944
0.31512 0.811519
0.315136 0.325108
0.315475 0.476777
0.315832 0.447113
0.315833 0.427482
0.315916 0.383647
0.315924 0.481924
0.315934 0.213957
0.316016 0.344083
0.316624 0.508287
0.31675 0.409896
0.316814 0.269801
0.316898 0.649364
0.316917 0.722027
0.317196 0.302321
0.317267 0.645362
0.317296 0.744953
0.317493 0.794219
0.317803 0.532079
0.31795 0.405701
0.318031 0.458126
0.318208 0.268835
0.318563 0.787953
0.318657 0.718256
0.318761 0.235834
0.318789 0.688317
0.318824 0.358228
0.319165 0.779491
0.32008 0.504283
0.32031 0.771832
0.320334 0.764311
0.320362 0.352322
0.320506 0.246428
0.320534 0.206654
0.320798 0.251969
0.321052 0.642644
0.321355 0.229601
0.321487 0.340483
0.321573 0.711201
0.3216 0.490848
0.321622 0.740922
0.32279 0.683228
0.322929 0.524248
0.323134 0.292169
0.323235 0.289914
0.323257 0.763079
0.323291 0.64093
0.323411 0.337272
0.324137 0.759884
0.324146 0.474612
0.324749 0.502498
0.324858 0.261461
0.325728 0.404734
0.326093 0.772945
0.32612 0.627206
0.326126 0.269305
0.326209 0.755734
0.326541 0.683164
0.326743 0.671672
0.326934 0.749768
0.327247 0.604662
0.327442 0.66457
0.32772 0.684796
0.32782 0.246371
0.328072 0.222603
0.328677 0.269298
0.328901 0.496356
0.329089 0.621371
0.330606 0.197679
0.331043 0.265921
0.331213 0.465709
0.331814 0.257224
0.331934 0.238615
0.332203 0.192385
0.332243 0.573629
0.33229 0.79464
0.333089 0.188474
0.333115 0.824597
0.33406 0.404196
0.334078 0.76906
0.334286 0.464568
0.334643 0.48844
0.334716 0.449834
0.334969 0.171225
0.334987 0.254248
0.335351 0.549903
0.335507 0.171125
0.335599 0.537704
0.335657 0.568788
0.335916 0.699426
0.335969 0.181901
0.33603 0.566269
0.336419 0.473081
0.336535 0.472649
0.336736 0.714899
0.33744 0.714661
0.337485 0.580131
0.337516 0.466938
0.337524 0.819563
0.337671 0.43553
0.337838 0.375732
0.337875 0.602705
0.337967 0.28515
0.338003 0.179973
0.338218 0.314856
0.338708 0.308525
0.33879 0.553855
0.338864 0.827638
0.339152 0.652266
0.339263 0.435271
0.339575 0.488506
0.33958 0.203669
0.339659 0.71287
0.339986 0.562891
0.340095 0.745257
0.340156 0.235714
0.340246 0.7623
0.341371 0.375423
0.342013 0.651216
0.342052 0.372427
0.342183 0.51786
0.342537 0.392489
0.342765 0.176451
0.342983 0.453063
0.343081 0.760772
0.343731 0.59152
0.344356 0.371289
0.34486 0.366638
0.346986 0.227818
0.346999 0.516204
0.347061 0.428274
0.347235 0.826497
0.347323 0.663099
0.347526 0.47834
0.348011 0.704942
0.348412 0.82291
0.348666 0.266598
0.34869 0.454342
0.348723 0.709202
0.348797 0.160674
0.348863 0.344331
0.349081 0.679854
0.349168 0.641645
0.349493 0.250752
0.349517 0.365238
0.349977 0.439428
0.350033 0.70682
0.350342 0.233053
0.350648 0.759176
0.350841 0.446434
0.351004 0.151343
0.351234 0.482617
0.351305 0.805545
0.351506 0.327254
0.351846 0.42597
0.352343 0.839062
0.352511 0.498854
0.352697 0.704348
0.352867 0.249869
0.353315 0.255152
0.35335 0.703156
0.353482 0.391077
0.3536 0.224432
0.353668 0.248471
0.354345 0.45067
0.35449 0.602542
0.355219 0.611951
0.355371 0.16972
0.355449 0.34102
0.35547 0.83142
0.355526 0.53677
0.355561 0.389633
0.355572 0.628434
0.35582 0.409754
0.355985 0.497561
0.356406 0.335589
0.356462 0.74417
0.35657 0.62062
0.357559 0.645071
0.357926 0.371857
0.358331 0.386291
0.358353 0.559345
0.358385 0.438899
0.358549 0.327117
0.358814 0.637016
0.358829 0.167497
0.359262 0.363991
0.359332 0.853364
0.359363 0.477736
0.360104 0.85274
0.360247 0.165915
0.360284 0.535032
0.360555 0.313775
0.360735 0.752724
0.360833 0.860248
0.360864 0.449518
0.361066 0.252441
0.361146 0.38832
0.361413 0.534978
0.36148 0.790925
0.361566 0.533818
0.361841 0.369827
0.361951 0.508286
0.362585 0.446959
0.362641 0.388038
0.362778 0.590756
0.362811 0.473764
0.363061 0.274134
0.363246 0.206495
0.363408 0.80137
0.363594 0.284755
0.363893 0.164554
0.364055 0.173076
0.364366 0.403458
0.364415 0.443325
0.364538 0.442451
0.3647 0.588933
0.364856 0.588641
0.364883 0.393198
0.364914 0.827633
0.365473 0.475654
0.365762 0.439843
0.365849 0.531742
0.36588 0.78557
0.36592 0.573613
0.366007 0.607137
0.366473 0.473156
0.36749 0.812429
0.367856 0.773402
0.368078 0.385234
0.368128 0.442472
0.368138 0.571913
0.368404 0.472641
0.368669 0.303095
0.36891 0.568438
0.368977 0.43383
0.369012 0.295968
0.369324 0.583423
0.369873 0.845551
0.370411 0.247394
0.370533 0.715239
0.370692 0.338677
0.370764 0.13625
0.370803 0.695837
0.371077 0.468955
0.371281 0.60615
0.371327 0.281341
0.371346 0.540918
0.371421 0.534561
0.371602 0.17282
0.371642 0.855902
0.372012 0.411422
0.372103 0.473684
0.372679 0.270454
0.372687 0.472493
0.372999 0.468221
0.373086 0.530734
0.37309 0.439036
0.37332 0.732051
0.373557 0.266384
0.373838 0.807289
0.373977 0.640729
0.374256 0.471414
0.374324 0.242092
0.374842 0.294485
0.374898 0.356386
0.375148 0.628182
0.375367 0.671856
0.375676 0.248647
0.37582 0.318759
0.376396 0.598565
0.376507 0.221448
0.37668 0.140459
0.377312 0.87195
0.377445 0.218283
0.377617 0.432516
0.378821 0.226368
0.378882 0.223988
0.37901 0.239289
0.379257 0.66766
0.379449 0.40901
0.379743 0.44841
0.379864 0.244413
0.379947 0.428226
0.380026 0.424919
0.380205 0.778884
0.380361 0.550837
0.380545 0.261103
0.380848 0.391369
0.380945 0.619778
0.381054 0.201697
0.381237 0.316653
0.381314 0.819985
0.381412 0.533341
0.381622 0.218477
0.381663 0.201028
0.381702 0.638697
0.38239 0.543529
0.382425 0.867649
0.382747 0.819883
0.382903 0.50376
0.383028 0.484061
0.383163 0.559385
0.383199 0.212121
0.383323 0.291229
0.383495 0.238552
0.383593 0.728141
0.383635 0.200529
0.38382 0.514277
0.38385 0.40378
0.384207 0.414002
0.384649 0.69807
0.384691 0.513033
0.385143 0.119976
0.385517 0.577455
0.385885 0.430674
0.386172 0.365897
0.386258 0.830274
0.386342 0.174643
0.387298 0.288708
0.3873 0.873576
0.387515 0.164574
0.3877 0.413844
0.387788 0.390106
0.388133 0.272196
0.388159 0.40179
0.388261 0.361339
0.388449 0.464243
0.388493 0.397076
0.388571 0.136198
0.388608 0.873327
0.388862 0.34247
0.389009 0.118406
0.389295 0.444684
0.389327 0.31492
0.389469 0.33946
0.389607 0.618664
0.389745 0.307415
0.389967 0.133605
0.3901 0.270182
0.390108 0.375219
0.390142 0.235778
0.390189 0.280884
0.390233 0.413305
0.390387 0.457034
0.390714 0.758442
0.390728 0.75494
0.390927 0.11756
0.390943 0.715117
0.39099 0.274137
0.391048 0.396531
0.39147 0.566209
0.391495 0.164252
0.391634 0.467725
0.391658 0.447507
0.392317 0.798378
0.392344 0.888428
0.392455 0.835604
0.392475 0.114377
0.392537 0.395087
0.392765 0.710394
0.393137 0.313912
0.393216 0.539252
0.393791 0.33457
0.394076 0.194147
0.39415 0.870443
0.394489 0.706709
0.394543 0.565774
0.394715 0.647172
0.394803 0.76375
0.394964 0.387248
0.395183 0.405456
0.395397 0.636163
0.395597 0.757456
0.395617 0.727756
0.396154 0.259459
0.396159 0.695834
0.396535 0.706646
0.396885 0.861615
0.397098 0.330296
0.3973 0.691301
0.397603 0.68078
0.398067 0.665909
0.398923 0.256451
0.39895 0.161903
0.398978 0.834206
0.399077 0.514761
0.399182 0.609994
0.399213 0.832773
0.399414 0.533066
0.399744 0.788377
0.399972 0.754426
0.400116 0.810777
0.400313 0.829261
0.400579 0.173584
0.40078 0.475144
0.400888 0.798669
0.401213 0.350927
0.401616 0.702388
0.401699 0.860424
0.40174 0.836026
0.402047 0.599632
0.402206 0.109625
0.402315 0.851665
0.402447 0.204869
0.402568 0.288179
0.402597 0.267106
0.402617 0.109624
0.402703 0.391454
0.402909 0.825359
0.403215 0.776654
0.403825 0.40162
0.403886 0.328849
0.404373 0.102582
0.404415 0.400995
0.404451 0.772744
0.40483 0.731958
0.405067 0.327586
0.405303 0.636024
0.405447 0.667893
0.405551 0.606768
0.406094 0.385423
0.406198 0.322291
0.406437 0.876583
0.406856 0.447388
0.407055 0.719231
0.407336 0.0990123
0.407349 0.513758
0.407592 0.571344
0.407611 0.317084
0.408225 0.739913
0.408523 0.169041
0.408708 0.831058
0.40901 0.223593
0.409077 0.364267
0.409138 0.441992
0.409322 0.73761
0.409856 0.256214
0.409871 0.13266
0.410009 0.161326
0.410044 0.824988
0.41018 0.690901
0.4102 0.310082
0.410273 0.410589
0.410347 0.284879
0.410451 0.383453
0.410499 0.255741
0.410863 0.766015
0.411387 0.499739
0.411544 0.81578
0.411555 0.166138
0.411595 0.824238
0.411668 0.820767
0.411861 0.838205
0.411957 0.150775
0.412092 0.350171
0.412276 0.629222
0.412506 0.905956
0.412524 0.722253
0.412577 0.0957723
0.412613 0.355631
0.41266 0.565766
0.412693 0.246497
0.4128 0.406198
0.412868 0.331705
0.412966 0.642633
0.412991 0.789611
0.413031 0.56994
0.413214 0.499553
0.413366 0.721515
0.413429 0.309539
0.41413 0.750351
0.414425 0.472613
0.414462 0.873884
0.414467 0.531854
0.414665 0.397186
0.415052 0.905228
0.415307 0.165941
0.415362 0.806981
0.415442 0.509682
0.415544 0.709406
0.415736 0.426869
0.415948 0.130161
0.416048 0.828981
0.416249 0.825571
0.416463 0.802628
0.417263 0.885711
0.417307 0.149306
0.417329 0.487108
0.417467 0.179022
0.417616 0.507634
0.417759 0.128134
0.417933 0.914257
0.418014 0.52347
0.418044 0.384442
0.418055 0.848682
0.418072 0.50701
0.418307 0.622091
0.418429 0.382661
0.418731 0.581071
0.418798 0.437916
0.418805 0.0915783
0.418999 0.715672
0.419044 0.323088
0.419057 0.65032
0.419177 0.27235
0.419228 0.343281
0.419391 0.257798
0.419407 0.323007
0.419631 0.278637
0.419769 0.580002
0.420049 0.555929
0.420181 0.618516
0.420239 0.635367
0.420457 0.906653
0.420539 0.275341
0.420678 0.822249
0.420755 0.372914
0.42092 0.749621
0.421001 0.219147
0.421111 0.437813
0.421367 0.871422
0.421566 0.393126
0.421712 0.0856656
0.421845 0.163591
0.42199 0.894235
0.422004 0.574806
0.422248 0.55405
0.422359 0.845913
0.422397 0.32664
0.42256 0.856665
0.422957 0.425376
0.423333 0.69046
0.42335 0.5643
0.423892 0.754957
0.423927 0.0828625
0.424037 0.633538
0.424075 0.70198
0.424145 0.55954
0.424164 0.142331
0.424177 0.3128
0.424188 0.32098
0.42421 0.437422
0.424218 0.254723
0.42433 0.500913
0.424617 0.762958
0.424728 0.715463
0.425182 0.35388
0.425475 0.295302
0.425563 0.62182
0.425743 0.178822
0.425788 0.497548
0.425811 0.819543
0.425886 0.550047
0.425895 0.752
0.42619 0.66759
0.426305 0.854286
0.426696 0.749844
0.426847 0.57958
0.426882 0.870808
0.426988 0.176477
0.427035 0.608661
0.427045 0.724569
0.427077 0.611682
0.427133 0.886278
0.427157 0.424975
0.427158 0.274279
0.42721 0.248861
0.427427 0.288994
0.428237 0.921273
0.428307 0.470758
0.428311 0.85017
0.428382 0.74585
0.428844 0.174201
0.428855 0.703252
0.429118 0.611157
0.429324 0.247473
0.429354 0.470564
0.429516 0.122143
0.429724 0.918494
0.43001 0.294381
0.430137 0.267789
0.430179 0.547898
0.430241 0.391755
0.431074 0.606528
0.43109 0.189497
0.43134 0.800546
0.431454 0.29343
0.431709 0.182557
0.431863 0.658131
0.431912 0.610728
0.43208 0.179953
0.432402 0.422832
0.432566 0.676779
0.432604 0.135829
0.432691 0.547522
0.432697 0.499578
0.432719 0.26543
0.432846 0.643
0.432908 0.90082
0.43311 0.244172
0.433251 0.35583
0.433335 0.899907
0.433578 0.463123
0.43415 0.485018
0.434254 0.131238
0.434784 0.56961
0.434968 0.66896
0.435621 0.708984
0.435672 0.49364
0.435686 0.141503
0.435948 0.168787
0.435951 0.696068
0.436433 0.31268
0.437237 0.385232
0.43727 0.449626
0.437276 0.303656
0.437476 0.376131
0.437582 0.400516
0.438263 0.247424
0.438434 0.717695
0.438752 0.149553
0.438851 0.424449
0.4392 0.936985
0.439292 0.732162
0.439425 0.629362
0.439719 0.567241
0.439924 0.923319
0.44002 0.244345
0.440298 0.141457
0.440333 0.744589
0.440465 0.271953
0.440524 0.56193
0.440539 0.374921
0.440639 0.515178
0.440679 0.284811
0.440958 0.471279
0.441324 0.458281
0.441401 0.337088
0.441562 0.682926
0.44174 0.648216
0.441989 0.762898
0.442269 0.728915
0.442287 0.627865
0.442745 0.79328
0.442783 0.320087
0.442848 0.73826
0.4434 0.446194
0.443416 0.910529
0.443418 0.730074
0.44349 0.780231
0.443689 0.847489
0.443718 0.0701068
0.443814 0.792992
0.444041 0.493341
0.444313 0.869894
0.444351 0.204128
0.445136 0.914973
0.445394 0.148323
0.445402 0.779824
0.445488 0.592419
0.445523 0.774431
0.446117 0.485856
0.446158 0.434655
0.446325 0.326072
0.446337 0.702356
0.446399 0.491649
0.446832 0.572067
0.446935 0.324722
0.446955 0.913463
0.447041 0.772553
0.447316 0.56731
0.447321 0.642498
0.447384 0.400092
0.447441 0.165208
0.447487 0.361697
0.447867 0.456277
0.448366 0.677952
0.448382 0.839822
0.448435 0.424183
0.448636 0.931433
0.448666 0.7023
0.448758 0.673193
0.448816 0.781283
0.448993 0.239841
0.449083 0.26946
0.449186 0.765581
0.449458 0.826974
0.449609 0.156529
0.449693 0.836059
0.449721 0.619374
0.449786 0.257609
0.449916 0.519299
0.450058 0.585297
0.450084 0.232071
0.450156 0.61279
0.450164 0.127447
0.450281 0.628111
0.450444 0.322857
0.450519 0.60445
0.450574 0.63951
0.450705 0.698644
0.450787 0.814219
0.450944 0.595739
0.451117 0.476288
0.45124 0.58717
0.451363 0.227023
0.451474 0.624534
0.451483 0.763656
0.451757 0.399445
0.452624 0.896821
0.452663 0.443561
0.45293 0.396441
0.452964 0.294119
0.453216 0.136862
0.453316 0.82325
0.453363 0.255693
0.453363 0.455332
0.453456 0.470904
0.454084 0.319101
0.454139 0.466994
0.454213 0.705647
0.455629 0.636485
0.455929 0.391893
0.455955 0.610158
0.456037 0.498614
0.456055 0.124921
0.456137 0.0495957
0.456233 0.493146
0.456244 0.22626
0.456259 0.154039
0.456534 0.129353
0.456566 0.751272
0.457157 0.692515
0.45773 0.69141
0.458097 0.643141
0.458361 0.12497
0.458499 0.451565
0.459079 0.209312
0.459375 0.508254
0.45951 0.575273
0.459778 0.1917
0.459798 0.445908
0.459821 0.872851
0.459845 0.23116
0.459846 0.230417
0.459866 0.283026
0.459956 0.474758
0.460067 0.0737286
0.460163 0.417922
0.460297 0.585559
0.460361 0.0543068
0.46044 0.28864
0.460446 0.89871
0.460552 0.417446
0.460594 0.625396
0.46061 0.525998
0.460965 0.774967
0.461215 0.315045
0.461297 0.304152
0.461442 0.111228
0.461775 0.578628
0.46197 0.282409
0.462006 0.177354
0.462033 0.416808
0.462038 0.547654
0.462284 0.0440198
0.462558 0.485146
0.462568 0.947104
0.462769 0.184256
0.463249 0.641677
0.463431 0.720744
0.463527 0.711412
0.463668 0.952123
0.463736 0.414259
0.463858 0.268873
0.463903 0.951285
0.464376 0.402459
0.464564 0.443108
0.464639 0.569322
0.464799 0.427853
0.465042 0.466964
0.465507 0.698198
0.465605 0.183136
0.465631 0.268267
0.465643 0.191441
0.465757 0.923639
0.465916 0.935807
0.466042 0.469325
0.466281 0.948054
0.466358 0.268073
0.466489 0.7113
0.466507 0.658349
0.466891 0.229448
0.466995 0.150367
0.467125 0.616807
0.467143 0.281343
0.467308 0.261518
0.467398 0.565898
0.467657 0.695544
0.467931 0.900613
0.468026 0.816592
0.468127 0.189922
0.468344 0.934222
0.468437 0.544125
0.46874 0.255306
0.468952 0.552908
0.469055 0.816588
0.469304 0.500749
0.469481 0.225127
0.469542 0.403814
0.469689 0.335936
0.469779 0.545877
0.469869 0.169945
0.469932 0.695348
0.469974 0.1029
0.470086 0.220317
0.470663 0.545669
0.470748 0.474886
0.470776 0.294324
0.470982 0.898148
0.471034 0.267018
0.471318 0.568206
0.471397 0.966545
0.47147 0.442351
0.47157 0.652155
0.471612 0.610142
0.471911 0.101651
0.47201 0.101296
0.472045 0.639413
0.472067 0.889188
0.472084 0.508221
0.472136 0.0484317
0.472145 0.958978
0.472295 0.571072
0.472419 0.123718
0.473108 0.821182
0.473429 0.273555
0.473442 0.807247
0.47347 0.213481
0.474198 0.921533
0.4742 0.931763
0.47459 0.972718
0.474712 0.402178
0.474982 0.456836
0.475015 0.0956984
0.475798 0.710875
0.475911 0.212618
0.476237 0.852411
0.47642 0.498321
0.476476 0.42323
0.476478 0.269196
0.476532 0.287349
0.476617 0.420301
0.477017 0.332814
0.477186 0.044001
0.47721 0.865106
0.477254 0.963132
0.477341 0.565106
0.477385 0.695279
0.477528 0.754834
0.477529 0.0276852
0.477656 0.251387
0.47804 0.268505
0.478065 0.722401
0.478158 0.859741
0.478368 0.667604
0.478448 0.560726
0.478868 0.2838
0.478905 0.957425
0.479235 0.455776
0.479451 0.690507
0.479587 0.436654
0.479778 0.248728
0.47985 0.549257
0.47995 0.883201
0.480227 0.314216
0.480349 0.720233
0.480385 0.794112
0.480467 0.903771
0.480717 0.0938844
0.480767 0.446142
0.481174 0.807692
0.481296 0.915599
0.481448 0.820101
0.481665 0.629798
0.48183 0.608283
0.481956 0.281492
0.482257 0.548483
0.482293 0.49565
0.482348 0.547446
0.482386 0.850506
0.48265 0.473947
0.482993 0.314085
0.483233 0.0887456
0.483358 0.657497
0.483576 0.541867
0.483605 0.30228
0.483975 0.115197
0.48419 0.169746
0.484409 0.850162
0.484431 0.847332
0.48464 0.409618
0.48477 0.542677
0.485068 0.625329
0.485447 0.806187
0.485615 0.581246
0.485734 0.799199
0.485754 0.6983
0.486082 0.640999
0.486216 0.302419
0.486342 0.164225
0.486473 0.27605
0.486962 0.371583
0.487056 0.928313
0.487164 0.567262
0.48749 0.240715
0.487571 0.286624
0.487735 0.0839115
0.487994 0.710096
0.487998 0.66468
0.488132 0.0426838
0.488363 0.0253998
0.488427 0.44376
0.488438 0.0253628
0.488579 0.274932
0.488717 0.363935
0.489353 0.639973
0.489452 0.207304
0.489617 0.020566
0.489816 0.0424127
0.489989 0.436672
0.490077 0.503561
0.490085 0.371205
0.490263 0.187643
0.490292 0.530927
0.490569 0.924867
0.490819 0.0103275
0.490863 0.173258
0.490912 0.198692
0.490933 0.352389
0.490969 0.185901
0.491011 0.114851
0.49121 0.483696
0.491321 0.23097
0.491353 0.961611
0.491541 0.435524
0.491611 0.535808
0.491662 0.522646
0.491822 0.500237
0.492261 0.264794
0.492488 0.661887
0.492593 0.262388
0.492744 0.914137
0.492899 0.654144
0.49298 0.623088
0.493236 0.620664
0.493283 0.255291
0.493295 0.793217
0.493437 0.571304
0.493491 0.498864
0.493609 0.514107
0.493656 0.910989
0.493709 0.719483
0.493743 0.363908
0.493773 0.652514
0.493785 0.144592
0.493884 0.105772
0.494043 0.88101
0.494189 0.42659
0.494193 0.657384
0.494282 0.422365
0.494305 0.686662
0.494309 0.245446
0.494436 0.79102
0.494619 0.901977
0.494783 0.0950104
0.49493 0.899211
0.495069 0.557271
0.495203 0.400807
0.495235 0.346607
0.495712 0.39396
0.495845 0.478347
0.495851 0.222434
0.496119 0.363245
0.496329 0.30233
0.496599 0.272331
0.496645 0.154274
0.496977 0.552121
0.497016 0.266325
0.497201 0.278487
0.497531 0.909659
0.497604 0.0158988
0.49778 0.871214
0.498236 0.656234
0.498694 0.990083
0.498714 0.495693
0.498746 0.785157
0.498865 0.989454
0.498968 0.470155
0.499046 0.116677
0.499234 0.639251
0.499308 0.505299
0.49947 0.682014
0.499582 0.690241
0.499696 0.958188
0.49976 0.217776
0.499902 0.256528
0.499916 0.495078
0.500121 0.307871
0.500291 0.852932
0.500432 0.30738
0.500713 0.78185
0.501062 0.150406
0.501139 0.148876
0.501262 0.618487
0.501275 0.2687
0.50129 0.688802
0.501304 0.744501
0.501379 0.298071
0.501483 0.262962
0.501521 0.359572
0.501561 0.962714
0.501613 0.588541
0.501923 0.0112258
0.502134 0.401606
0.502219 0.502941
0.502526 0.219035
0.502616 0.111418
0.502622 0.214913
0.502644 0.00525572
0.502689 0.894749
0.502718 0.997068
0.502724 0.774212
0.502771 0.6537
0.502862 0.330545
0.502989 0.166155
0.502995 0.447071
0.503366 0.758533
0.503431 0.451277
0.503435 0.0424133
0.503436 0.771866
0.503511 0.822382
0.503616 0.0972377
0.503631 0.768522
0.503757 0.758423
0.503936 0.440136
0.504292 0.985983
0.504352 0.574399
0.504363 0.297328
0.504575 0.756327
0.504618 0.136711
0.505317 0.0102742
0.505368 0.283735
0.505419 0.273845
0.505459 0.270897
0.505499 0.863696
0.50552 0.886566
0.505637 0.983358
0.505872 0.127003
0.505935 0.465957
0.506191 0.552065
0.506304 0.659313
0.506312 0.980111
0.506319 0.817978
0.506487 0.267477
0.506501 0.67369
0.506566 0.141745
0.506779 0.0410847
0.507046 0.342248
0.50725 0.513557
0.507349 0.259683
0.50738 0.925155
0.507394 0.541536
0.507486 0.894118
0.50757 0.876869
0.507745 0.990989
0.50791 0.545344
0.508197 0.985768
0.508223 0.982296
0.508429 0.249812
0.508507 0.199301
0.508507 0.239659
0.508977 0.46422
0.509026 0.738412
0.509285 0.217311
0.509312 0.457267
0.509355 0.709625
0.509604 0.0900934
0.510231 0.881991
0.510323 0.844845
0.510346 0.511087
0.510348 0.761967
0.51064 0.581798
0.510828 0.72903
0.510954 0.0380821
0.511161 0.79879
0.511524 0.861915
0.51172 0.956604
0.511767 0.676764
0.511813 0.921168
0.511869 0.543925
0.512008 0.359408
0.512049 0.023686
0.512599 0.797095
0.512611 0.208837
0.512705 0.448114
0.512785 0.76189
0.51283 0.177477
0.513102 0.978747
0.513199 0.250037
0.513599 0.670191
0.51379 0.617412
0.513812 0.567039
0.513886 0.820729
0.514214 0.879614
0.514337 0.499413
0.514979 0.23694
0.515295 0.337997
0.516286 0.262138
0.516543 0.708094
0.516678 0.175431
0.516766 0.864148
0.517151 0.436188
0.517735 0.295144
0.517744 0.539574
0.517957 0.198779
0.518094 0.0291131
0.518141 0.738357
0.518142 0.681979
0.518174 0.834068
0.518253 0.175282
0.518285 0.257779
0.518344 0.85798
0.518455 0.947046
0.518536 0.232989
0.518563 0.232165
0.518588 0.614388
0.518665 0.255599
0.518813 0.110491
0.519239 0.224608
0.519262 0.54057
0.519323 0.830587
0.519548 0.590077
0.519885 0.977882
0.519933 0.224532
0.520126 0.649724
0.52014 0.110067
0.520172 0.134123
0.520495 0.474553
0.520501 0.123537
0.52061 0.255138
0.520902 0.613346
0.521028 0.67923
0.521195 0.818187
0.521407 0.863931
0.521425 0.909045
0.52152 0.092954
0.521616 0.222669
0.5218 0.470726
0.522024 0.435843
0.522066 0.611545
0.522126 0.470688
0.522131 0.667913
0.522818 0.291797
0.523159 0.676029
0.523189 0.227237
0.523373 0.376156
0.523426 0.297959
0.523517 0.783798
0.524013 0.10336
0.524029 0.11526
0.524121 0.46179
0.524187 0.609347
0.524298 0.394036
0.524334 0.538758
0.524614 0.779982
0.52509 0.905976
0.525537 0.441128
0.525556 0.569836
0.525943 0.29663
0.526158 0.972819
0.526312 0.859229
0.526353 0.948467
0.526373 0.338444
0.526485 0.93619
0.5267 0.283816
0.526757 0.355225
0.527122 0.468496
0.527388 0.965811
0.527401 0.355118
0.527508 0.486356
0.52782 0.193409
0.527877 0.935134
0.527912 0.388924
0.528126 0.606384
0.528148 0.851288
0.528169 0.190975
0.528522 0.167298
0.528619 0.946345
0.528697 0.0885315
0.528772 0.816916
0.528807 0.755883
0.528864 0.382938
0.528868 0.0794805
0.52888 0.772549
0.529042 0.553194
0.529097 0.100017
0.529229 0.878265
0.529428 0.262662
0.52944 0.904626
0.529479 0.850455
0.529683 0.694954
0.529923 0.440875
0.530085 0.428588
0.530129 0.597918
0.530213 0.53772
0.530372 0.814006
0.530496 0.451819
0.530778 0.893551
0.53104 0.113461
0.531791 0.418788
0.531966 0.749684
0.531997 0.884168
0.53201 0.585665
0.532027 0.882758
0.532326 0.76654
0.532493 0.239848
0.532547 0.0736572
0.53272 0.54912
0.532923 0.0994294
0.53294 0.932612
0.533033 0.861048
0.533095 0.689576
0.53333 0.221903
0.533797 0.484838
0.534051 0.0997316
0.534093 0.414304
0.534148 0.943549
0.534357 0.0604185
0.534468 0.520152
0.534594 0.84949
0.534871 0.150457
0.535105 0.741429
0.535365 0.175987
0.53537 0.41169
0.535393 0.659536
0.535534 0.0553225
0.535565 0.635175
0.535711 0.466272
0.535753 0.0357984
0.535782 0.328784
0.535797 0.505752
0.536012 0.465966
0.536142 0.899964
0.536448 0.0408796
0.536495 0.104386
0.53654 0.533209
0.536585 0.481316
0.536673 0.339801
0.537148 0.735569
0.537325 0.510494
0.537415 0.926796
0.537525 0.401968
0.537584 0.308218
0.537598 0.934496
0.537676 0.851584
0.537837 0.867976
0.537841 0.755747
0.537845 0.437048
0.537974 0.0984821
0.538027 0.546045
0.538416 0.338852
0.538438 0.338582
0.538523 0.171842
0.538528 0.185741
0.538788 0.654247
0.538896 0.106731
0.539104 0.078284
0.539109 0.53734
0.539185 0.380746
0.539339 0.527585
0.539345 0.118941
0.539421 0.826246
0.539443 0.44868
0.539763 0.821941
0.54035 0.536857
0.540475 0.799438
0.540497 0.584302
0.540504 0.400737
0.540519 0.821909
0.540693 0.0886682
0.540856 0.583584
0.540859 0.847793
0.54091 0.52187
0.541086 0.166853
0.541354 0.338161
0.541354 0.521791
0.541404 0.753951
0.541516 0.892775
0.541596 0.741286
0.541656 0.235978
0.541865 0.347376
0.541917 0.302385
0.542055 0.399726
0.542264 0.720847
0.542302 0.425456
0.542403 0.374131
0.542431 0.505106
0.542485 0.562253
0.542747 0.255549
0.542755 0.177886
0.542793 0.155663
0.542896 0.335214
0.542978 0.480887
0.543059 0.934467
0.543414 0.92634
0.543501 0.418277
0.54351 0.432732
0.54353 0.779435
0.543552 0.917588
0.543765 0.637856
0.543846 0.205246
0.543899 0.424763
0.5441 0.336381
0.544183 0.622895
0.544421 0.202446
0.544815 0.41642
0.544823 0.316298
0.544885 0.799053
0.544924 0.627782
0.544942 0.0459929
0.545079 0.100439
0.545104 0.15472
0.545152 0.247858
0.545323 0.334485
0.545611 0.505952
0.545833 0.649423
0.545851 0.269145
0.546046 0.777966
0.546515 0.379595
0.546614 0.0999893
0.546628 0.416042
0.546741 0.852063
0.546794 0.145032
0.546799 0.183604
0.546941 0.503284
0.547097 0.691707
0.547275 0.516773
0.547278 0.642813
0.54732 0.802026
0.547589 0.475558
0.547649 0.390914
0.547861 0.0926723
0.548043 0.242883
0.548162 0.469869
0.548414 0.230427
0.548628 0.776474
0.548932 0.609646
0.549101 0.81798
0.549188 0.647461
0.549283 0.330149
0.54955 0.224247
0.549558 0.635891
0.549627 0.7102
0.549689 0.614885
0.549939 0.423182
0.549939 0.681265
0.550231 0.10373
0.55032 0.324544
0.550486 0.235627
0.550518 0.319408
0.550633 0.182776
0.55132 0.730309
0.551747 0.678185
0.55181 0.460038
0.551845 0.485477
0.551995 0.457335
0.552109 0.535882
0.552454 0.452235
0.552553 0.201047
0.552634 0.889619
0.552867 0.315313
0.553103 0.880301
0.553234 0.182406
0.553387 0.389684
0.553421 0.223999
0.553446 0.0535227
0.553786 0.521658
0.553811 0.79808
0.554082 0.545481
0.55422 0.196015
0.554279 0.907226
0.554418 0.314061
0.554439 0.544042
0.554542 0.815963
0.554803 0.790462
0.55481 0.567053
0.554961 0.413125
0.554982 0.847838
0.555519 0.616731
0.55557 0.274987
0.556232 0.843428
0.556478 0.860901
0.556854 0.0999254
0.557045 0.706764
0.557467 0.721993
0.557507 0.45624
0.557715 0.322588
0.55772 0.69835
0.557839 0.611851
0.558085 0.481458
0.558328 0.678013
0.5587 0.798713
0.558753 0.445002
0.558792 0.183979
0.558929 0.587386
0.559444 0.0964353
0.559532 0.583304
0.559532 0.451081
0.55955 0.0876194
0.559603 0.465697
0.559707 0.807718
0.559722 0.669285
0.559779 0.220883
0.559812 0.892581
0.559949 0.608948
0.560017 0.803629
0.560123 0.789816
0.560183 0.443137
0.560477 0.234958
0.560748 0.860423
0.560776 0.784261
0.560855 0.472927
0.561434 0.41812
0.561466 0.179078
0.562319 0.60621
0.562561 0.258814
0.562914 0.3119
0.563108 0.604604
0.563505 0.660598
0.563618 0.466121
0.56365 0.256194
0.563749 0.116382
0.563774 0.863686
0.563796 0.490499
0.564236 0.634417
0.564365 0.113621
0.56498 0.845163
0.564999 0.653957
0.565018 0.574578
0.565049 0.220137
0.565211 0.208313
0.565266 0.883656
0.565415 0.639261
0.566218 0.311731
0.566317 0.633879
0.566327 0.175894
0.566534 0.667248
0.566654 0.563533
0.567022 0.283302
0.567606 0.711879
0.567656 0.24062
0.568087 0.91621
0.568128 0.829924
0.568446 0.139663
0.568504 0.823687
0.569006 0.0790709
0.569023 0.841144
0.569566 0.517498
0.569694 0.711434
0.569762 0.784298
0.570086 0.159336
0.57016 0.300887
0.57019 0.404751
0.570466 0.482386
0.570473 0.722938
0.570717 0.224028
0.570751 0.618747
0.57082 0.0755689
0.571277 0.562938
0.571505 0.289656
0.571575 0.740348
0.571752 0.611942
0.571798 0.450548
0.571799 0.797979
0.571937 0.783331
0.572009 0.560162
0.572052 0.259436
0.572191 0.511723
0.572295 0.308769
0.572595 0.277525
0.572707 0.604565
0.572856 0.173837
0.572934 0.288661
0.573092 0.136012
0.573115 0.823161
0.573503 0.167506
0.573574 0.547793
0.573858 0.775884
0.574096 0.253732
0.574345 0.543436
0.574347 0.122343
0.574985 0.793918
0.575034 0.359144
0.575146 0.441513
0.575384 0.675906
0.575387 0.411728
0.575623 0.252963
0.575646 0.108597
0.575803 0.534126
0.575873 0.702048
0.575942 0.459261
0.576038 0.233069
0.576315 0.594636
0.576374 0.861224
0.576473 0.493708
0.576614 0.781674
0.576641 0.194026
0.576842 0.52587
0.576872 0.275207
0.576976 0.409104
0.576979 0.860597
0.577017 0.0848403
0.577326 0.718962
0.577394 0.357719
0.577601 0.265548
0.577718 0.61555
0.577779 0.106848
0.577783 0.780264
0.577798 0.522378
0.577812 0.522111
0.577949 0.808034
0.577983 0.768042
0.578459 0.317258
0.57856 0.764805
0.578723 0.816153
0.578751 0.115732
0.578759 0.207732
0.579207 0.772951
0.579624 0.815134
0.579705 0.57385
0.579911 0.0836436
0.58005 0.421102
0.580764 0.228207
0.581032 0.242915
0.581054 0.738611
0.581164 0.375703
0.581268 0.419173
0.581334 0.270673
0.581452 0.252495
0.581592 0.59294
0.581754 0.674374
0.581861 0.689517
0.582022 0.110358
0.582095 0.712916
0.582153 0.66847
0.582406 0.541311
0.582571 0.804117
0.5827 0.23702
0.582768 0.3484
0.58282 0.772513
0.583012 0.654223
0.583221 0.189675
0.583607 0.784472
0.583693 0.539385
0.583842 0.364577
0.58415 0.292272
0.584382 0.466343
0.5846 0.452036
0.584849 0.839834
0.58494 0.733689
0.584984 0.588056
0.585387 0.809767
0.585856 0.804703
0.585858 0.491779
0.585876 0.774748
0.586525 0.534149
0.586718 0.801395
0.58684 0.227256
0.587381 0.650631
0.587708 0.518525
0.587771 0.711376
0.587788 0.340647
0.58794 0.459815
0.587964 0.187495
0.58826 0.261743
0.588272 0.179018
0.588437 0.8299
0.588738 0.649116
0.588852 0.499356
0.589204 0.757177
0.58924 0.587334
0.589598 0.232646
0.589647 0.748798
0.589753 0.498156
0.589807 0.526392
0.590278 0.74486
0.590513 0.223917
0.590565 0.8246
0.590587 0.612527
0.590602 0.834633
0.590631 0.686869
0.591746 0.310841
0.591918 0.249507
0.591974 0.414227
0.592024 0.106686
0.592707 0.547703
0.593102 0.535509
0.593445 0.397414
0.593491 0.610675
0.593672 0.677651
0.593698 0.701046
0.594141 0.834002
0.594301 0.231193
0.594452 0.887216
0.594694 0.822261
0.594864 0.261846
0.594909 0.802529
0.594977 0.205149
0.595063 0.172195
0.595066 0.190604
0.595491 0.830953
0.595892 0.525629
0.596409 0.821497
0.596453 0.241216
0.596919 0.235213
0.59708 0.666462
0.597109 0.801806
0.597326 0.565746
0.59752 0.127522
0.597669 0.90148
0.597681 0.348949
0.597827 0.392134
0.59788 0.810621
0.597914 0.523614
0.597931 0.47833
0.598215 0.45961
0.598631 0.215929
0.598857 0.641381
0.598956 0.706277
0.599072 0.742817
0.599827 0.451841
0.599855 0.231694
0.59986 0.100101
0.59995 0.803297
0.59997 0.665
0.600146 0.729924
0.600218 0.409107
0.60022 0.579787
0.600329 0.795407
0.600387 0.546437
0.600487 0.211253
0.600799 0.569972
0.601087 0.32467
0.601251 0.228095
0.601354 0.256312
0.601472 0.889618
0.60151 0.556731
0.601598 0.347969
0.60162 0.805645
0.601781 0.605203
0.602318 0.551698
0.602501 0.496192
0.602599 0.56772
0.602821 0.88764
0.60289 0.12654
0.602916 0.25362
0.60329 0.166616
0.603871 0.477233
0.603882 0.605963
0.6039 0.223163
0.604612 0.521524
0.604744 0.619103
0.604895 0.527487
0.605028 0.520231
0.605187 0.599573
0.605672 0.584539
0.605863 0.495848
0.606495 0.595352
0.606498 0.407957
0.606722 0.788873
0.606783 0.495363
0.606899 0.626734
0.607094 0.414027
0.607102 0.288809
0.607289 0.511412
0.607355 0.858647
0.607539 0.720819
0.607672 0.799245
0.607758 0.397773
0.607969 0.557639
0.60797 0.286318
0.608192 0.373739
0.608348 0.391609
0.608603 0.391363
0.608625 0.809281
0.608697 0.847802
0.608753 0.857878
0.608926 0.693844
0.609071 0.552863
0.609229 0.626115
0.609347 0.207302
0.609422 0.798456
0.609449 0.471073
0.609461 0.30142
0.609655 0.369686
0.609814 0.548359
0.610107 0.344069
0.610325 0.447517
0.61079 0.423266
0.610866 0.362196
0.611023 0.759097
0.611161 0.413008
0.611217 0.260518
0.61122 0.592269
0.611597 0.33592
0.611616 0.772939
0.611782 0.125853
0.611791 0.35959
0.612039 0.755116
0.612161 0.552743
0.612854 0.754428
0.613095 0.409108
0.61316 0.549958
0.613253 0.511036
0.613271 0.307832
0.613408 0.219192
0.613488 0.19043
0.613596 0.60667
0.613941 0.137746
0.614002 0.446724
0.614006 0.854956
0.614169 0.404558
0.614385 0.692662
0.615266 0.764795
0.615459 0.295599
0.615787 0.324751
0.615868 0.684731
0.61588 0.733439
0.616504 0.680676
0.616864 0.509058
0.616912 0.835481
0.616978 0.524816
0.61714 0.121087
0.617154 0.284574
0.617342 0.135345
0.617684 0.234096
0.617743 0.289082
0.617869 0.226431
0.617938 0.87104
0.618134 0.157388
0.618394 0.803259
0.618517 0.504343
0.618698 0.71021
0.618765 0.860976
0.619003 0.21552
0.619126 0.211987
0.619291 0.771168
0.619685 0.31979
0.620043 0.43327
0.620097 0.66937
0.620174 0.680606
0.620214 0.750355
0.620355 0.332298
0.620759 0.47429
0.621455 0.705861
0.621511 0.584075
0.621654 0.595204
0.621716 0.216789
0.62176 0.853691
0.621857 0.279794
0.621959 0.205174
0.62197 0.206222
0.62215 0.171663
0.622265 0.126425
0.622266 0.655805
0.622309 0.636078
0.622334 0.747188
0.622665 0.59459
0.622713 0.401041
0.622992 0.766022
0.623429 0.450213
0.623483 0.783589
0.623722 0.178848
0.624035 0.234516
0.624528 0.285815
0.624859 0.425268
0.624884 0.3611
0.624897 0.68029
0.625042 0.395049
0.625067 0.780232
0.62521 0.377372
0.625528 0.394154
0.625664 0.798819
0.625769 0.472413
0.625833 0.450122
0.625933 0.421424
0.626131 0.728812
0.626654 0.261972
0.626815 0.69785
0.626872 0.712395
0.626986 0.588312
0.626986 0.259727
0.627553 0.319029
0.627673 0.507475
0.627858 0.753023
0.628071 0.285672
0.628084 0.620246
0.628098 0.420543
0.628391 0.765999
0.6284 0.392927
0.62847 0.548125
0.628479 0.860786
0.628727 0.765833
0.628772 0.748145
0.629217 0.530913
0.629256 0.567303
0.629354 0.30674
0.629687 0.738727
0.629729 0.465321
0.629796 0.171242
0.629845 0.697522
0.63005 0.255316
0.630424 0.233143
0.630548 0.448156
0.630728 0.456522
0.63074 0.389614
0.630849 0.524604
0.630874 0.431156
0.63089 0.562172
0.631274 0.201018
0.631275 0.159391
0.63132 0.429175
0.631482 0.271413
0.631569 0.198102
0.631618 0.737826
0.631716 0.46358
0.631951 0.689561
0.632051 0.596855
0.63213 0.596825
0.632228 0.28989
0.632293 0.231413
0.632389 0.78409
0.632395 0.847484
0.632466 0.339908
0.633014 0.153544
0.633162 0.73454
0.633703 0.472334
0.63379 0.235391
0.634047 0.152467
0.6345 0.144641
0.634708 0.142111
0.634887 0.452527
0.634889 0.681294
0.634933 0.708453
0.634989 0.631598
0.635323 0.762266
0.635947 0.176419
0.636216 0.267293
0.636303 0.711697
0.636334 0.674833
0.636552 0.418278
0.636961 0.192725
0.637118 0.372176
0.637253 0.226776
0.637387 0.434924
0.63764 0.314167
0.63764 0.5907
0.63793 0.70924
0.637968 0.577962
0.638183 0.173817
0.63831 0.667627
0.638589 0.782754
0.638659 0.846004
0.638679 0.321871
0.638907 0.845932
0.639027 0.222269
0.639397 0.141553
0.639458 0.452126
0.639712 0.522134
0.639923 0.812938
0.639933 0.303444
0.640361 0.613564
0.64043 0.589791
0.640463 0.616383
0.640481 0.208878
0.640547 0.498408
0.640654 0.36082
0.640681 0.57679
0.640701 0.359343
0.64082 0.759586
0.640861 0.657069
0.640943 0.425864
0.641118 0.850348
0.641356 0.492919
0.641597 0.295939
0.642054 0.720403
0.642097 0.782039
0.642107 0.759399
0.642222 0.233626
0.642233 0.471621
0.642331 0.510866
0.642514 0.752769
0.642698 0.570055
0.642967 0.470714
0.643121 0.718758
0.643347 0.207089
0.644711 0.274663
0.644806 0.651302
0.645252 0.648257
0.645289 0.22185
0.645347 0.840385
0.645371 0.781968
0.645468 0.554803
0.645552 0.385968
0.645637 0.14714
0.645832 0.76432
0.645884 0.420834
0.646457 0.300051
0.647165 0.414242
0.647338 0.614918
0.647646 0.271852
0.6478 0.608662
0.647987 0.608083
0.648129 0.582154
0.64857 0.384749
0.64862 0.493399
0.648704 0.287393
0.648914 0.242223
0.648941 0.414058
0.649451 0.686925
0.649671 0.262438
0.649675 0.824303
0.649811 0.270923
0.649845 0.599058
0.649848 0.575566
0.650012 0.748573
0.650099 0.607007
0.650247 0.554012
0.650259 0.203177
0.650435 0.400599
0.65077 0.487312
0.650863 0.568078
0.650881 0.777381
0.650932 0.254441
0.65112 0.470335
0.651275 0.240019
0.651709 0.321459
0.652205 0.590539
0.652344 0.74164
0.653185 0.346413
0.653244 0.221934
0.653448 0.775808
0.653686 0.560765
0.653968 0.669961
0.653999 0.665969
0.654308 0.335484
0.654477 0.706836
0.655189 0.763767
0.655342 0.218841
0.655354 0.509616
0.655394 0.21738
0.655418 0.324768
0.655541 0.383949
0.6556 0.656066
0.655966 0.636463
0.65637 0.189767
0.656714 0.359681
0.657359 0.351945
0.657613 0.604803
0.657664 0.402145
0.657781 0.602417
0.657791 0.504684
0.658397 0.806353
0.658472 0.626834
0.658782 0.268956
0.659039 0.35102
0.659069 0.236719
0.659231 0.551036
0.659277 0.478026
0.659468 0.268329
0.659484 0.359583
0.659805 0.253267
0.660346 0.476266
0.660717 0.813341
0.660787 0.4652
0.660874 0.532062
0.66185 0.265528
0.66197 0.703306
0.662425 0.549302
0.662476 0.457225
0.662587 0.290296
0.662789 0.761422
0.66279 0.776168
0.662929 0.462881
0.663118 0.221212
0.663515 0.221148
0.66354 0.569354
0.663854 0.258013
0.664249 0.721952
0.66425 0.338651
0.664349 0.735082
0.664359 0.64388
0.665256 0.631359
0.665485 0.202332
0.66559 0.581865
0.66664 0.399228
0.667216 0.180918
0.667881 0.823871
0.668216 0.800088
0.668387 0.795046
0.668653 0.793367
0.668719 0.713169
0.669185 0.725582
0.669204 0.485454
0.66926 0.347558
0.67026 0.539578
0.670544 0.702813
0.671242 0.534473
0.671259 0.807115
0.671534 0.208902
0.671594 0.529874
0.671778 0.70715
0.671876 0.437369
0.671912 0.697206
0.672552 0.321078
0.672823 0.601833
0.672824 0.72497
0.672962 0.667139
0.673728 0.221006
0.674179 0.184818
0.674436 0.760688
0.674784 0.553847
0.674912 0.477521
0.67495 0.199611
0.674974 0.803405
0.675003 0.79636
0.675007 0.760659
0.675045 0.720788
0.675112 0.771461
0.6754 0.281866
0.675451 0.684593
0.675763 0.516376
0.676051 0.503327
0.676503 0.694844
0.676533 0.300427
0.677148 0.58729
0.677345 0.498615
0.677914 0.752842
0.678904 0.528354
0.678972 0.255421
0.678994 0.496405
0.679127 0.426475
0.679278 0.647426
0.679507 0.684242
0.679648 0.289473
0.679926 0.646507
0.679963 0.286465
0.680074 0.458659
0.680574 0.627012
0.680619 0.263271
0.681064 0.184511
0.681086 0.487195
0.681332 0.258128
0.681456 0.506178
0.681642 0.497019
0.682191 0.809033
0.682317 0.244009
0.682472 0.682329
0.682612 0.455252
0.682839 0.2571
0.682957 0.748475
0.683075 0.38087
0.683131 0.713921
0.683164 0.422395
0.683906 0.435896
0.684528 0.252134
0.684594 0.65036
0.684633 0.243045
0.684943 0.19903
0.685039 0.485043
0.685061 0.80416
0.685079 0.524657
0.685117 0.543455
0.685724 0.408376
0.685865 0.205497
0.68605 0.477691
0.686291 0.667142
0.686892 0.482791
0.686963 0.541409
0.687046 0.550961
0.687095 0.540189
0.687116 0.621045
0.687506 0.793279
0.68784 0.549967
0.687925 0.45291
0.68854 0.661704
0.688587 0.738211
0.688602 0.371973
0.688761 0.276156
0.688762 0.449913
0.689011 0.574522
0.689278 0.190748
0.689341 0.655057
0.689414 0.273407
0.689634 0.749075
0.690222 0.737435
0.690402 0.515904
0.690503 0.789225
0.690955 0.198193
0.69102 0.580192
0.691088 0.55502
0.6917 0.636647
0.691825 0.511913
0.69207 0.684127
0.69209 0.349543
0.693162 0.328455
0.69317 0.30121
0.693215 0.379072
0.693932 0.318831
0.69459 0.788092
0.694878 0.480357
0.695407 0.779217
0.695466 0.25574
0.695823 0.576259
0.695884 0.449443
0.696763 0.711687
0.696886 0.650133
0.697177 0.711207
0.697463 0.317021
0.697808 0.636539
0.698397 0.400677
0.698507 0.460275
0.698726 0.377933
0.699036 0.519158
0.699606 0.6462
0.699895 0.789554
0.700276 0.291079
0.700663 0.734238
0.70092 0.537315
0.701802 0.451714
0.701869 0.377155
0.702003 0.351651
0.702187 0.783618
0.702392 0.695525
0.702618 0.387482
0.702742 0.446985
0.702808 0.529018
0.703558 0.376095
0.70417 0.299919
0.704206 0.498752
0.704497 0.345412
0.704528 0.74872
0.70464 0.643093
0.704784 0.779104
0.705051 0.746038
0.705268 0.770895
0.705283 0.533365
0.705285 0.781515
0.705317 0.484136
0.706047 0.568004
0.706263 0.227852
0.706383 0.526247
0.706597 0.402579
0.70704 0.530971
0.707502 0.634709
0.707665 0.681453
0.707869 0.375078
0.70798 0.717505
0.708439 0.769048
0.70881 0.6593
0.709178 0.213379
0.710548 0.218684
0.710648 0.440797
0.711027 0.487258
0.711177 0.743919
0.71152 0.503981
0.711528 0.4787
0.711871 0.316974
0.711936 0.424803
0.712641 0.677345
0.712705 0.711558
0.712737 0.475529
0.713151 0.243052
0.713179 0.461952
0.71336 0.421011
0.713864 0.695395
0.714304 0.495073
0.714385 0.685758
0.714917 0.631506
0.715272 0.47248
0.715328 0.230022
0.715378 0.305028
0.715404 0.544073
0.71568 0.462062
0.715743 0.485037
0.7161 0.262631
0.716162 0.468759
0.716302 0.781161
0.716401 0.568494
0.716665 0.369065
0.71694 0.409283
0.717146 0.620064
0.717285 0.677188
0.717375 0.520751
0.717423 0.262013
0.717564 0.460401
0.717649 0.328556
0.717811 0.586618
0.717852 0.231399
0.717867 0.619042
0.717908 0.295479
0.717974 0.221072
0.718141 0.578536
0.71887 0.745568
0.719429 0.780273
0.719439 0.755663
0.719985 0.45858
0.720463 0.684259
0.720505 0.602917
0.720722 0.488905
0.720761 0.647338
0.720839 0.327515
0.721007 0.594559
0.721011 0.46162
0.721035 0.742712
0.721069 0.775088
0.72176 0.711145
0.721924 0.222749
0.722359 0.547841
0.722361 0.473635
0.722516 0.569988
0.722728 0.400596
0.723129 0.473106
0.723301 0.608556
0.723412 0.739999
0.723449 0.565079
0.723869 0.733569
0.723929 0.408013
0.724184 0.399252
0.724327 0.738811
0.724713 0.296206
0.725029 0.395858
0.726506 0.348221
0.7267 0.620439
0.7268 0.598454
0.726852 0.751167
0.726901 0.263839
0.727064 0.485442
0.727392 0.748486
0.727416 0.262394
0.727492 0.594291
0.727603 0.323909
0.727753 0.563748
0.728067 0.613668
0.728291 0.374143
0.72836 0.676711
0.728951 0.514711
0.729024 0.640739
0.729169 0.638741
0.729247 0.343976
0.729451 0.232875
0.72964 0.717227
0.730843 0.599073
0.731558 0.729116
0.731644 0.424368
0.73172 0.415492
0.731772 0.553966
0.73193 0.705599
0.73214 0.704384
0.732163 0.510204
0.732253 0.295012
0.73298 0.3386
0.733063 0.551338
0.733167 0.467702
0.733414 0.366054
0.733497 0.467299
0.733504 0.335367
0.733544 0.395193
0.733663 0.334358
0.734365 0.504539
0.735252 0.383294
0.735329 0.363062
0.735611 0.720018
0.736239 0.533617
0.736257 0.383039
0.736341 0.270287
0.73678 0.562657
0.737206 0.387119
0.737587 0.370597
0.737681 0.690138
0.738277 0.683143
0.738477 0.503883
0.739166 0.323381
0.739181 0.532292
0.739188 0.365069
0.73923 0.500942
0.739561 0.380583
0.739712 0.339268
0.740033 0.592162
0.740041 0.290724
0.740061 0.660367
0.740124 0.702624
0.740273 0.60599
0.740329 0.53046
0.740396 0.717847
0.74051 0.521121
0.74088 0.289732
0.741078 0.637341
0.741122 0.64401
0.741177 0.447558
0.741534 0.487927
0.741537 0.430859
0.7419 0.481865
0.742318 0.702456
0.742396 0.580357
0.742453 0.576751
0.742462 0.33226
0.742764 0.366862
0.743759 0.350399
0.743899 0.646226
0.743934 0.52953
0.744314 0.330344
0.744539 0.366295
0.74543 0.297793
0.745437 0.470913
0.745466 0.429484
0.745698 0.327266
0.74606 0.327274
0.746074 0.715802
0.747002 0.323191
0.747088 0.466182
0.747115 0.576933
0.747224 0.687003
0.747232 0.251987
0.747548 0.622154
0.747698 0.484601
0.747984 0.584213
0.748267 0.697612
0.748549 0.687546
0.748754 0.45027
0.748908 0.666918
0.749061 0.631291
0.749106 0.617678
0.74941 0.603542
0.749536 0.739191
0.749636 0.715743
0.749711 0.251867
0.750227 0.658952
0.75049 0.317048
0.751195 0.694112
0.751205 0.597962
0.752655 0.61409
0.752711 0.286737
0.752824 0.387154
0.753122 0.590828
0.753449 0.484283
0.753483 0.314784
0.753605 0.636039
0.753651 0.385072
0.753668 0.409923
0.754362 0.4466
0.754363 0.279337
0.754396 0.610334
0.754708 0.369351
0.754767 0.480896
0.755217 0.633736
0.755478 0.551956
0.755578 0.342544
0.755784 0.726679
0.756279 0.623089
0.756319 0.443604
0.756683 0.318504
0.756918 0.271874
0.757398 0.455294
0.757434 0.264648
0.757689 0.31564
0.757732 0.383549
0.758244 0.428757
0.758933 0.400176
0.758944 0.325873
0.759053 0.425944
0.759054 0.666229
0.759382 0.391889
0.759988 0.341365
0.760203 0.45509
0.760359 0.707921
0.76038 0.641039
0.76059 0.385291
0.760674 0.58787
0.761171 0.478767
0.761251 0.365662
0.761789 0.627249
0.761912 0.475636
0.762265 0.572095
0.762555 0.376568
0.762579 0.323158
0.763426 0.267842
0.764222 0.490111
0.76431 0.723481
0.764452 0.582953
0.764661 0.511357
0.7651 0.362814
0.765293 0.571686
0.765556 0.453107
0.765873 0.48268
0.766005 0.718614
0.766011 0.605143
0.766064 0.548388
0.766266 0.429935
0.766892 0.53291
0.767228 0.463754
0.767363 0.373331
0.767557 0.447327
0.767616 0.334196
0.767795 0.584864
0.768046 0.529163
0.76829 0.523806
0.768547 0.626122
0.768698 0.482057
0.769073 0.424838
0.769303 0.598277
0.769565 0.522987
0.769639 0.358467
0.770723 0.580893
0.770756 0.438247
0.771628 0.536284
0.771845 0.580095
0.772313 0.295425
0.7729 0.322308
0.772951 0.726456
0.773007 0.312303
0.773173 0.413059
0.773223 0.55791
0.773269 0.472252
0.773489 0.720084
0.773684 0.496131
0.77395 0.283441
0.774022 0.2802
0.774028 0.436298
0.775083 0.276291
0.775993 0.70553
0.776421 0.480916
0.776987 0.480155
0.777201 0.677567
0.777238 0.584273
0.777702 0.625529
0.777829 0.32739
0.778167 0.431393
0.778655 0.288621
0.778734 0.689506
0.778863 0.340106
0.77893 0.339191
0.779117 0.337995
0.779257 0.555363
0.780234 0.355719
0.780367 0.486358
0.780453 0.466573
0.780803 0.718668
0.781481 0.71698
0.781661 0.684493
0.781772 0.287292
0.782027 0.62042
0.783407 0.583039
0.783523 0.66526
0.783616 0.478509
0.784255 0.529099
0.7847 0.523392
0.784754 0.463439
0.786642 0.574013
0.786748 0.581358
0.787181 0.573896
0.787469 0.353735
0.787484 0.683435
0.788019 0.517106
0.788417 0.580801
0.788827 0.342782
0.788939 0.65706
0.789291 0.335907
0.789562 0.548513
0.789753 0.672912
0.789849 0.427096
0.790149 0.341869
0.790231 0.664045
0.790574 0.419488
0.791007 0.416415
0.791032 0.66349
0.791209 0.333488
0.792082 0.32846
0.79251 0.540664
0.792522 0.459988
0.792621 0.654303
0.793211 0.69154
0.793229 0.683134
0.79329 0.332685
0.79408 0.352511
0.794105 0.554467
0.794424 0.379102
0.794818 0.476648
0.795031 0.677768
0.796114 0.326564
0.796407 0.498546
0.796698 0.543147
0.797073 0.586284
0.797102 0.645882
0.797502 0.495608
0.797956 0.383577
0.797982 0.687299
0.798595 0.343735
0.798743 0.541691
0.799005 0.368535
0.79912 0.310255
0.799662 0.338821
0.800101 0.435903
0.800794 0.322831
0.801041 0.355522
0.801343 0.518035
0.801486 0.311772
0.801947 0.512783
0.802391 0.354506
0.803542 0.311464
0.804154 0.434361
0.80478 0.462891
0.804914 0.308676
0.805056 0.488718
0.806114 0.464196
0.806988 0.677892
0.807003 0.597927
0.80713 0.507321
0.808653 0.531752
0.810166 0.37289
0.811 0.485855
0.811058 0.314381
0.811319 0.616854
0.811616 0.496547
0.812105 0.629855
0.812429 0.455625
0.812683 0.457958
0.812999 0.58461
0.813081 0.58398
0.815038 0.474505
0.815937 0.517532
0.81595 0.409316
0.815981 0.358127
0.816247 0.349856
0.8166 0.543048
0.817694 0.370141
0.817704 0.486437
0.817893 0.347181
0.818904 0.574087
0.819006 0.626188
0.820256 0.631631
0.820258 0.514426
0.820932 0.481186
0.821024 0.573453
0.821126 0.525252
0.821707 0.368631
0.821784 0.548263
0.822635 0.439818
0.822657 0.54532
0.822708 0.336537
0.823092 0.34367
0.823354 0.336123
0.823578 0.444803
0.823946 0.543758
0.824164 0.384143
0.824227 0.605801
0.824462 0.505303
0.824481 0.368316
0.824548 0.500556
0.8247 0.519562
0.825424 0.384081
0.825498 0.509972
0.825686 0.367087
0.825821 0.612683
0.825933 0.336968
0.826762 0.611059
0.827159 0.651526
0.827408 0.509274
0.830023 0.535342
0.830211 0.374421
0.831296 0.371035
0.831307 0.580062
0.831725 0.336863
0.831815 0.409169
0.831835 0.361389
0.832608 0.44418
0.832787 0.360535
0.833823 0.460242
0.834068 0.509206
0.834344 0.452102
0.835232 0.443193
0.835438 0.346282
0.83752 0.60821
0.838058 0.604402
0.838114 0.492382
0.838114 0.575443
0.838232 0.624694
0.838701 0.473003
0.840276 0.568866
0.840422 0.534091
0.840957 0.47294
0.841292 0.517132
0.841536 0.436293
0.841547 0.557196
0.841876 0.346015
0.842319 0.571652
0.84234 0.621954
0.842627 0.4054
0.842783 0.556088
0.842804 0.469711
0.842938 0.566186
0.843279 0.494822
0.843281 0.453376
0.843862 0.449732
0.843871 0.402615
0.844711 0.545276
0.845 0.555572
0.846006 0.528064
0.846289 0.507458
0.846386 0.54409
0.846498 0.360227
0.847089 0.626566
0.847356 0.512782
0.847791 0.552189
0.847809 0.448616
0.847891 0.395193
0.84825 0.494738
0.848438 0.618488
0.850007 0.563734
0.850333 0.614298
0.850471 0.54068
0.85056 0.444427
0.850631 0.530117
0.850754 0.426835
0.853051 0.511843
0.853385 0.357686
0.853596 0.61245
0.853999 0.387608
0.854006 0.372971
0.854368 0.607899
0.856485 0.358682
0.857175 0.474512
0.857393 0.357521
0.857972 0.602465
0.858118 0.61974
0.858658 0.509495
0.859004 0.417998
0.859117 0.629724
0.859444 0.508925
0.859867 0.451414
0.86 0.4408
0.860006 0.49385
0.860191 0.539808
0.860243 0.585932
0.860648 0.461055
0.861097 0.530022
0.861967 0.439298
0.862063 0.578752
0.862919 0.413978
0.863019 0.504074
0.863107 0.626919
0.86319 0.398591
0.863228 0.549946
0.863445 0.493164
0.863932 0.540874
0.863945 0.616011
0.864686 0.398164
0.867045 0.539657
0.867106 0.446159
0.868091 0.370299
0.868268 0.595173
0.868962 0.501953
0.869246 0.385926
0.869547 0.614383
0.870641 0.480294
0.870968 0.424356
0.871324 0.53173
0.871678 0.622278
0.872469 0.445717
0.873601 0.476772
0.873664 0.586286
0.874706 0.593922
0.875166 0.585807
0.8752 0.574536
0.875708 0.584522
0.875907 0.424048
0.877058 0.580331
0.878278 0.539563
0.87861 0.470119
0.879642 0.444158
0.879656 0.39808
0.879953 0.530963
0.88 0.521567
0.880013 0.441176
0.880027 0.4291
0.881371 0.558258
0.881519 0.57904
0.882357 0.615282
0.883185 0.516904
0.883504 0.386022
0.883578 0.460116
0.884113 0.613675
0.885113 0.550891
0.885698 0.5429
0.885887 0.537722
0.886276 0.43474
0.887017 0.501099
0.887054 0.433518
0.887891 0.510995
0.889194 0.405875
0.889582 0.587645
0.889689 0.609034
0.889968 0.482418
0.890735 0.605167
0.890916 0.4052
0.891081 0.42801
0.891348 0.423561
0.891462 0.577376
0.892483 0.493318
0.892972 0.402628
0.893812 0.479427
0.893986 0.427062
0.896034 0.536313
0.896145 0.509946
0.896783 0.455406
0.897474 0.418194
0.897553 0.532973
0.898757 0.459044
0.899493 0.496382
0.89974 0.412818
0.900349 0.455134
0.901087 0.532659
0.902631 0.547468
0.903675 0.498436
0.904497 0.458859
0.904505 0.455725
0.904768 0.477272
0.906928 0.473154
0.906929 0.585116
0.907161 0.577651
0.907247 0.445905
0.908542 0.529245
0.908544 0.570358
0.909221 0.472751
0.910144 0.454952
0.910197 0.467656
0.91099 0.496877
0.91162 0.415789
0.912184 0.565227
0.913146 0.48389
0.913192 0.464265
0.91395 0.525882
0.914121 0.477131
0.914327 0.445128
0.914405 0.561548
0.914574 0.511174
0.914831 0.559307
0.915246 0.456301
0.91767 0.440658
0.91773 0.553581
0.918375 0.505586
0.918683 0.440526
0.921071 0.532457
0.921703 0.490859
0.922532 0.541495
0.922856 0.534981
0.92338 0.4667
0.923849 0.505255
0.927072 0.490063
0.927794 0.490898
0.928075 0.529546
0.928168 0.505062
0.928219 0.457285
0.928356 0.466611
0.929387 0.457243
0.930127 0.431191
0.932005 0.504739
0.932152 0.466443
0.935439 0.534795
0.936795 0.562354
0.937571 0.558736
0.9385 0.556144
0.940548 0.44077
0.942619 0.52914
0.943604 0.474551
0.944096 0.517569
0.944762 0.452412
0.945631 0.465539
0.946017 0.546851
0.946484 0.490139
0.946874 0.487304
0.947617 0.462872
0.948269 0.541846
0.948678 0.462013
0.950035 0.484308
0.953298 0.514684
0.954889 0.461218
0.955802 0.482151
0.957475 0.539168
0.957617 0.460439
0.9584 0.480132
0.959931 0.533039
0.965366 0.522766
0.965542 0.512909
0.967692 0.467983
0.971041 0.506053
0.975665 0.511242
0.976197 0.504955
0.979336 0.501903
0.980273 0.49221
0.988221 0.489336
0.994123 0.498093
0.994251 0.496315
