0.0123519 0.503213
0.0338804 0.495531
0.0404178 0.532412
0.0406046 0.531657
0.0413422 0.530678
0.0488691 0.528292
0.0514966 0.549624
0.0557748 0.544231
0.0572423 0.456451
0.0572804 0.533052
0.0690729 0.472348
0.0731925 0.572612
0.0740755 0.527538
0.0752979 0.50806
0.0791741 0.442501
0.0825799 0.432511
0.0846104 0.576538
0.0893873 0.490574
0.0918463 0.523091
0.0928414 0.512649
0.0934003 0.408819
0.0965241 0.486232
0.0979339 0.484808
0.09882 0.595887
0.0989942 0.593085
0.100033 0.450499
0.100992 0.44815
0.102216 0.403239
0.102973 0.566463
0.104454 0.447644
0.105497 0.574398
0.105645 0.590062
0.10574 0.586249
0.1064 0.50941
0.107618 0.560875
0.108576 0.477708
0.108629 0.436193
0.10999 0.535276
0.111352 0.599709
0.112132 0.396915
0.117759 0.478003
0.120319 0.532971
0.121279 0.537672
0.121601 0.426908
0.122118 0.537431
0.122793 0.456752
0.122868 0.521029
0.122999 0.581299
0.123298 0.476354
0.123411 0.416444
0.123488 0.514696
0.123516 0.609187
0.126014 0.454763
0.126272 0.445527
0.127455 0.586859
0.130079 0.597451
0.132727 0.493778
0.134608 0.563404
0.138622 0.637456
0.139531 0.491328
0.139731 0.583173
0.140412 0.405234
0.140432 0.416047
0.141558 0.519639
0.143603 0.583082
0.14387 0.637103
0.144171 0.513678
0.148686 0.497062
0.150902 0.451461
0.152256 0.393933
0.153267 0.473658
0.153408 0.381983
0.154424 0.598948
0.154664 0.358578
0.155196 0.49605
0.156867 0.647661
0.158228 0.485918
0.159172 0.482798
0.159199 0.636031
0.159401 0.614524
0.160821 0.415183
0.160954 0.455351
0.162647 0.450315
0.166093 0.468598
0.166658 0.465174
0.168037 0.64171
0.168153 0.377516
0.169372 0.440668
0.169812 0.65862
0.173128 0.650055
0.173597 0.588303
0.17428 0.588112
0.174451 0.587015
0.174584 0.435689
0.17701 0.456241
0.177772 0.353602
0.178584 0.408096
0.180417 0.49836
0.181486 0.408033
0.181709 0.428291
0.181825 0.41892
0.183866 0.547247
0.1852 0.434551
0.185213 0.396405
0.186634 0.58037
0.187136 0.416255
0.187673 0.379697
0.187681 0.540136
0.189572 0.491185
0.189762 0.577661
0.191379 0.606633
0.191635 0.456203
0.192303 0.371523
0.192441 0.690635
0.195414 0.352012
0.195786 0.646642
0.196094 0.626059
0.196979 0.59711
0.198019 0.688594
0.198725 0.430594
0.200379 0.691722
0.200756 0.483762
0.20155 0.588523
0.20221 0.384938
0.204933 0.557876
0.20513 0.324136
0.205424 0.312188
0.207214 0.67845
0.208494 0.407735
0.208679 0.686214
0.209032 0.672249
0.209261 0.526224
0.210104 0.453081
0.21021 0.586239
0.210339 0.44767
0.211185 0.705486
0.212129 0.419762
0.212839 0.539112
0.21329 0.358324
0.213775 0.28769
0.213911 0.481089
0.214611 0.659283
0.216267 0.285143
0.217088 0.438767
0.218699 0.378486
0.219332 0.469157
0.219479 0.398034
0.219575 0.474207
0.220186 0.59588
0.220264 0.28428
0.221763 0.65409
0.222042 0.375634
0.224254 0.430537
0.225657 0.721195
0.226322 0.361783
0.2276 0.334212
0.22777 0.710931
0.228289 0.525738
0.228751 0.709077
0.228834 0.582603
0.229311 0.502338
0.23048 0.603546
0.23052 0.538301
0.230786 0.60142
0.230791 0.472573
0.231269 0.649755
0.231341 0.527595
0.23287 0.306648
0.233386 0.468793
0.233848 0.419424
0.234564 0.394314
0.234679 0.730655
0.236138 0.326073
0.237612 0.51453
0.237732 0.622743
0.23862 0.314207
0.24028 0.72416
0.242846 0.476102
0.243731 0.700166
0.243988 0.524041
0.245962 0.620137
0.246279 0.600015
0.246634 0.743392
0.246714 0.551123
0.247917 0.467942
0.248466 0.462049
0.248834 0.502312
0.250074 0.47337
0.250166 0.676826
0.251132 0.337663
0.25184 0.574937
0.25396 0.344066
0.255671 0.341629
0.257341 0.573677
0.258543 0.552976
0.259967 0.324417
0.261024 0.541061
0.26152 0.387339
0.261841 0.468849
0.261895 0.263078
0.261984 0.599936
0.262273 0.74149
0.262706 0.642247
0.262909 0.460207
0.266801 0.258225
0.2677 0.642116
0.268042 0.513626
0.26812 0.607499
0.268129 0.263443
0.268893 0.32343
0.270529 0.750234
0.270959 0.468397
0.271718 0.51235
0.274848 0.336862
0.275695 0.655245
0.275757 0.410697
0.276865 0.29461
0.27837 0.384038
0.278449 0.548571
0.278602 0.232199
0.278821 0.48232
0.279037 0.428601
0.280211 0.52918
0.280895 0.29209
0.281639 0.343353
0.281771 0.743396
0.281927 0.219464
0.282166 0.691443
0.282553 0.426598
0.284198 0.389142
0.285459 0.733286
0.287352 0.423195
0.287659 0.411748
0.288863 0.267634
0.288977 0.231589
0.289494 0.610133
0.289939 0.713058
0.290584 0.603571
0.2909 0.764695
0.291552 0.325144
0.292479 0.407558
0.292902 0.219297
0.29317 0.78791
0.293193 0.591395
0.293611 0.708334
0.294242 0.502675
0.295022 0.216916
0.29532 0.340951
0.295679 0.587007
0.296037 0.585075
0.296532 0.680335
0.296831 0.386838
0.29695 0.513583
0.296959 0.77842
0.297344 0.229894
0.297382 0.235129
0.297794 0.527665
0.298297 0.32393
0.29975 0.334084
0.299806 0.676195
0.299937 0.211649
0.300853 0.432025
0.301313 0.352704
0.301767 0.495662
0.301884 0.667415
0.302899 0.601455
0.303143 0.595734
0.304395 0.803523
0.304526 0.523252
0.304755 0.329814
0.305342 0.383245
0.306124 0.378173
0.308596 0.264424
0.309902 0.257291
0.312661 0.327563
0.312752 0.588192
0.314264 0.344325
0.315537 0.34188
0.316255 0.771665
0.316263 0.580634
0.32104 0.611569
0.321637 0.231973
0.324756 0.729764
0.324828 0.673536
0.324852 0.725644
0.326699 0.670156
0.326741 0.707645
0.326846 0.539936
0.327646 0.653868
0.327693 0.563183
0.328362 0.584356
0.328578 0.779517
0.329321 0.806669
0.32935 0.191691
0.33009 0.270847
0.330174 0.262419
0.330786 0.260795
0.331246 0.231304
0.3315 0.469141
0.331524 0.341553
0.331778 0.404752
0.331787 0.410813
0.332196 0.433062
0.332523 0.330643
0.333312 0.770771
0.334181 0.711693
0.334634 0.620925
0.335563 0.613957
0.335893 0.692978
0.336306 0.455009
0.337237 0.16891
0.337379 0.58073
0.337747 0.398103
0.338379 0.666071
0.338528 0.410684
0.33884 0.665999
0.338891 0.338481
0.339289 0.394122
0.339354 0.162186
0.339873 0.408039
0.339898 0.646908
0.340188 0.474302
0.341593 0.257754
0.341639 0.513161
0.341684 0.251447
0.342444 0.516893
0.342654 0.217524
0.346556 0.195341
0.347328 0.159763
0.3485 0.561481
0.348691 0.513961
0.34884 0.478597
0.349053 0.746386
0.350913 0.472363
0.351107 0.283218
0.3512 0.404785
0.351262 0.822123
0.351927 0.53891
0.352452 0.24097
0.352605 0.450154
0.353223 0.755233
0.353646 0.779947
0.35372 0.194402
0.355426 0.370185
0.355671 0.444871
0.355862 0.32745
0.356174 0.177096
0.356275 0.724827
0.357255 0.322955
0.357511 0.819949
0.357937 0.40021
0.358368 0.221004
0.358404 0.31686
0.359108 0.218524
0.359161 0.366324
0.359921 0.440107
0.360505 0.347787
0.361918 0.8099
0.36354 0.641283
0.363783 0.863371
0.363808 0.301586
0.36405 0.638172
0.364438 0.229067
0.364552 0.285743
0.364876 0.368149
0.365087 0.225504
0.365111 0.39073
0.365343 0.716029
0.365483 0.425677
0.365844 0.428555
0.366137 0.46864
0.366299 0.194102
0.3663 0.807493
0.367072 0.31325
0.368379 0.795948
0.368876 0.466987
0.368947 0.21002
0.370524 0.360976
0.372252 0.350913
0.372295 0.855746
0.372394 0.427904
0.372765 0.412157
0.372972 0.848739
0.374316 0.267704
0.374666 0.475864
0.375163 0.51331
0.376432 0.248117
0.377495 0.40344
0.377571 0.181144
0.378509 0.260478
0.37861 0.698935
0.378749 0.474012
0.380211 0.305519
0.38056 0.2859
0.380769 0.163476
0.381685 0.154112
0.382545 0.258746
0.383172 0.536323
0.383334 0.336569
0.383674 0.682918
0.384187 0.534713
0.386861 0.204522
0.388015 0.384363
0.389333 0.870528
0.389764 0.559458
0.390352 0.750387
0.391314 0.332477
0.394161 0.636657
0.394511 0.384069
0.394691 0.201491
0.395609 0.798613
0.395616 0.59673
0.395983 0.775919
0.396354 0.861599
0.396412 0.837002
0.396893 0.25382
0.397671 0.366423
0.397772 0.150988
0.398584 0.489614
0.398854 0.628439
0.399027 0.328326
0.399456 0.274564
0.400229 0.528738
0.400829 0.655215
0.400868 0.83699
0.401103 0.894813
0.401891 0.7479
0.40261 0.450457
0.402753 0.901446
0.402958 0.733962
0.403015 0.410158
0.403039 0.356033
0.403341 0.787421
0.403356 0.16523
0.403825 0.114959
0.403999 0.835822
0.4042 0.215099
0.406817 0.825081
0.407146 0.764445
0.407211 0.270841
0.407859 0.443314
0.40882 0.595166
0.409291 0.365781
0.409842 0.73298
0.410786 0.314448
0.410946 0.592777
0.41143 0.249197
0.412633 0.818411
0.413208 0.195806
0.413894 0.221588
0.41415 0.503486
0.414509 0.612615
0.415004 0.850099
0.415098 0.192107
0.415511 0.529269
0.41584 0.711473
0.415843 0.49414
0.416059 0.492347
0.416152 0.914389
0.416318 0.849018
0.418286 0.218301
0.418342 0.845001
0.418611 0.707591
0.418961 0.190657
0.41915 0.160098
0.419895 0.523045
0.419907 0.89944
0.420955 0.684546
0.421797 0.899981
0.423182 0.268779
0.423414 0.470926
0.423913 0.163027
0.424574 0.755491
0.424865 0.201479
0.424945 0.527689
0.424948 0.52599
0.425482 0.228226
0.426666 0.693558
0.427198 0.581171
0.427653 0.138845
0.427801 0.118504
0.428467 0.17358
0.42847 0.723981
0.42887 0.890315
0.428921 0.561014
0.429796 0.138653
0.429891 0.341041
0.429993 0.521422
0.431148 0.136028
0.431232 0.715598
0.431362 0.687629
0.431551 0.739462
0.431607 0.88987
0.431883 0.684642
0.431981 0.125115
0.432785 0.171451
0.432921 0.239287
0.433464 0.238607
0.433566 0.557795
0.433656 0.750627
0.433933 0.714341
0.434465 0.455845
0.435695 0.113096
0.436011 0.19702
0.43616 0.324363
0.43616 0.704119
0.436378 0.701381
0.436985 0.451616
0.437166 0.08115
0.437263 0.155216
0.437482 0.569966
0.438211 0.311325
0.438565 0.771736
0.438659 0.551718
0.43957 0.275036
0.439801 0.66636
0.439877 0.100915
0.439945 0.267703
0.44054 0.692149
0.440667 0.070396
0.441047 0.44384
0.441448 0.19318
0.442331 0.218958
0.442529 0.906481
0.442614 0.882952
0.442779 0.0937025
0.443008 0.357439
0.443251 0.267168
0.443395 0.162972
0.44357 0.616074
0.443904 0.256661
0.445153 0.503108
0.446351 0.848422
0.446459 0.821297
0.446623 0.318514
0.447017 0.940076
0.447372 0.50309
0.448488 0.875536
0.448776 0.109684
0.449369 0.258926
0.449388 0.81726
0.450284 0.594412
0.450954 0.316069
0.451548 0.503057
0.451981 0.355877
0.45245 0.104498
0.45502 0.89137
0.455205 0.644653
0.455847 0.347463
0.456248 0.172654
0.456268 0.474809
0.456348 0.122554
0.456444 0.724507
0.457249 0.4296
0.457482 0.593038
0.457875 0.474669
0.458109 0.119611
0.458904 0.101793
0.460066 0.152417
0.460537 0.864646
0.460638 0.577008
0.461267 0.815844
0.461775 0.0628654
0.462137 0.252107
0.462415 0.953531
0.462567 0.88077
0.462697 0.299482
0.463017 0.467898
0.463312 0.765135
0.463825 0.31716
0.463851 0.415968
0.464169 0.199462
0.464255 0.747554
0.465256 0.346926
0.465521 0.0599335
0.466257 0.903117
0.467082 0.565397
0.467519 0.248531
0.468175 0.685519
0.468452 0.862728
0.468793 0.846312
0.469475 0.934535
0.469961 0.0470285
0.470393 0.0977271
0.470731 0.792155
0.47083 0.271142
0.471264 0.311102
0.47131 0.2285
0.471809 0.744446
0.471837 0.389908
0.473032 0.804627
0.47356 0.389605
0.473582 0.771418
0.475435 0.247254
0.475638 0.389508
0.475775 0.492984
0.475934 0.866998
0.476404 0.54189
0.476492 0.455239
0.476612 0.351354
0.477475 0.115846
0.478443 0.112581
0.478465 0.269193
0.47881 0.129017
0.479044 0.972931
0.479143 0.946637
0.479208 0.0406237
0.480653 0.485426
0.48095 0.891123
0.481324 0.675956
0.481537 0.471324
0.481615 0.789671
0.48202 0.0634715
0.482193 0.832462
0.482411 0.19823
0.482489 0.176147
0.482841 0.174749
0.483136 0.122902
0.483182 0.676411
0.483182 0.181867
0.483378 0.86969
0.483613 0.017821
0.483753 0.637084
0.484445 0.778557
0.485119 0.144802
0.485498 0.0915505
0.485983 0.628929
0.486328 0.541488
0.486599 0.523124
0.486617 0.218639
0.487283 0.670145
0.48805 0.83367
0.48821 0.0670908
0.488768 0.822563
0.488826 0.867774
0.48939 0.662021
0.489647 0.817509
0.489882 0.0534922
0.489988 0.945432
0.490748 0.452086
0.491703 0.305731
0.492508 0.446988
0.493006 0.789986
0.493199 0.923443
0.49344 0.468218
0.493727 0.85652
0.493872 0.800948
0.494334 0.989708
0.494707 0.767604
0.495054 0.335029
0.495159 0.334022
0.495235 0.956017
0.495536 0.658706
0.495571 0.320147
0.497775 0.624711
0.498722 0.139321
0.498793 0.751829
0.499135 0.918272
0.499436 0.793148
0.499668 0.298048
0.499713 0.0451581
0.499936 0.369595
0.500789 0.783717
0.500932 0.969242
0.501583 0.00995689
0.501753 0.467553
0.502166 0.273855
0.503768 0.960276
0.50433 0.462433
0.504637 0.462416
0.505071 0.283971
0.505086 0.458255
0.505753 0.695084
0.505881 0.13033
0.506031 0.825055
0.506157 0.128968
0.506251 0.598291
0.506459 0.537905
0.506608 0.536981
0.506893 0.277236
0.506968 0.31551
0.50754 0.949394
0.507619 0.270442
0.507666 0.482115
0.509113 0.393094
0.509261 0.514219
0.510225 0.362036
0.510563 0.815269
0.510792 0.749944
0.510877 0.248372
0.51139 0.378897
0.511512 0.832583
0.51188 0.911839
0.512423 0.162944
0.512618 0.117544
0.512743 0.827654
0.513192 0.899853
0.513289 0.378073
0.513296 0.0793914
0.514336 0.205141
0.51455 0.859238
0.514684 0.513268
0.514839 0.901103
0.515214 0.958099
0.515256 0.0271871
0.515266 0.921355
0.515271 0.267678
0.515789 0.663306
0.516918 0.180185
0.517639 0.0637906
0.518239 0.553762
0.518343 0.223515
0.518604 0.028053
0.519807 0.885547
0.520283 0.73223
0.520615 0.815024
0.520639 0.816348
0.520775 0.549238
0.521007 0.0237904
0.521482 0.563381
0.521957 0.512268
0.522026 0.65488
0.522479 0.0546321
0.522504 0.449694
0.522565 0.46367
0.522632 0.240253
0.522692 0.572492
0.52278 0.702966
0.523184 0.808734
0.523274 0.54786
0.523761 0.153156
0.524142 0.805809
0.526126 0.263445
0.527136 0.81466
0.527332 0.280332
0.527832 0.046352
0.527899 0.112677
0.528213 0.51004
0.528337 0.62065
0.529525 0.727925
0.529827 0.519046
0.531316 0.823923
0.53147 0.0864644
0.53169 0.147932
0.532442 0.0691902
0.533188 0.939243
0.533447 0.928867
0.534128 0.0654946
0.534163 0.551797
0.535369 0.812188
0.537415 0.456655
0.537554 0.0649262
0.538797 0.0402108
0.539177 0.822588
0.539213 0.121418
0.540133 0.0602056
0.54103 0.618615
0.541048 0.515851
0.542071 0.133685
0.542203 0.844375
0.542556 0.512931
0.54309 0.803962
0.544365 0.271125
0.544553 0.270823
0.545101 0.450506
0.545604 0.764067
0.546022 0.757874
0.546389 0.405026
0.546469 0.403304
0.547996 0.292818
0.548252 0.683172
0.548263 0.366617
0.548753 0.534479
0.548944 0.143762
0.549645 0.510986
0.55009 0.449579
0.550428 0.503845
0.550593 0.871105
0.550757 0.666155
0.551155 0.661223
0.551589 0.534172
0.552869 0.888089
0.553161 0.363616
0.553532 0.531744
0.554639 0.172361
0.554775 0.653179
0.555583 0.790929
0.555694 0.120874
0.556433 0.653099
0.557354 0.815013
0.557375 0.805245
0.557546 0.230183
0.558405 0.196563
0.558816 0.462827
0.558889 0.761156
0.559262 0.128932
0.562216 0.916635
0.562252 0.432129
0.562328 0.181091
0.562507 0.652921
0.564163 0.74017
0.564565 0.114002
0.564637 0.617043
0.564728 0.811603
0.565942 0.60627
0.566151 0.13662
0.56635 0.276165
0.566542 0.402095
0.566585 0.364482
0.567137 0.31645
0.569193 0.536515
0.569412 0.131306
0.569668 0.567736
0.569791 0.246766
0.570145 0.681501
0.570158 0.681226
0.570806 0.496635
0.570919 0.554056
0.572037 0.916477
0.572716 0.244044
0.572784 0.669853
0.572838 0.291295
0.573168 0.362237
0.574038 0.219122
0.574283 0.446546
0.575267 0.474367
0.575607 0.66723
0.575802 0.64369
0.576153 0.666956
0.576199 0.808961
0.576367 0.552515
0.57657 0.899249
0.576799 0.172898
0.576913 0.250674
0.576954 0.124773
0.577375 0.0984811
0.577765 0.641597
0.578474 0.359677
0.578853 0.545992
0.578889 0.218465
0.579072 0.213557
0.57915 0.46515
0.579892 0.732327
0.579922 0.492585
0.580271 0.149359
0.583039 0.911331
0.583129 0.894082
0.584254 0.0965389
0.584497 0.886598
0.584611 0.902192
0.584946 0.885913
0.585012 0.343057
0.585814 0.312315
0.58712 0.355214
0.587217 0.859806
0.587697 0.550028
0.587944 0.531337
0.588165 0.718988
0.58823 0.340975
0.588433 0.435381
0.589674 0.240172
0.589838 0.239792
0.589973 0.0951262
0.59013 0.310795
0.592805 0.222981
0.593184 0.14761
0.594741 0.46068
0.595536 0.39252
0.595702 0.259722
0.595748 0.256624
0.596572 0.287113
0.59734 0.847723
0.597888 0.117838
0.599116 0.242824
0.600297 0.201652
0.600703 0.844401
0.600892 0.495238
0.601498 0.405637
0.602232 0.140941
0.602957 0.139679
0.603232 0.74841
0.603286 0.771331
0.603351 0.275944
0.603569 0.419045
0.604151 0.693571
0.604171 0.263306
0.605295 0.468379
0.60545 0.689648
0.60548 0.451228
0.606405 0.30859
0.606534 0.161523
0.606542 0.673426
0.607084 0.259948
0.607505 0.656011
0.607535 0.464722
0.60756 0.409905
0.607665 0.865057
0.607823 0.623238
0.607836 0.453436
0.60859 0.221608
0.609371 0.621661
0.60953 0.573424
0.609747 0.725893
0.609991 0.615451
0.610142 0.113007
0.610282 0.253803
0.611087 0.647965
0.611979 0.213661
0.612504 0.307655
0.613144 0.840813
0.613149 0.669335
0.613284 0.719874
0.613471 0.836431
0.614246 0.115239
0.614339 0.765919
0.614557 0.345652
0.615271 0.345294
0.616525 0.685264
0.616914 0.290258
0.617072 0.252019
0.617501 0.338134
0.618518 0.245562
0.618725 0.691938
0.619083 0.335818
0.619083 0.505628
0.620193 0.613343
0.620354 0.172957
0.620388 0.330211
0.621141 0.862658
0.621187 0.405325
0.62165 0.690448
0.623005 0.634295
0.623461 0.402913
0.623535 0.541189
0.623924 0.491403
0.624257 0.857395
0.624307 0.869237
0.625059 0.328176
0.625577 0.743666
0.626638 0.429
0.62665 0.190301
0.626673 0.42718
0.626683 0.49126
0.62673 0.760438
0.626898 0.736727
0.627178 0.772553
0.627406 0.141682
0.628142 0.150762
0.628604 0.556068
0.628694 0.686713
0.629124 0.147683
0.629431 0.35628
0.629478 0.756793
0.629565 0.212422
0.63005 0.278911
0.630306 0.31253
0.631636 0.270568
0.631807 0.864078
0.631963 0.266746
0.632085 0.261866
0.632437 0.187089
0.632483 0.469836
0.632771 0.767662
0.633135 0.468467
0.63314 0.590014
0.634119 0.571589
0.635399 0.617268
0.636372 0.200275
0.636432 0.71013
0.636607 0.755178
0.637175 0.555968
0.637981 0.366798
0.638326 0.174078
0.638366 0.486608
0.638744 0.608732
0.640327 0.795583
0.640442 0.754841
0.640613 0.204454
0.640776 0.765751
0.641965 0.607613
0.642555 0.782311
0.643442 0.570371
0.643686 0.741449
0.644759 0.568912
0.64498 0.147033
0.64546 0.729286
0.647077 0.410272
0.647251 0.810195
0.648373 0.192448
0.648563 0.33019
0.648752 0.629739
0.648902 0.328481
0.649519 0.200572
0.649549 0.719934
0.650309 0.307285
0.650562 0.512457
0.651984 0.305463
0.652243 0.762888
0.65364 0.189718
0.653656 0.267181
0.657004 0.621569
0.658709 0.173726
0.659081 0.216097
0.659641 0.550037
0.660354 0.3397
0.660612 0.682498
0.660631 0.614469
0.660867 0.214735
0.66102 0.750437
0.662552 0.662585
0.663289 0.780577
0.663428 0.566731
0.664932 0.193455
0.666365 0.519942
0.666407 0.678726
0.670628 0.648926
0.67224 0.516924
0.675154 0.561151
0.675644 0.547178
0.676235 0.818563
0.676585 0.244348
0.67707 0.511292
0.678461 0.509121
0.678499 0.241627
0.679073 0.644212
0.6792 0.674402
0.679438 0.507673
0.681922 0.775585
0.682261 0.188585
0.68272 0.206761
0.682736 0.186322
0.682739 0.205161
0.683495 0.504146
0.683781 0.279051
0.684365 0.591442
0.684896 0.81188
0.685577 0.528158
0.687347 0.810899
0.68756 0.598445
0.68797 0.684959
0.6882 0.340349
0.688368 0.20515
0.688601 0.398617
0.689359 0.494505
0.689402 0.624138
0.689681 0.578577
0.690369 0.807549
0.690468 0.556732
0.691564 0.788215
0.692162 0.256746
0.694461 0.491119
0.695026 0.756467
0.695383 0.250617
0.696835 0.786769
0.697171 0.235335
0.697824 0.227936
0.698863 0.239988
0.699029 0.590573
0.69906 0.395658
0.6994 0.321331
0.699937 0.478083
0.700247 0.277215
0.700468 0.437787
0.700984 0.466528
0.701599 0.384873
0.701708 0.437079
0.701992 0.708524
0.702341 0.587796
0.702348 0.519654
0.703212 0.358305
0.703368 0.22299
0.703622 0.75641
0.703671 0.78473
0.703698 0.357105
0.703918 0.21879
0.703943 0.519511
0.706512 0.572881
0.707239 0.387381
0.708062 0.489377
0.7081 0.751183
0.708375 0.745346
0.708561 0.421205
0.709587 0.272627
0.710373 0.312486
0.710788 0.767749
0.712342 0.598366
0.712359 0.567834
0.713462 0.463109
0.714057 0.396383
0.715612 0.587826
0.71693 0.765761
0.718779 0.439339
0.72102 0.394191
0.721225 0.583464
0.721337 0.306605
0.721516 0.510366
0.72176 0.293909
0.724947 0.435417
0.72505 0.494364
0.725435 0.385255
0.725472 0.279994
0.726348 0.68723
0.727497 0.741304
0.729254 0.725932
0.730987 0.37075
0.731988 0.628226
0.732566 0.678836
0.733216 0.273173
0.733218 0.668152
0.733292 0.558755
0.733785 0.333128
0.737097 0.370378
0.740257 0.627607
0.741062 0.545663
0.741298 0.527672
0.741326 0.667885
0.741942 0.487879
0.741977 0.574216
0.743275 0.31313
0.743462 0.708223
0.743982 0.276655
0.74401 0.475009
0.744484 0.698557
0.744757 0.722157
0.745777 0.698126
0.7467 0.30866
0.747138 0.50785
0.747753 0.275053
0.747846 0.662091
0.74785 0.625837
0.748564 0.579879
0.749562 0.28757
0.751092 0.619695
0.751433 0.718036
0.754003 0.52418
0.754171 0.321135
0.755087 0.575783
0.755112 0.594725
0.7557 0.491625
0.756721 0.361573
0.758201 0.514922
0.758371 0.653501
0.758611 0.487459
0.758956 0.580681
0.759203 0.266034
0.759526 0.573881
0.759989 0.264559
0.76001 0.354603
0.760682 0.290539
0.760703 0.281492
0.761722 0.649467
0.761983 0.642459
0.762687 0.268437
0.764022 0.434894
0.764882 0.505538
0.765039 0.626339
0.765482 0.422789
0.76567 0.622973
0.766891 0.683266
0.766925 0.671618
0.76702 0.395263
0.767381 0.727739
0.767607 0.485251
0.768344 0.270433
0.768862 0.591186
0.769465 0.555683
0.771061 0.483551
0.771116 0.492402
0.775455 0.719554
0.775718 0.482059
0.776196 0.28096
0.777567 0.718341
0.777996 0.517214
0.778257 0.362095
0.77894 0.569701
0.780215 0.585582
0.780436 0.464919
0.780564 0.700145
0.780823 0.358346
0.781132 0.569581
0.78289 0.508193
0.783433 0.566637
0.783508 0.396017
0.784069 0.492232
0.785223 0.690203
0.78614 0.485935
0.786285 0.483645
0.786782 0.551622
0.789096 0.389427
0.789333 0.677291
0.789628 0.499636
0.789921 0.694695
0.791576 0.35764
0.79174 0.498217
0.791972 0.537864
0.793089 0.556538
0.793391 0.304036
0.796596 0.584484
0.797629 0.443056
0.798119 0.63384
0.798721 0.416264
0.801456 0.35649
0.802024 0.522734
0.802775 0.373091
0.804494 0.506534
0.804934 0.368407
0.805801 0.687152
0.807044 0.447279
0.807224 0.572144
0.807674 0.365265
0.80796 0.537568
0.810349 0.670748
0.811172 0.636497
0.81282 0.613105
0.813784 0.537401
0.814614 0.499644
0.814999 0.498906
0.817796 0.529481
0.818025 0.44049
0.818668 0.604229
0.8224 0.346974
0.822566 0.517219
0.823074 0.407222
0.826465 0.664519
0.826992 0.343537
0.82794 0.603945
0.828772 0.588234
0.829484 0.400041
0.830487 0.524207
0.831842 0.632899
0.835705 0.470244
0.835753 0.344501
0.836598 0.465171
0.838351 0.480936
0.840985 0.438946
0.841471 0.434395
0.846058 0.430631
0.846984 0.42849
0.84815 0.396163
0.85017 0.366126
0.850377 0.480078
0.851029 0.620819
0.851739 0.570752
0.854394 0.428092
0.854443 0.631694
0.855217 0.478956
0.858582 0.476187
0.859134 0.360414
0.860067 0.503759
0.863292 0.384404
0.863624 0.498176
0.863644 0.564404
0.865893 0.562685
0.866173 0.616478
0.866773 0.590438
0.867111 0.623479
0.868692 0.609272
0.873576 0.567324
0.874679 0.436008
0.875929 0.396746
0.877131 0.427836
0.877209 0.384346
0.877916 0.554702
0.878421 0.490915
0.879653 0.545807
0.879872 0.38444
0.880451 0.449111
0.88158 0.6165
0.883285 0.594173
0.883376 0.541392
0.886693 0.408753
0.88784 0.611222
0.88904 0.589308
0.889102 0.576858
0.889218 0.536369
0.893102 0.553443
0.893215 0.595209
0.895693 0.55329
0.896917 0.526511
0.897504 0.594875
0.899428 0.446993
0.899653 0.401008
0.901745 0.561164
0.903766 0.553028
0.904855 0.436126
0.90599 0.505518
0.908451 0.583277
0.920458 0.546163
0.921251 0.490097
0.925917 0.52542
0.927234 0.522133
0.933717 0.516606
0.93689 0.461529
0.942181 0.550055
0.943956 0.51516
0.94668 0.458414
0.946726 0.548236
0.946919 0.453089
0.949435 0.545586
0.949982 0.451108
0.963953 0.521242
0.96707 0.471915
0.984966 0.514284
