0.0134174 0.50475
0.0228031 0.478821
0.0257018 0.50703
0.0313009 0.529884
0.0339444 0.474171
0.0376467 0.493036
0.0431627 0.464266
0.0480836 0.471915
0.0484303 0.471869
0.0500861 0.45481
0.0518776 0.537506
0.0533115 0.501791
0.0560505 0.527905
0.0573809 0.555588
0.0580447 0.460628
0.0638508 0.51592
0.064016 0.542053
0.0657436 0.515387
0.0680744 0.443672
0.0681941 0.459657
0.0694041 0.539644
0.06962 0.459449
0.0747885 0.431164
0.0792865 0.530896
0.079469 0.440847
0.0829769 0.436436
0.0889444 0.512761
0.0892192 0.57724
0.0893538 0.424394
0.0907764 0.507833
0.0909105 0.522051
0.0927265 0.539294
0.0929811 0.497464
0.0931662 0.412966
0.0950455 0.444855
0.0963531 0.443502
0.0984116 0.476694
0.0988234 0.475848
0.100015 0.514806
0.100462 0.55484
0.100686 0.549667
0.102389 0.432501
0.104199 0.495113
0.104458 0.571559
0.105612 0.481315
0.106016 0.469391
0.1061 0.535878
0.106975 0.432403
0.107021 0.487555
0.10714 0.562233
0.107532 0.606685
0.109011 0.483915
0.109541 0.532855
0.110208 0.456671
0.110977 0.588734
0.111297 0.510014
0.113751 0.394538
0.11408 0.454642
0.114773 0.501562
0.114813 0.570333
0.115089 0.499255
0.115202 0.546138
0.11546 0.570273
0.115752 0.606224
0.116974 0.490606
0.117962 0.462365
0.12101 0.620612
0.121464 0.529013
0.121967 0.478365
0.122582 0.488599
0.125314 0.460038
0.126065 0.441503
0.126517 0.454102
0.126847 0.60715
0.127907 0.451585
0.128742 0.421539
0.130566 0.568416
0.130688 0.458352
0.130919 0.602015
0.131467 0.564925
0.131782 0.595682
0.132137 0.445116
0.133016 0.476726
0.13436 0.561874
0.135811 0.481815
0.136141 0.605825
0.137001 0.431774
0.137488 0.380992
0.137672 0.37098
0.138924 0.480428
0.139236 0.634949
0.139673 0.630576
0.140115 0.366612
0.14043 0.639479
0.141012 0.564337
0.142923 0.414139
0.143018 0.630452
0.145843 0.63856
0.145954 0.411219
0.146496 0.622728
0.146758 0.514813
0.147892 0.505799
0.148316 0.475204
0.148722 0.590641
0.148989 0.472202
0.1493 0.575977
0.150198 0.558939
0.150693 0.532918
0.151173 0.408303
0.151268 0.415675
0.151744 0.550661
0.151885 0.548865
0.152159 0.374375
0.152436 0.427667
0.152634 0.497907
0.152764 0.357734
0.153115 0.620956
0.15433 0.598524
0.154575 0.352732
0.155772 0.570903
0.156413 0.581378
0.157367 0.401205
0.158429 0.493552
0.159908 0.349765
0.161192 0.392225
0.162014 0.420419
0.163333 0.544084
0.163626 0.532319
0.163796 0.415399
0.164874 0.627746
0.167761 0.623131
0.168294 0.347515
0.16879 0.389105
0.168895 0.491931
0.16907 0.536013
0.170948 0.523634
0.171511 0.663041
0.171756 0.551894
0.171812 0.58721
0.173532 0.651314
0.174151 0.464768
0.175187 0.586999
0.175223 0.543201
0.175506 0.480056
0.176059 0.399966
0.176228 0.451042
0.176349 0.665898
0.176942 0.656462
0.177451 0.369552
0.17753 0.397592
0.178908 0.626087
0.178914 0.343382
0.179 0.602612
0.180014 0.39163
0.180148 0.598662
0.180961 0.55572
0.181197 0.523215
0.181733 0.330661
0.181974 0.457307
0.182267 0.522779
0.182807 0.395049
0.183144 0.621368
0.183365 0.593266
0.183622 0.442215
0.183801 0.654319
0.184195 0.555075
0.184247 0.612988
0.185052 0.684767
0.18556 0.540919
0.186114 0.390779
0.187619 0.663479
0.189733 0.611513
0.190261 0.378223
0.190419 0.477794
0.190828 0.400143
0.190868 0.475293
0.191108 0.55216
0.191247 0.338334
0.192016 0.574838
0.193571 0.374245
0.194116 0.328115
0.195272 0.416359
0.195729 0.485218
0.19574 0.519601
0.195846 0.345248
0.195974 0.499611
0.196226 0.547608
0.196347 0.567775
0.196369 0.372273
0.196474 0.327324
0.196575 0.597195
0.196602 0.442548
0.196651 0.411725
0.19703 0.398222
0.198338 0.391919
0.198556 0.546595
0.19954 0.39618
0.199854 0.318828
0.200028 0.342147
0.200321 0.680666
0.200763 0.6778
0.201236 0.515499
0.201993 0.641714
0.202261 0.66836
0.202906 0.533353
0.203416 0.358764
0.204066 0.484295
0.204333 0.555029
0.204522 0.517159
0.204556 0.633323
0.205005 0.353539
0.205106 0.492752
0.205177 0.333379
0.206433 0.466727
0.206604 0.551518
0.20681 0.308515
0.206876 0.461997
0.207515 0.30004
0.207602 0.604534
0.207756 0.661259
0.207926 0.585822
0.207937 0.522038
0.208392 0.369773
0.208731 0.427633
0.208856 0.474484
0.210944 0.58634
0.210957 0.659311
0.21337 0.534918
0.213386 0.711477
0.214355 0.578206
0.214377 0.65844
0.215109 0.337229
0.215613 0.48461
0.21562 0.652944
0.215846 0.693108
0.216194 0.388149
0.21686 0.335093
0.216924 0.572844
0.218118 0.716544
0.218585 0.438891
0.218706 0.480941
0.218808 0.505505
0.218947 0.531933
0.219109 0.410102
0.219204 0.616402
0.219559 0.585438
0.219594 0.583111
0.219809 0.368575
0.219958 0.356342
0.221225 0.498945
0.222467 0.612291
0.222519 0.514975
0.222882 0.715256
0.223029 0.313007
0.223304 0.70764
0.223369 0.386874
0.224072 0.685155
0.224147 0.436974
0.224406 0.33424
0.224508 0.694804
0.224752 0.349169
0.224972 0.491692
0.226897 0.671718
0.227032 0.6339
0.228031 0.435818
0.228996 0.580629
0.22902 0.292243
0.229717 0.443985
0.230066 0.71678
0.231534 0.526548
0.231702 0.277996
0.231836 0.601232
0.231931 0.6897
0.231953 0.525138
0.232175 0.358157
0.232584 0.487893
0.233004 0.463037
0.233545 0.394008
0.23396 0.291152
0.234178 0.57508
0.234514 0.475428
0.234861 0.616989
0.234977 0.424354
0.235085 0.582954
0.235977 0.509301
0.236366 0.610866
0.236435 0.55608
0.236462 0.672005
0.237417 0.437666
0.237577 0.736687
0.237694 0.457347
0.237725 0.406611
0.23781 0.538062
0.239805 0.288944
0.240134 0.703406
0.240301 0.32945
0.240534 0.66861
0.2418 0.701755
0.24251 0.404772
0.242847 0.286649
0.242922 0.47386
0.243186 0.55276
0.243193 0.264068
0.243475 0.322947
0.243616 0.736066
0.243968 0.517326
0.244418 0.513531
0.244541 0.471325
0.247475 0.385292
0.247636 0.504936
0.248006 0.700814
0.248226 0.719677
0.248906 0.639609
0.249105 0.295817
0.249689 0.624819
0.250073 0.45087
0.250636 0.329424
0.252136 0.385004
0.252149 0.423804
0.252507 0.283202
0.252603 0.564237
0.252644 0.293067
0.252697 0.432769
0.253652 0.378334
0.2537 0.448843
0.254387 0.561619
0.254846 0.430332
0.256309 0.318854
0.256662 0.377168
0.2568 0.36987
0.257663 0.55619
0.257775 0.71614
0.258112 0.590968
0.258298 0.341321
0.258401 0.676428
0.258534 0.70581
0.258562 0.513457
0.259179 0.380457
0.259905 0.699827
0.261352 0.697655
0.262148 0.329749
0.263283 0.317597
0.263607 0.39608
0.264112 0.638537
0.264614 0.655675
0.26515 0.393218
0.265371 0.76186
0.266041 0.508992
0.266425 0.696633
0.266657 0.4763
0.267875 0.259083
0.268614 0.377922
0.268828 0.297446
0.269008 0.473695
0.269097 0.373437
0.269715 0.422737
0.270591 0.75019
0.27078 0.381946
0.27146 0.654903
0.271863 0.635492
0.272957 0.268467
0.27371 0.601729
0.27399 0.652999
0.274122 0.369687
0.27431 0.507808
0.274381 0.37869
0.274684 0.76526
0.274801 0.592843
0.274952 0.248616
0.276806 0.770264
0.27933 0.242143
0.279743 0.409848
0.2815 0.507376
0.281574 0.64051
0.282861 0.714378
0.283036 0.328264
0.283117 0.523455
0.283501 0.769366
0.284757 0.634909
0.2848 0.408534
0.284832 0.455775
0.285144 0.699854
0.285511 0.499787
0.285581 0.247898
0.286105 0.317762
0.286148 0.229834
0.286468 0.764544
0.286591 0.371089
0.287501 0.632322
0.287516 0.51198
0.287523 0.672886
0.287796 0.257679
0.287874 0.600201
0.289544 0.659833
0.289957 0.399252
0.290108 0.761903
0.29014 0.789861
0.29102 0.46674
0.291024 0.441952
0.291327 0.496109
0.291621 0.483986
0.292099 0.365299
0.292631 0.440597
0.293852 0.537561
0.294651 0.71887
0.294888 0.440169
0.295364 0.272936
0.295688 0.438495
0.296332 0.301533
0.296461 0.213813
0.29714 0.474514
0.297171 0.713147
0.298668 0.280917
0.298847 0.272307
0.298881 0.48743
0.29909 0.499425
0.299156 0.483755
0.300547 0.278442
0.30116 0.244558
0.30147 0.277246
0.30176 0.252534
0.302148 0.737818
0.302655 0.511017
0.302874 0.777409
0.303138 0.276672
0.304144 0.747723
0.304347 0.217589
0.304394 0.60554
0.304464 0.550999
0.304599 0.362519
0.304656 0.367992
0.304814 0.670926
0.305202 0.507117
0.305264 0.665785
0.305552 0.776615
0.307522 0.358332
0.308043 0.355809
0.308654 0.326381
0.308754 0.20481
0.309835 0.591511
0.30994 0.276276
0.310162 0.504572
0.311066 0.492817
0.311522 0.474128
0.312333 0.355947
0.312423 0.275725
0.313285 0.58873
0.313438 0.199567
0.313692 0.586889
0.313706 0.228444
0.314132 0.459265
0.315031 0.637173
0.315165 0.326311
0.316501 0.65196
0.317379 0.406656
0.317604 0.547269
0.318105 0.774768
0.318805 0.302174
0.319544 0.538644
0.320767 0.501998
0.320881 0.256909
0.321975 0.769469
0.322307 0.310304
0.322321 0.519958
0.322338 0.5613
0.322396 0.507155
0.322657 0.819765
0.324002 0.765898
0.324154 0.295614
0.32446 0.807536
0.324606 0.651019
0.324745 0.225096
0.325055 0.729721
0.325288 0.249038
0.325652 0.239097
0.326249 0.28697
0.326567 0.305262
0.327253 0.406576
0.329302 0.501824
0.330489 0.627678
0.331112 0.322519
0.332371 0.271663
0.332481 0.789145
0.333615 0.64235
0.334149 0.54527
0.33495 0.353041
0.335232 0.723031
0.335266 0.318498
0.336388 0.807263
0.337082 0.37924
0.337331 0.506354
0.337657 0.832978
0.338066 0.453681
0.33895 0.2352
0.339787 0.267853
0.340541 0.372316
0.3411 0.683419
0.341313 0.75491
0.341362 0.624852
0.34185 0.721327
0.342471 0.254485
0.343465 0.476815
0.343701 0.805613
0.344773 0.340298
0.345092 0.442745
0.345196 0.80433
0.345228 0.362686
0.345402 0.581813
0.345771 0.252119
0.34589 0.304236
0.34598 0.837202
0.34608 0.630989
0.346374 0.203722
0.34683 0.580736
0.347216 0.361334
0.347357 0.195853
0.347635 0.183329
0.348379 0.21767
0.348636 0.75123
0.348763 0.567555
0.349221 0.554079
0.349225 0.410118
0.349247 0.333989
0.350178 0.55071
0.35066 0.354831
0.350692 0.545984
0.351117 0.829603
0.351202 0.82522
0.351768 0.495542
0.352503 0.20237
0.352746 0.513644
0.35415 0.291128
0.354305 0.151748
0.354785 0.170626
0.355032 0.737284
0.355583 0.691389
0.357041 0.421763
0.357359 0.734212
0.357882 0.475014
0.357969 0.240263
0.35872 0.287351
0.359056 0.509633
0.359115 0.535273
0.359552 0.663178
0.36 0.418928
0.360116 0.435847
0.360408 0.263716
0.361137 0.518481
0.361483 0.722551
0.361675 0.490525
0.361692 0.824758
0.361937 0.461524
0.363404 0.591224
0.363555 0.585766
0.363881 0.862082
0.364613 0.233175
0.364627 0.168366
0.365389 0.763553
0.365458 0.502682
0.365975 0.789984
0.365988 0.518286
0.366023 0.200366
0.366363 0.606978
0.366417 0.585496
0.36683 0.165472
0.367841 0.28161
0.368221 0.630944
0.368331 0.411796
0.368547 0.365495
0.368601 0.433568
0.368688 0.816487
0.368953 0.72035
0.369228 0.861382
0.36936 0.405581
0.369843 0.399841
0.370613 0.37947
0.370873 0.186562
0.371442 0.278873
0.372038 0.499843
0.372189 0.867325
0.37233 0.572572
0.372844 0.872544
0.373238 0.182818
0.373584 0.71617
0.373828 0.229785
0.374161 0.568843
0.374178 0.733957
0.374431 0.573371
0.374718 0.594939
0.374986 0.794092
0.375336 0.788644
0.37538 0.411164
0.375397 0.782202
0.37544 0.567184
0.376236 0.305485
0.376288 0.220756
0.377134 0.728046
0.37715 0.481585
0.37723 0.591808
0.377994 0.298701
0.378113 0.248249
0.378148 0.513496
0.378841 0.318717
0.378958 0.712346
0.37959 0.286993
0.379634 0.360296
0.379964 0.552702
0.380136 0.214486
0.380245 0.398582
0.380694 0.395811
0.381196 0.760886
0.381554 0.72775
0.381702 0.450552
0.382237 0.727217
0.382407 0.720625
0.382583 0.14662
0.382631 0.831556
0.382642 0.354812
0.38286 0.15791
0.383298 0.851118
0.383583 0.777211
0.383701 0.570153
0.383755 0.530309
0.384522 0.438567
0.385264 0.676896
0.38547 0.860127
0.385536 0.317543
0.385685 0.608679
0.386312 0.31271
0.386403 0.568906
0.386618 0.433306
0.387295 0.683646
0.387304 0.52598
0.387579 0.513302
0.387661 0.426921
0.387865 0.315435
0.388031 0.348506
0.388104 0.596174
0.388196 0.480877
0.388258 0.341962
0.388438 0.248151
0.388571 0.424365
0.389074 0.830465
0.389533 0.144827
0.389709 0.245541
0.389991 0.564623
0.390269 0.675664
0.390473 0.850047
0.390671 0.591387
0.3907 0.520649
0.390807 0.81204
0.391248 0.246262
0.391317 0.393611
0.391442 0.670108
0.391545 0.22552
0.391892 0.51907
0.392135 0.233637
0.392815 0.391952
0.392835 0.38613
0.39312 0.700743
0.393285 0.438173
0.39359 0.554599
0.393789 0.156112
0.393862 0.245957
0.394016 0.153431
0.394319 0.310901
0.394586 0.793274
0.395774 0.58919
0.396754 0.131885
0.396777 0.584823
0.397124 0.416487
0.397446 0.587722
0.398119 0.584296
0.398167 0.548568
0.399157 0.889794
0.399298 0.757221
0.400972 0.881676
0.401123 0.432063
0.402418 0.811283
0.402932 0.634238
0.403051 0.741223
0.404511 0.283568
0.404656 0.580706
0.404948 0.808455
0.404948 0.48235
0.405219 0.222164
0.405231 0.805407
0.405569 0.127881
0.4059 0.79961
0.40634 0.117672
0.406376 0.546597
0.406471 0.518458
0.406562 0.879033
0.406752 0.491257
0.406851 0.792854
0.406859 0.833158
0.407497 0.561189
0.408811 0.550327
0.408992 0.748764
0.409382 0.722083
0.409481 0.400319
0.41008 0.159955
0.410953 0.905242
0.411698 0.516899
0.411876 0.872821
0.412286 0.327206
0.412293 0.359426
0.41238 0.685913
0.41243 0.719257
0.412564 0.626222
0.412782 0.203759
0.413011 0.732036
0.413025 0.398562
0.413138 0.10915
0.413328 0.462501
0.413469 0.888835
0.413806 0.277294
0.414179 0.332579
0.414603 0.540521
0.414696 0.226884
0.414881 0.681244
0.414984 0.134853
0.415035 0.198456
0.415123 0.714994
0.415763 0.534641
0.416338 0.46178
0.417026 0.131807
0.417375 0.440919
0.417764 0.501848
0.417782 0.873545
0.41813 0.727622
0.418691 0.437009
0.419199 0.864875
0.419468 0.862946
0.419505 0.163993
0.419563 0.19521
0.420362 0.0851349
0.420426 0.892643
0.420574 0.593876
0.420652 0.163114
0.420861 0.320012
0.420945 0.159878
0.421556 0.495668
0.422236 0.71473
0.422741 0.568732
0.422763 0.546661
0.422852 0.52338
0.423374 0.297801
0.423524 0.293369
0.42384 0.739982
0.424263 0.588709
0.424382 0.652221
0.424546 0.867505
0.424581 0.31696
0.424642 0.778614
0.425227 0.917832
0.425523 0.484554
0.425721 0.430294
0.425724 0.914932
0.425776 0.922581
0.426001 0.424146
0.426249 0.521839
0.426389 0.108907
0.42656 0.887275
0.426727 0.778121
0.426983 0.849274
0.427175 0.832723
0.42726 0.0936149
0.42884 0.503552
0.428965 0.479826
0.430089 0.684252
0.430326 0.847101
0.430706 0.282556
0.430939 0.161532
0.43108 0.880662
0.431194 0.738798
0.431409 0.84383
0.431513 0.711289
0.432044 0.721564
0.432219 0.557211
0.432222 0.841855
0.432512 0.735558
0.43254 0.279945
0.432596 0.795925
0.433013 0.0810195
0.433129 0.880401
0.433475 0.466811
0.433611 0.516078
0.434204 0.761036
0.434312 0.867442
0.434412 0.291665
0.434846 0.151053
0.435551 0.874269
0.43574 0.829505
0.435837 0.534109
0.435883 0.709541
0.43593 0.270505
0.436524 0.864494
0.436575 0.790805
0.436748 0.500101
0.437539 0.430766
0.437843 0.48825
0.438074 0.219853
0.438319 0.263483
0.43884 0.748268
0.439126 0.527963
0.439145 0.42461
0.43915 0.144522
0.439288 0.232721
0.439678 0.135907
0.43975 0.603069
0.439751 0.567251
0.440021 0.348839
0.440666 0.916354
0.441029 0.422976
0.441117 0.856768
0.441154 0.328983
0.441535 0.825311
0.441651 0.562411
0.441972 0.511133
0.442146 0.0742671
0.442454 0.160815
0.442616 0.558986
0.442628 0.800868
0.443066 0.487058
0.443345 0.619343
0.443916 0.158475
0.443938 0.503237
0.444034 0.636772
0.445363 0.2476
0.445451 0.154195
0.446053 0.906237
0.446088 0.732711
0.446571 0.813572
0.446712 0.729151
0.446762 0.214677
0.446764 0.803931
0.446817 0.741355
0.446896 0.926365
0.446902 0.831857
0.447678 0.542089
0.447738 0.789189
0.448174 0.124649
0.448176 0.588536
0.44904 0.799153
0.449291 0.483998
0.449467 0.214957
0.449579 0.923063
0.45009 0.557891
0.450367 0.409815
0.451011 0.730001
0.451546 0.402352
0.451571 0.303859
0.451922 0.852029
0.451974 0.380704
0.452212 0.290614
0.452492 0.301375
0.453406 0.47899
0.453416 0.0574562
0.453765 0.529425
0.453955 0.85092
0.453963 0.130262
0.454445 0.526191
0.454819 0.421222
0.455209 0.794415
0.455396 0.792134
0.455509 0.213391
0.455729 0.849123
0.456191 0.185464
0.456402 0.920063
0.456432 0.42041
0.456909 0.183359
0.457109 0.556534
0.457118 0.211693
0.457459 0.949058
0.457612 0.367923
0.457664 0.910756
0.458572 0.11084
0.458717 0.489591
0.458951 0.297144
0.459072 0.724658
0.459194 0.774434
0.459417 0.387144
0.45957 0.802139
0.459673 0.904002
0.460311 0.846441
0.460429 0.705076
0.461208 0.205191
0.461238 0.696246
0.461337 0.912492
0.46201 0.675604
0.46238 0.360105
0.462556 0.464225
0.463412 0.911695
0.463432 0.104173
0.463528 0.153396
0.464208 0.724605
0.464236 0.308207
0.464289 0.214533
0.464557 0.682516
0.464629 0.484894
0.464971 0.910942
0.465093 0.183753
0.465219 0.680824
0.465276 0.145402
0.466573 0.232168
0.46718 0.761312
0.467221 0.230228
0.46766 0.47539
0.467673 0.0965014
0.46787 0.900968
0.467986 0.162449
0.469138 0.549818
0.469149 0.14386
0.469678 0.0572348
0.470192 0.0782092
0.47059 0.497127
0.470626 0.142295
0.470688 0.471507
0.470855 0.826656
0.47183 0.892778
0.472635 0.746137
0.473146 0.413083
0.473187 0.269696
0.473277 0.935598
0.47338 0.305077
0.473416 0.925478
0.473661 0.729026
0.473891 0.626194
0.474013 0.305356
0.474121 0.0671532
0.474817 0.728946
0.47493 0.900883
0.475131 0.458928
0.475233 0.273742
0.475869 0.798633
0.476232 0.824351
0.476305 0.0370924
0.476374 0.596768
0.476479 0.843779
0.476609 0.0315171
0.476893 0.144196
0.477006 0.524221
0.477202 0.0533888
0.477372 0.235557
0.477744 0.300785
0.477825 0.636389
0.477829 0.229017
0.477962 0.267773
0.478014 0.0314456
0.478535 0.264846
0.478767 0.572796
0.479288 0.46697
0.479379 0.445095
0.479441 0.0769875
0.480173 0.710119
0.480387 0.798188
0.480626 0.900585
0.480997 0.220001
0.481017 0.402283
0.481093 0.968184
0.481394 0.788849
0.481667 0.39777
0.48167 0.900235
0.481707 0.217356
0.481821 0.495829
0.482466 0.25231
0.482496 0.96089
0.482499 0.0663673
0.482672 0.0410181
0.482684 0.626257
0.482739 0.611591
0.483105 0.139157
0.483305 0.499809
0.483711 0.128292
0.483774 0.750185
0.484072 0.489739
0.48411 0.371788
0.484202 0.484509
0.484294 0.655554
0.484648 0.0551644
0.48468 0.371169
0.484892 0.674505
0.485031 0.0186885
0.485187 0.471522
0.485205 0.367262
0.485465 0.468894
0.4856 0.2066
0.485801 0.397446
0.485901 0.983126
0.486782 0.352932
0.487163 0.522918
0.487312 0.968214
0.487667 0.611088
0.487702 0.186897
0.487789 0.725074
0.487885 0.594464
0.488301 0.988082
0.488763 0.698333
0.488789 0.110823
0.4895 0.35242
0.489631 0.625597
0.489734 0.662877
0.489944 0.947005
0.489994 0.247653
0.490362 0.105418
0.490992 0.102645
0.49124 0.660165
0.491566 0.460976
0.491665 0.885501
0.491783 0.788328
0.491829 0.184027
0.491998 0.839428
0.492267 0.552051
0.492632 0.366726
0.492721 0.593781
0.493299 0.454913
0.493498 0.568029
0.494048 0.960216
0.49405 0.224436
0.494124 0.0649927
0.494951 0.654933
0.495461 0.649913
0.495618 0.720296
0.495852 0.0719304
0.496104 0.0421191
0.496512 0.94131
0.496811 0.250607
0.496927 0.112135
0.497092 0.69426
0.497238 0.295267
0.497543 0.625007
0.49766 0.940545
0.497787 0.835225
0.498029 0.960627
0.498237 0.884288
0.498262 0.522392
0.498596 0.668539
0.498893 0.939403
0.498989 0.692182
0.499194 0.0379796
0.499238 0.184956
0.499393 0.0122423
0.499406 0.583195
0.499681 0.514595
0.499962 0.878957
0.500262 0.181309
0.500604 0.995144
0.501117 0.680154
0.501379 0.0170383
0.50139 0.556
0.501626 0.757798
0.501891 0.860862
0.5024 0.82292
0.502662 0.215284
0.503151 0.504617
0.503393 0.00390177
0.503732 0.394763
0.503764 0.80856
0.50381 0.789572
0.503843 0.111022
0.504032 0.315936
0.504288 0.0181942
0.504397 0.793828
0.504547 0.463462
0.504904 0.180546
0.504925 0.235748
0.505123 0.149345
0.50517 0.967168
0.505265 0.82219
0.505323 0.189387
0.505375 0.96091
0.505377 0.462615
0.50621 0.679132
0.507133 0.707921
0.507297 0.93432
0.507621 0.629348
0.507997 0.622197
0.50806 0.857546
0.508381 0.706601
0.508482 0.112517
0.508716 0.673819
0.508792 0.917415
0.509051 0.917238
0.509233 0.956317
0.509563 0.91097
0.509634 0.60292
0.51021 0.957935
0.510863 0.186633
0.510968 0.092947
0.511027 0.690941
0.511188 0.846669
0.511516 0.822165
0.511603 0.619364
0.511626 0.184251
0.512023 0.10734
0.512392 0.0137392
0.512452 0.071717
0.512561 0.36539
0.513285 0.540002
0.513412 0.0294181
0.513484 0.79144
0.51369 0.936842
0.513884 0.845254
0.514274 0.570778
0.515602 0.821099
0.515842 0.773791
0.51669 0.0414777
0.516715 0.0470805
0.516801 0.636743
0.516892 0.864783
0.517443 0.927012
0.518044 0.740285
0.518655 0.615239
0.519724 0.613361
0.51982 0.428596
0.520498 0.249373
0.520598 0.789169
0.520806 0.768178
0.520909 0.20174
0.521043 0.685901
0.52153 0.568846
0.521669 0.956769
0.521826 0.720244
0.522093 0.613091
0.522115 0.75372
0.522251 0.636677
0.522589 0.649805
0.523104 0.593943
0.523236 0.531622
0.523376 0.714613
0.523924 0.42545
0.523988 0.182401
0.524149 0.950753
0.524275 0.119363
0.524559 0.150557
0.524868 0.819092
0.525289 0.461547
0.525445 0.4836
0.525502 0.446554
0.525902 0.817837
0.52597 0.143089
0.525993 0.544014
0.526651 0.766644
0.526785 0.310764
0.526921 0.615306
0.52703 0.933823
0.527448 0.418389
0.527526 0.397323
0.527827 0.853882
0.527877 0.634391
0.528 0.649086
0.528217 0.337191
0.528801 0.627653
0.529062 0.0402769
0.529184 0.942827
0.529195 0.0427115
0.529258 0.64312
0.529341 0.429674
0.529411 0.27989
0.529462 0.909742
0.52971 0.824797
0.529804 0.528619
0.530269 0.960559
0.530802 0.724936
0.531008 0.270184
0.531027 0.328565
0.53115 0.0720867
0.531727 0.0383976
0.531855 0.0595746
0.532112 0.793226
0.532125 0.627382
0.53286 0.791783
0.532883 0.702101
0.532936 0.937701
0.532942 0.142243
0.533178 0.620936
0.533194 0.1209
0.533249 0.953046
0.533386 0.63306
0.533792 0.902464
0.533968 0.0547839
0.534224 0.382573
0.53536 0.180272
0.536 0.873613
0.536166 0.891321
0.536345 0.503365
0.536723 0.153384
0.537824 0.948087
0.538404 0.515476
0.53851 0.529839
0.53866 0.684943
0.53957 0.0957755
0.539652 0.848113
0.539732 0.346076
0.539801 0.428789
0.540078 0.24602
0.540274 0.500275
0.541132 0.698594
0.541295 0.200083
0.541465 0.111694
0.541817 0.932737
0.541841 0.407337
0.543157 0.93677
0.543431 0.40235
0.543533 0.6724
0.543614 0.867103
0.543686 0.17489
0.543835 0.565321
0.543994 0.492896
0.544001 0.922756
0.544106 0.672235
0.544296 0.582004
0.544329 0.561199
0.544699 0.342986
0.545052 0.1369
0.545075 0.490003
0.545158 0.620657
0.545639 0.632564
0.545877 0.554612
0.546597 0.803423
0.546601 0.428144
0.546621 0.575019
0.546845 0.75244
0.546986 0.477518
0.547036 0.475439
0.547216 0.862492
0.547545 0.374108
0.547909 0.926687
0.548003 0.864193
0.548029 0.922429
0.548699 0.240402
0.549061 0.23962
0.54909 0.368832
0.54938 0.602857
0.54955 0.119091
0.550166 0.83841
0.550263 0.507579
0.5504 0.775591
0.550742 0.520499
0.550769 0.177236
0.551251 0.106469
0.551395 0.483665
0.551845 0.372743
0.552054 0.0530596
0.552244 0.175865
0.552895 0.0920286
0.553126 0.924401
0.554339 0.85467
0.554342 0.911553
0.555075 0.822
0.555277 0.473484
0.556049 0.384962
0.556134 0.085221
0.556337 0.356772
0.556949 0.621599
0.557154 0.77178
0.557474 0.471777
0.557474 0.402042
0.557657 0.859146
0.558405 0.674027
0.5588 0.445037
0.560677 0.731422
0.560718 0.76044
0.560836 0.59719
0.561469 0.882398
0.561605 0.0699992
0.561666 0.245734
0.561871 0.590913
0.562377 0.587649
0.562402 0.778999
0.563104 0.85422
0.56341 0.699346
0.564041 0.241178
0.564308 0.444407
0.564613 0.730364
0.564957 0.556229
0.56498 0.695991
0.565016 0.574071
0.565046 0.56404
0.565054 0.34313
0.565162 0.238439
0.565234 0.231931
0.565362 0.219722
0.565656 0.476521
0.566228 0.663323
0.566325 0.878354
0.566543 0.671852
0.566643 0.539814
0.566657 0.437319
0.566729 0.0806802
0.567263 0.277816
0.567492 0.538031
0.567646 0.820514
0.56788 0.0831056
0.568034 0.356114
0.568175 0.260293
0.568178 0.464242
0.568898 0.111579
0.569065 0.912152
0.569312 0.0744096
0.569384 0.384313
0.569475 0.720342
0.569859 0.397221
0.570024 0.149095
0.570729 0.0714702
0.571132 0.893249
0.571711 0.382312
0.571968 0.503238
0.572175 0.624987
0.572535 0.434006
0.572747 0.908884
0.572947 0.30164
0.573032 0.79007
0.573159 0.335013
0.573402 0.452137
0.57471 0.0793413
0.574802 0.735818
0.575243 0.868955
0.57592 0.904447
0.57595 0.189287
0.57666 0.663065
0.577264 0.282822
0.577399 0.6701
0.577713 0.402666
0.578246 0.232111
0.578591 0.827891
0.578847 0.223867
0.579002 0.126413
0.579041 0.787763
0.579092 0.782907
0.579204 0.880536
0.579261 0.165176
0.579352 0.587097
0.579625 0.70572
0.579875 0.590379
0.580246 0.632265
0.580581 0.488319
0.580707 0.312136
0.580879 0.576354
0.581539 0.27647
0.581746 0.30752
0.582084 0.164847
0.582867 0.563804
0.582941 0.839522
0.583043 0.213441
0.583586 0.609208
0.583812 0.876603
0.583947 0.391204
0.584149 0.143491
0.584433 0.889318
0.584638 0.124347
0.584683 0.804841
0.585083 0.478186
0.585427 0.211484
0.585721 0.55299
0.585843 0.534837
0.586261 0.359414
0.586488 0.319964
0.587518 0.355537
0.587713 0.627665
0.588239 0.5528
0.588288 0.318201
0.58871 0.865404
0.588801 0.518517
0.589171 0.19478
0.589672 0.820684
0.590149 0.432747
0.591207 0.625918
0.591332 0.389295
0.591476 0.703371
0.591507 0.176814
0.591563 0.379445
0.593853 0.694863
0.593996 0.130994
0.594098 0.810434
0.594731 0.129123
0.595011 0.401022
0.595054 0.307233
0.595083 0.406718
0.595151 0.379025
0.59539 0.709806
0.595746 0.234237
0.596022 0.285889
0.596024 0.588857
0.596235 0.573353
0.596304 0.781281
0.596427 0.646095
0.597819 0.317311
0.597896 0.623976
0.597971 0.852011
0.598342 0.278366
0.598731 0.875239
0.599236 0.682738
0.59933 0.619609
0.599455 0.189304
0.599671 0.263812
0.599819 0.889169
0.599901 0.403937
0.599988 0.454485
0.600113 0.421937
0.600532 0.549996
0.600973 0.276726
0.601403 0.77189
0.601457 0.541832
0.602194 0.816964
0.602208 0.313042
0.602484 0.801641
0.602722 0.666308
0.602881 0.528609
0.602932 0.208668
0.603443 0.114376
0.603445 0.884352
0.603455 0.432575
0.603618 0.609528
0.603648 0.679407
0.603765 0.178019
0.604419 0.863784
0.604486 0.797489
0.604637 0.203855
0.604936 0.392766
0.604977 0.105429
0.605468 0.607038
0.606053 0.861173
0.606159 0.188541
0.606984 0.708069
0.606998 0.535933
0.607238 0.369776
0.607257 0.851125
0.607318 0.227069
0.607554 0.628552
0.607582 0.332683
0.607905 0.797105
0.607923 0.479898
0.608 0.679014
0.608049 0.420895
0.608209 0.790257
0.60844 0.883141
0.608486 0.606003
0.609093 0.428947
0.609249 0.213119
0.60953 0.677905
0.609872 0.765345
0.609927 0.587801
0.610021 0.404512
0.610093 0.355368
0.610428 0.662363
0.611244 0.127765
0.611321 0.867226
0.611663 0.26583
0.611899 0.312154
0.612135 0.361109
0.612492 0.603053
0.612691 0.755882
0.612965 0.352701
0.613398 0.399522
0.613568 0.572634
0.613637 0.290085
0.613846 0.744742
0.61531 0.840739
0.615878 0.524944
0.616873 0.853633
0.617259 0.832592
0.617331 0.621014
0.617667 0.428681
0.617985 0.344505
0.618872 0.451876
0.619036 0.313162
0.61909 0.183941
0.619241 0.457715
0.619379 0.782384
0.619403 0.876248
0.619614 0.437846
0.619812 0.850916
0.619994 0.417783
0.620074 0.673624
0.620468 0.252578
0.620841 0.789491
0.621845 0.191752
0.623392 0.868892
0.623681 0.841267
0.623893 0.238379
0.623975 0.212706
0.624498 0.225454
0.624593 0.344338
0.624722 0.520462
0.624803 0.41737
0.624998 0.188342
0.62583 0.267661
0.625831 0.54239
0.626161 0.605672
0.626371 0.701013
0.626451 0.587402
0.626884 0.813921
0.626913 0.695554
0.627086 0.339105
0.627116 0.601576
0.627148 0.563695
0.627231 0.46069
0.627496 0.254504
0.627612 0.491303
0.627701 0.450664
0.628603 0.17757
0.628751 0.439496
0.628969 0.332348
0.630052 0.782613
0.630415 0.168755
0.630939 0.58604
0.630969 0.546879
0.631014 0.685268
0.631049 0.677131
0.631089 0.250475
0.63113 0.459778
0.631687 0.368399
0.632419 0.654054
0.632422 0.407234
0.632455 0.827981
0.632706 0.398026
0.633023 0.516093
0.633152 0.747323
0.633217 0.846208
0.633409 0.223551
0.63347 0.418558
0.633752 0.329078
0.634026 0.328076
0.634252 0.30637
0.635659 0.219496
0.635686 0.476766
0.636333 0.728585
0.636498 0.723371
0.637639 0.528391
0.638007 0.515401
0.638153 0.359559
0.638522 0.822441
0.638922 0.515015
0.639129 0.653684
0.639249 0.386803
0.639575 0.435294
0.639936 0.285613
0.63999 0.182899
0.64044 0.677002
0.640486 0.574191
0.640524 0.745119
0.640756 0.41855
0.640881 0.584818
0.641634 0.428974
0.641948 0.572749
0.643894 0.672391
0.645282 0.152518
0.645722 0.473587
0.646124 0.457308
0.646447 0.68196
0.646481 0.583916
0.64677 0.455844
0.646818 0.773578
0.647265 0.639952
0.647435 0.386068
0.648586 0.431675
0.648751 0.558404
0.648809 0.650126
0.648991 0.42056
0.649258 0.725
0.649656 0.462981
0.650246 0.218649
0.651203 0.823478
0.651309 0.598974
0.651744 0.678969
0.652263 0.647651
0.652714 0.643255
0.652763 0.479192
0.652858 0.575611
0.652966 0.827921
0.653006 0.784166
0.653842 0.613813
0.654327 0.511398
0.654549 0.351552
0.655028 0.351522
0.65547 0.717957
0.655831 0.408963
0.655854 0.418875
0.65668 0.656957
0.6573 0.350686
0.657844 0.50967
0.659052 0.447918
0.659152 0.421355
0.659346 0.41334
0.659663 0.550006
0.659751 0.702206
0.660046 0.313012
0.660253 0.709588
0.661519 0.821896
0.661573 0.548925
0.661592 0.699874
0.662217 0.642199
0.662713 0.810512
0.662734 0.827228
0.662888 0.196117
0.662998 0.762946
0.663487 0.754051
0.664606 0.695284
0.665359 0.787832
0.665739 0.310029
0.666446 0.237231
0.666497 0.388039
0.667067 0.69447
0.667476 0.305544
0.667584 0.632287
0.668233 0.265245
0.668929 0.283099
0.66923 0.525323
0.669753 0.504779
0.670009 0.700192
0.670057 0.50298
0.670063 0.575428
0.670195 0.46323
0.670197 0.187735
0.670756 0.768424
0.670855 0.475847
0.671069 0.435793
0.672046 0.200971
0.672059 0.187547
0.672317 0.776123
0.672419 0.196485
0.672484 0.310578
0.672634 0.183554
0.6732 0.645098
0.673598 0.363765
0.673608 0.27195
0.673808 0.269515
0.673965 0.354864
0.674018 0.813134
0.674195 0.422529
0.674335 0.754852
0.674389 0.614158
0.674963 0.773425
0.675101 0.638905
0.675422 0.609554
0.675505 0.812807
0.676427 0.472564
0.676776 0.421985
0.677017 0.81619
0.677299 0.386781
0.677568 0.205258
0.677812 0.257027
0.67785 0.516977
0.678097 0.309153
0.678352 0.574576
0.678432 0.763569
0.678576 0.570543
0.678728 0.637686
0.679011 0.470832
0.679102 0.514228
0.679205 0.249781
0.679344 0.63471
0.680133 0.533254
0.680241 0.81124
0.680368 0.489717
0.680699 0.597749
0.680714 0.586769
0.680799 0.408131
0.681078 0.776146
0.682088 0.225253
0.682658 0.503699
0.682684 0.743447
0.682766 0.629796
0.683077 0.734639
0.683232 0.52162
0.683971 0.757321
0.684299 0.229552
0.684343 0.72733
0.684787 0.683235
0.685537 0.18886
0.685946 0.192381
0.686145 0.219798
0.686268 0.518046
0.686333 0.723753
0.686848 0.214622
0.687269 0.266652
0.687392 0.337673
0.687419 0.404763
0.687438 0.603459
0.68761 0.465646
0.688076 0.746409
0.688413 0.725751
0.688696 0.588618
0.68887 0.7137
0.689012 0.582935
0.689281 0.414775
0.689723 0.22859
0.691293 0.774514
0.691462 0.209433
0.691641 0.635988
0.691811 0.771238
0.691851 0.462628
0.691879 0.553183
0.691936 0.708851
0.69235 0.595693
0.692356 0.544939
0.692465 0.459709
0.692651 0.536597
0.693484 0.592274
0.694362 0.243417
0.694575 0.788262
0.694678 0.427152
0.694729 0.422113
0.696095 0.306764
0.696113 0.595194
0.696749 0.417194
0.696767 0.406376
0.696801 0.231168
0.697455 0.295507
0.698345 0.635109
0.698377 0.384594
0.698446 0.719151
0.699506 0.707494
0.699598 0.22687
0.699749 0.46482
0.700596 0.677712
0.700712 0.501546
0.701456 0.791529
0.701722 0.331075
0.701756 0.20793
0.701793 0.402843
0.7023 0.756614
0.702301 0.559371
0.702614 0.789695
0.702711 0.658011
0.703011 0.356669
0.703574 0.472178
0.703795 0.210047
0.704008 0.329898
0.704089 0.397832
0.704944 0.464736
0.704949 0.779519
0.705497 0.756471
0.705803 0.503285
0.705956 0.389302
0.705961 0.226074
0.706212 0.484405
0.706596 0.784337
0.706764 0.543103
0.707004 0.276735
0.707452 0.532239
0.707679 0.633786
0.708142 0.318238
0.709188 0.671509
0.709487 0.223401
0.709851 0.429369
0.709869 0.776795
0.709958 0.216669
0.710105 0.374345
0.710329 0.782011
0.710547 0.348965
0.71071 0.528534
0.711056 0.594348
0.711529 0.712347
0.711908 0.65388
0.711942 0.587867
0.712036 0.463248
0.712381 0.501928
0.712578 0.686505
0.712673 0.671366
0.713137 0.666932
0.713146 0.557909
0.713469 0.743168
0.713559 0.482045
0.713759 0.729753
0.714293 0.711877
0.714657 0.310285
0.715048 0.523927
0.715076 0.409197
0.715091 0.371196
0.71511 0.351558
0.715149 0.25678
0.715504 0.253401
0.715807 0.349788
0.715844 0.7789
0.716412 0.245013
0.716427 0.317189
0.717616 0.618358
0.719648 0.42102
0.719674 0.683073
0.719801 0.223596
0.720195 0.391965
0.720501 0.302148
0.720637 0.587018
0.721374 0.448864
0.721438 0.493468
0.721461 0.444804
0.721485 0.233259
0.721932 0.391599
0.722637 0.770723
0.722863 0.769223
0.722899 0.349341
0.723764 0.684386
0.724284 0.738219
0.72513 0.449828
0.725223 0.733064
0.725331 0.449279
0.725455 0.731451
0.726425 0.726346
0.728479 0.420074
0.728904 0.471545
0.72895 0.614439
0.729077 0.643315
0.729329 0.231921
0.729554 0.416834
0.730343 0.406497
0.73061 0.561607
0.730744 0.358462
0.730786 0.438958
0.730982 0.524247
0.731138 0.53052
0.73131 0.735883
0.73179 0.709866
0.732037 0.236798
0.732499 0.353229
0.732726 0.640656
0.73283 0.751769
0.732844 0.735393
0.733493 0.469507
0.733692 0.632053
0.73375 0.41375
0.733864 0.631927
0.734059 0.551235
0.73427 0.70922
0.734362 0.509218
0.734757 0.23505
0.734842 0.59124
0.734882 0.61831
0.73489 0.545483
0.735341 0.337348
0.735544 0.447223
0.736604 0.25923
0.737006 0.516204
0.737029 0.706718
0.737174 0.405582
0.737193 0.611463
0.73741 0.589629
0.737985 0.57727
0.7388 0.242893
0.739983 0.60971
0.740225 0.731032
0.740314 0.728412
0.740684 0.410473
0.740969 0.724923
0.742995 0.319667
0.743072 0.404305
0.743977 0.678255
0.744376 0.594717
0.744602 0.509132
0.744695 0.695616
0.745224 0.315209
0.745645 0.552604
0.746031 0.672874
0.746435 0.548015
0.748335 0.63045
0.749138 0.590853
0.750111 0.407103
0.75113 0.530099
0.751506 0.432312
0.751769 0.477967
0.75196 0.514549
0.752087 0.42247
0.752119 0.310188
0.752328 0.689027
0.752564 0.683364
0.75282 0.283791
0.752943 0.392056
0.75347 0.421812
0.753573 0.514494
0.753942 0.283592
0.753999 0.281227
0.754616 0.646852
0.755604 0.646979
0.756148 0.385455
0.756246 0.305074
0.756567 0.589893
0.756898 0.400286
0.757006 0.723356
0.757184 0.670304
0.757415 0.359917
0.757951 0.420498
0.758431 0.588522
0.758473 0.453148
0.758787 0.439434
0.758858 0.455948
0.759088 0.443821
0.759179 0.443438
0.75927 0.477424
0.761672 0.455634
0.76181 0.717269
0.763443 0.341494
0.763859 0.691042
0.764789 0.487379
0.766546 0.707566
0.766906 0.666084
0.767647 0.645278
0.767649 0.353857
0.768187 0.302682
0.768668 0.441664
0.769508 0.455153
0.769657 0.381675
0.769783 0.408384
0.76989 0.701191
0.770317 0.610746
0.770647 0.48343
0.77093 0.719859
0.772395 0.642521
0.772423 0.513696
0.773178 0.572246
0.774271 0.698889
0.774644 0.69436
0.775129 0.526634
0.775269 0.350217
0.775447 0.416383
0.775865 0.399159
0.775935 0.513469
0.776117 0.691186
0.776574 0.482728
0.776717 0.360998
0.777723 0.47762
0.777907 0.47433
0.778396 0.439841
0.778457 0.343798
0.778669 0.514109
0.779202 0.323405
0.779343 0.704791
0.779896 0.473946
0.780397 0.287384
0.78065 0.458675
0.781477 0.641298
0.782392 0.547815
0.782706 0.542321
0.78281 0.680241
0.786134 0.35743
0.786243 0.685762
0.786435 0.564275
0.787009 0.3814
0.787192 0.581738
0.787673 0.555411
0.78879 0.675869
0.789011 0.347734
0.789228 0.571883
0.789685 0.702501
0.789919 0.683024
0.790139 0.655059
0.790321 0.507409
0.790357 0.568135
0.790537 0.564921
0.793559 0.631691
0.794535 0.380818
0.795408 0.341686
0.795798 0.55813
0.79602 0.396083
0.796269 0.394219
0.796849 0.625864
0.797547 0.664518
0.797786 0.555014
0.799469 0.679559
0.799649 0.378171
0.800151 0.550951
0.800358 0.447765
0.801997 0.363309
0.802626 0.572789
0.802849 0.447401
0.802985 0.672724
0.803123 0.649698
0.803268 0.475358
0.803559 0.506668
0.803691 0.563357
0.804002 0.67929
0.804471 0.546356
0.806023 0.435654
0.80626 0.354771
0.806875 0.540168
0.806977 0.334597
0.807305 0.418165
0.808112 0.347277
0.808319 0.409963
0.808729 0.333957
0.808812 0.371273
0.809845 0.532959
0.809938 0.406652
0.810136 0.360501
0.810167 0.670264
0.810506 0.434265
0.812361 0.358473
0.813173 0.482641
0.813606 0.350699
0.813908 0.524068
0.814233 0.343709
0.814464 0.422769
0.814607 0.421463
0.815549 0.357532
0.815695 0.554845
0.818222 0.336398
0.818427 0.451689
0.818479 0.334641
0.818774 0.449838
0.818914 0.324241
0.820008 0.604177
0.820114 0.538681
0.820125 0.645789
0.820475 0.527192
0.821346 0.393356
0.821456 0.639201
0.821881 0.660617
0.822491 0.341881
0.822713 0.549483
0.82428 0.603752
0.825729 0.56542
0.825854 0.392787
0.82609 0.445507
0.827189 0.410821
0.828305 0.404979
0.828711 0.655237
0.829606 0.637076
0.830184 0.434186
0.830264 0.400118
0.830584 0.597846
0.831318 0.378242
0.832694 0.508504
0.832756 0.591284
0.832782 0.564996
0.833061 0.562808
0.833709 0.515335
0.833786 0.658716
0.835527 0.524601
0.835595 0.585925
0.836072 0.616926
0.837196 0.408717
0.83753 0.508998
0.838922 0.449422
0.839251 0.56001
0.83936 0.389419
0.839636 0.432099
0.841765 0.608826
0.841784 0.559678
0.841951 0.386609
0.842049 0.553075
0.842327 0.376806
0.842328 0.475882
0.843774 0.470318
0.844324 0.631872
0.846239 0.440908
0.849296 0.380967
0.849793 0.608763
0.849889 0.551547
0.850332 0.508304
0.8507 0.414253
0.850753 0.604966
0.851807 0.546675
0.852571 0.371531
0.852638 0.5439
0.852905 0.594923
0.853607 0.434316
0.856635 0.406111
0.856784 0.474568
0.858087 0.587619
0.859075 0.370419
0.859266 0.414894
0.860862 0.397317
0.862028 0.365801
0.862549 0.450069
0.863591 0.598589
0.865497 0.597416
0.865933 0.592262
0.866302 0.580036
0.866894 0.579683
0.868147 0.573311
0.868248 0.54451
0.868859 0.561332
0.869743 0.386647
0.870631 0.592084
0.87081 0.42443
0.872029 0.533795
0.872747 0.530416
0.875055 0.388642
0.87736 0.449503
0.878486 0.589383
0.878611 0.500191
0.878954 0.530344
0.879072 0.49231
0.880087 0.417086
0.881604 0.487703
0.881871 0.447211
0.882693 0.549394
0.883596 0.585369
0.88483 0.482827
0.886167 0.583638
0.886395 0.562353
0.886933 0.428783
0.888091 0.477673
0.889367 0.475718
0.890703 0.545918
0.890908 0.579193
0.895926 0.542735
0.896468 0.518961
0.896494 0.506795
0.897484 0.409768
0.898184 0.522921
0.89909 0.549285
0.900316 0.406506
0.9004 0.499587
0.902264 0.517521
0.902575 0.411085
0.902652 0.546253
0.906804 0.446471
0.908122 0.542526
0.909421 0.572427
0.911579 0.427996
0.912962 0.505202
0.913637 0.496581
0.914137 0.538511
0.914589 0.563561
0.915334 0.504664
0.915756 0.472557
0.916845 0.533121
0.917178 0.521276
0.918604 0.558109
0.921439 0.423791
0.921483 0.517861
0.923303 0.514552
0.924641 0.512885
0.92479 0.457387
0.929384 0.442535
0.929388 0.437654
0.930434 0.436443
0.931892 0.475598
0.940769 0.503212
0.944863 0.460428
0.944945 0.489321
0.945203 0.546432
0.949541 0.455871
0.951067 0.530851
0.958799 0.487001
0.961249 0.482408
0.961511 0.516178
0.961559 0.502705
0.962781 0.502056
0.964651 0.47472
0.970172 0.51532
0.975252 0.48046
0.976694 0.505881
0.978127 0.482531
0.9845 0.512626
0.990253 0.49251
0.994645 0.504534
