9.6492e-05 0.325034
0.000215844 0.157944
0.000234932 0.555297
0.000283497 0.238056
0.000330798 0.109634
0.000615144 0.476381
0.000689532 0.819499
0.000698333 0.597496
0.000951186 0.603786
0.00104219 0.166454
0.00113556 0.27054
0.00135372 0.182584
0.00148899 0.415158
0.00155513 0.505482
0.00155739 0.831411
0.00159084 0.804147
0.0016193 0.319913
0.00165286 0.678124
0.00231575 0.95869
0.00254678 0.407397
0.00270431 0.522579
0.00281304 0.609062
0.0029004 0.96054
0.00296901 0.467174
0.00348231 0.783101
0.00372438 0.298792
0.0037419 0.318663
0.00383546 0.158619
0.00394332 0.430477
0.00397596 0.507563
0.00406339 0.910734
0.00435502 0.440659
0.004475 0.76579
0.00455031 0.88911
0.00464804 0.732493
0.00484161 0.343072
0.00493099 0.450435
0.00499319 0.717163
0.00508969 0.232529
0.00509609 0.929622
0.00528125 0.896369
0.00536603 0.574059
0.00559116 0.585868
0.0056827 0.432569
0.00568464 0.322905
0.00593025 0.625767
0.00609662 0.718722
0.00634804 0.0372454
0.00637993 0.528088
0.00651354 0.797582
0.00661494 0.988607
0.00667478 0.870563
0.00667866 0.0782467
0.00694069 0.743153
0.00704307 0.713582
0.0071282 0.923272
0.00716282 0.991099
0.00744295 0.225669
0.00780556 0.800953
0.0080829 0.389885
0.00810392 0.196337
0.00830281 0.996799
0.00853188 0.601231
0.00855584 0.230702
0.00860458 0.506804
0.00909405 0.702584
0.0091098 0.764192
0.00952344 0.518337
0.00961921 0.395237
0.00971716 0.994141
0.00996848 0.676117
0.0101394 0.660566
0.0102787 0.581268
0.0103113 0.388982
0.0105682 0.843087
0.0107931 0.998285
0.0109229 0.489586
0.0110079 0.953201
0.0111429 0.572405
0.0112246 0.754818
0.0117336 0.889627
0.0121422 0.0333952
0.0122582 0.217014
0.0123666 0.663268
0.0127193 0.449205
0.0129104 0.637254
0.0131409 0.988303
0.0131977 0.507069
0.0132077 0.872381
0.0132678 0.687963
0.0133872 0.812988
0.013654 0.201531
0.0136546 0.996573
0.0136748 0.835738
0.0141662 0.0284963
0.0142273 0.271819
0.0143738 0.846891
0.014386 0.31301
0.0144237 0.746551
0.0144897 0.901622
0.0146843 0.886726
0.0147281 0.913558
0.0147946 0.643191
0.0148853 0.926281
0.0149234 0.995849
0.0151161 0.0283317
0.0153148 0.643553
0.0154377 0.30531
0.0155229 0.650639
0.0155489 0.226004
0.0155805 0.27883
0.01565 0.584722
0.0157807 0.488972
0.0159397 0.253039
0.0159579 0.662538
0.0160736 0.537684
0.016144 0.793626
0.0161686 0.809902
0.016382 0.865471
0.0165057 0.901928
0.016712 0.187778
0.0170814 0.555015
0.0172828 0.154811
0.0173079 0.81267
0.0176501 0.666607
0.0176916 0.506971
0.017749 0.0475941
0.0178231 0.425882
0.0178278 0.439884
0.0179438 0.903151
0.0185979 0.149549
0.0186238 0.0975505
0.0187443 0.920876
0.0188063 0.28131
0.0188741 0.413822
0.019018 0.45193
0.0192773 0.204263
0.0193731 0.165059
0.0193835 0.514836
0.0194261 0.422944
0.0197992 0.728668
0.0198273 0.789996
0.0199205 0.503211
0.0200634 0.535661
0.0201961 0.587744
0.0205817 0.427923
0.0209849 0.350843
0.0212191 0.765144
0.0215428 0.278993
0.0217188 0.927864
0.0217793 0.685755
0.0218644 0.965756
0.0219551 0.840644
0.0220292 0.515018
0.0220752 0.880973
0.0225978 0.756889
0.0226693 0.41401
0.0227349 0.708647
0.0228125 0.335525
0.0230438 0.94143
0.023049 0.0204173
0.0230673 0.842827
0.0230795 0.977887
0.0233233 0.610706
0.0234423 0.786257
0.0237362 0.39326
0.0237938 0.524111
0.0238291 0.835797
0.0238909 0.795913
0.0239925 0.629388
0.0241855 0.153037
0.0243586 0.0384775
0.0244209 0.811873
0.0250777 0.563266
0.0256134 0.610819
0.0256624 0.0664976
0.0262133 0.368597
0.0266249 0.649278
0.0267367 0.77516
0.0271024 0.250854
0.0273478 0.65399
0.0274363 0.925445
0.0275404 0.976045
0.027661 0.753439
0.0279621 0.773632
0.0279856 0.821132
0.0281446 0.275993
0.028148 0.905127
0.0282685 0.143839
0.0291351 0.837414
0.0292395 0.540818
0.0294091 0.490631
0.0298078 0.715783
0.0298749 0.362192
0.0299918 0.339143
0.0300681 0.488282
0.0301481 0.726008
0.0301572 0.578105
0.0304181 0.693887
0.0307979 0.266197
0.031083 0.912079
0.0311431 0.620275
0.0312509 0.977451
0.031262 0.490806
0.031287 0.602842
0.0313853 0.236693
0.0313973 0.597277
0.0314744 0.481681
0.0315041 0.612316
0.0315198 0.977386
0.0317731 0.887751
0.0317812 0.70921
0.0319094 0.685666
0.0319562 0.40415
0.0319703 0.864171
0.0321714 0.754773
0.0327266 0.787327
0.0328462 0.807137
0.0328737 0.394198
0.0331531 0.457389
0.0331599 0.782713
0.0332525 0.74197
0.0332657 0.334784
0.0333736 0.565052
0.0334262 0.857592
0.0334856 0.837644
0.033753 0.217707
0.034002 0.782975
0.0342722 0.738926
0.0347918 0.47278
0.0348333 0.710061
0.0349073 0.0265109
0.0353387 0.563923
0.0354452 0.561054
0.0355259 0.68243
0.0358046 0.529065
0.0360921 0.11599
0.0361244 0.79423
0.0361546 0.456562
0.0362256 0.856751
0.0363133 0.917775
0.0364768 0.761003
0.0365423 0.663853
0.036663 0.973243
0.0367872 0.71297
0.0368354 0.779698
0.0368673 0.818221
0.0368898 0.716986
0.0372189 0.633623
0.0372747 0.54243
0.0373828 0.264072
0.0375014 0.878152
0.0377085 0.92867
0.037725 0.743557
0.0381736 0.0349035
0.0385582 0.704971
0.0388137 0.280139
0.0389655 0.930266
0.0391239 0.909823
0.0392671 0.58626
0.0393118 0.225349
0.0393636 0.269018
0.0393773 0.734034
0.0394731 0.247948
0.0396431 0.963667
0.0397661 0.822434
0.0398216 0.447355
0.0400342 0.880222
0.0401909 0.597952
0.0402181 0.437641
0.040619 0.469806
0.04068 0.462428
0.0410631 0.834109
0.0412332 0.720585
0.041256 0.662971
0.0413479 0.901373
0.0413955 0.535673
0.0417332 0.573021
0.0420893 0.853407
0.0421433 0.320767
0.0422178 0.997067
0.0423177 0.705314
0.042371 0.554292
0.0425544 0.424312
0.0430336 0.999787
0.0435338 0.531046
0.0440636 0.679689
0.0441767 0.166679
0.0442185 0.96341
0.0444328 0.544447
0.0445298 0.729419
0.0446692 0.234426
0.0447215 0.627295
0.0450267 0.673399
0.0453257 0.453255
0.0454692 0.521804
0.0455989 0.773699
0.046027 0.911449
0.0461014 0.866154
0.0462016 0.579938
0.046222 0.498839
0.0464627 0.441112
0.0466926 0.645252
0.0469475 0.73933
0.0470091 0.68788
0.0472183 0.873361
0.0474235 0.899681
0.0474434 0.999385
0.0479904 0.440886
0.0480621 0.483354
0.0481108 0.419021
0.0481426 0.626637
0.0490328 0.889601
0.0490815 0.833989
0.0498394 0.757648
0.0500288 0.772019
0.0501356 0.488799
0.0509531 0.34609
0.0516244 0.65488
0.0516986 0.725757
0.0518498 0.891533
0.0519422 0.61019
0.0520802 0.730268
0.052382 0.308058
0.0528236 0.335959
0.0528256 0.788158
0.0529594 0.685727
0.0532911 0.701519
0.0534566 0.611791
0.0541236 0.31698
0.0543034 0.711532
0.054687 0.685611
0.0548504 0.313662
0.0551297 0.52748
0.0557942 0.42552
0.0558465 0.81131
0.0559063 0.560368
0.0562873 0.79741
0.0563068 0.969065
0.0566784 0.640821
0.0567126 0.692127
0.0567635 0.839029
0.0568593 0.697486
0.0569488 0.988463
0.0570977 0.911801
0.0571871 0.832336
0.057301 0.783332
0.0573821 0.653994
0.0580069 0.164154
0.0580533 0.223386
0.0581305 0.330704
0.0582015 0.946047
0.0583499 0.711789
0.0584216 0.802708
0.0584737 0.891446
0.0584801 0.376544
0.0585958 0.792901
0.0587625 0.368545
0.0587885 0.50877
0.0594605 0.861144
0.059599 0.510265
0.0599771 0.120832
0.0603151 0.473743
0.0605908 0.954082
0.0608061 0.890327
0.0612029 0.605658
0.0615001 0.635169
0.0615885 0.967393
0.0615914 0.459397
0.0617105 0.585567
0.0618185 0.323447
0.0624101 0.516333
0.0625937 0.705228
0.0629296 0.305127
0.0630603 0.286912
0.0631104 0.448372
0.0635479 0.893717
0.063561 0.894511
0.0640356 0.633992
0.0642504 0.485576
0.0644154 0.589502
0.064662 0.296403
0.0647577 0.766916
0.0647863 0.367429
0.0651553 0.116828
0.0652068 0.264607
0.0652076 0.600203
0.0653544 0.532472
0.065397 0.667342
0.0654242 0.841184
0.0655242 0.143154
0.0656804 0.804649
0.0657818 0.133345
0.0661702 0.742722
0.0662534 0.88098
0.0663817 0.613378
0.0667041 0.289542
0.0667561 0.662698
0.0667686 0.827937
0.0669128 0.598867
0.0671079 0.512327
0.0675546 0.0728066
0.0678432 0.998615
0.0678632 0.615107
0.0678887 0.244809
0.0680463 0.591477
0.068362 0.701423
0.0686667 0.373382
0.0690404 0.0200505
0.0691758 0.989698
0.0694804 0.956104
0.0695475 0.663064
0.0695571 0.99374
0.0698141 0.966288
0.0700058 0.525192
0.0700408 0.871872
0.0704105 0.521572
0.0705163 0.0167242
0.0706285 0.231428
0.0707477 0.729505
0.0711633 0.533899
0.0713385 0.657137
0.0714847 0.764196
0.071579 0.924789
0.0716756 0.59049
0.0724747 0.785826
0.0728327 0.954201
0.0728777 0.7952
0.0728805 0.357814
0.072882 0.612234
0.072947 0.130194
0.0737522 0.371672
0.0739468 0.586256
0.0744783 0.890124
0.0745923 0.906911
0.0753355 0.963784
0.0753831 0.999792
0.0754206 0.360088
0.0755082 0.659526
0.0766591 0.778638
0.0769579 0.945799
0.076975 0.940001
0.0770266 0.946176
0.0771584 0.926025
0.0776286 0.705384
0.0782351 0.967044
0.0787891 0.289149
0.0787936 0.951871
0.0788929 0.825136
0.0789675 0.993694
0.0789875 0.501978
0.079336 0.490649
0.0801559 0.752218
0.0805438 0.838855
0.0807478 0.631547
0.0809249 0.659274
0.0810537 0.175664
0.0814337 0.0068642
0.0816646 0.994583
0.0817285 0.735335
0.0818928 0.900444
0.0819322 0.78029
0.0821617 0.490151
0.0821912 0.95371
0.0826025 0.902828
0.0827671 0.87896
0.0833022 0.509162
0.0834255 0.611115
0.0834921 0.960534
0.0838711 0.854413
0.0839076 0.9384
0.0843235 0.790584
0.0844988 0.9531
0.084555 0.00515218
0.084701 0.776477
0.0848823 0.316065
0.084963 0.704419
0.0850403 0.531437
0.0850686 0.107315
0.085383 0.750611
0.0854788 0.796775
0.0854956 0.812066
0.0856926 0.469337
0.0857748 0.788941
0.0860284 0.276788
0.0863063 0.640257
0.0863802 0.738491
0.0864133 0.691214
0.0868004 0.264401
0.086815 0.384874
0.0868288 0.923417
0.0868864 0.585675
0.0869223 0.984375
0.087291 0.309165
0.0880982 0.801323
0.0884657 0.267991
0.0887366 0.968972
0.0888441 0.00584835
0.089052 0.467381
0.0891939 0.0430849
0.0892073 0.694863
0.0892141 0.688145
0.0894043 0.37911
0.0894709 0.417142
0.089517 0.978179
0.0897591 0.768791
0.089985 0.963607
0.0900426 0.559936
0.0900782 0.556739
0.0901547 0.793252
0.0901792 0.690921
0.0901904 0.611717
0.0902009 0.774581
0.0902453 0.977601
0.0903088 0.859443
0.0904123 0.629363
0.0907303 0.382566
0.0911463 0.380944
0.0911625 0.252396
0.0911718 0.948906
0.0919225 0.68244
0.0920053 0.817528
0.0920842 0.948352
0.0921946 0.624723
0.0923392 0.313503
0.0924788 0.774172
0.0928448 0.28749
0.0929382 0.924656
0.0929854 0.931853
0.0931434 0.841624
0.0939291 0.66515
0.094072 0.773304
0.0941057 0.969829
0.0941685 0.431111
0.0948225 0.251884
0.0950516 0.402192
0.0950547 0.605074
0.095055 0.987222
0.0961597 0.603063
0.0964146 0.874558
0.096583 0.0892461
0.0973483 0.912878
0.0975614 0.597608
0.0976164 0.894664
0.0978362 0.392489
0.0978944 0.769749
0.0980935 0.194301
0.0981453 0.591049
0.098339 0.774818
0.0984454 0.809783
0.0990522 0.735557
0.0993012 0.507962
0.0994507 0.702403
0.0994899 0.433868
0.099633 0.922683
0.0996594 0.660558
0.0997147 0.707782
0.0998146 0.68693
0.100009 0.688081
0.100041 0.565102
0.100599 0.699968
0.100674 0.97265
0.100739 0.503615
0.100812 0.187823
0.10089 0.7572
0.101209 0.919596
0.101357 0.745694
0.101433 0.908349
0.101763 0.864932
0.101886 0.876243
0.102199 0.723695
0.102343 0.555745
0.102357 0.806665
0.102694 0.84739
0.103124 0.177418
0.10319 0.0874784
0.103322 0.54273
0.103525 0.40841
0.104135 0.532445
0.104683 0.970486
0.105065 0.977666
0.105187 0.347747
0.105251 0.651785
0.105252 0.969589
0.105268 0.820171
0.105482 0.849338
0.105615 0.340813
0.105706 0.840892
0.105887 0.831026
0.106404 0.332302
0.106542 0.499172
0.106995 0.325961
0.107238 0.922429
0.10743 0.631498
0.107687 0.879831
0.107751 0.716135
0.107966 0.505913
0.108105 0.0837532
0.108277 0.760451
0.108335 0.513329
0.108357 0.324128
0.108617 0.893501
0.108842 0.756368
0.108932 0.293978
0.108972 0.512651
0.109209 0.853652
0.109419 0.927782
0.109484 0.890216
0.109837 0.554554
0.110025 0.679173
0.110052 0.493697
0.110128 0.850725
0.110636 0.886879
0.110687 0.698743
0.110689 0.98413
0.110706 0.617874
0.110917 0.359023
0.111374 0.532923
0.111547 0.910088
0.111854 0.715601
0.112086 0.884578
0.112252 0.355514
0.112262 0.690835
0.112423 0.754414
0.112729 0.529088
0.112746 0.744486
0.113131 0.898025
0.113208 0.900834
0.113328 0.690528
0.113421 0.701939
0.113541 0.505806
0.113807 0.652413
0.114021 0.243701
0.114318 0.594794
0.114481 0.929102
0.114669 0.293202
0.114776 0.0983336
0.114869 0.591191
0.115183 0.858979
0.11559 0.959812
0.115994 0.0961939
0.116022 0.0565768
0.116191 0.734425
0.116225 0.290462
0.116377 0.128046
0.116899 0.091437
0.116904 0.923951
0.117781 0.124871
0.118042 0.77008
0.118199 0.79778
0.118463 0.458062
0.118761 0.525565
0.119598 0.792094
0.119674 0.697194
0.119871 0.520709
0.120591 0.770516
0.120683 0.487768
0.120718 0.982531
0.120856 0.197817
0.12102 0.621797
0.121291 0.692942
0.121417 0.994392
0.121514 0.33477
0.121526 0.410795
0.121634 0.382617
0.121708 0.444003
0.121803 0.55217
0.121859 0.892045
0.121955 0.967382
0.121978 0.957956
0.122138 0.956126
0.122158 0.949841
0.122464 0.729181
0.122709 0.797103
0.122733 0.44043
0.122831 0.090932
0.123155 0.805043
0.123506 0.656938
0.123742 0.618859
0.123968 0.888588
0.124003 0.717346
0.125007 0.669948
0.125022 0.869576
0.125118 0.754268
0.125133 0.87384
0.12514 0.588762
0.125373 0.919313
0.125654 0.747937
0.125753 0.935696
0.125838 0.742953
0.126027 0.67196
0.126327 0.348419
0.12652 0.742466
0.126661 0.80387
0.126845 0.668865
0.127282 0.509679
0.127286 0.928126
0.127448 0.326713
0.127537 0.876739
0.127771 0.120953
0.128042 0.586626
0.128736 0.358912
0.128744 0.902503
0.129004 0.763179
0.129158 0.800331
0.129186 0.503112
0.129642 0.908897
0.129746 0.848246
0.129945 0.668388
0.130104 0.905339
0.13016 0.843054
0.130242 0.662945
0.13058 0.0849118
0.130834 0.218911
0.131055 0.697358
0.131427 0.817241
0.131555 0.0110465
0.131589 0.97742
0.131659 0.184951
0.131719 0.549328
0.131958 0.928763
0.132027 0.920829
0.13269 0.336667
0.132856 0.334343
0.133304 0.932631
0.133523 0.932615
0.133681 0.842438
0.133878 0.792464
0.134318 0.519673
0.13437 0.535471
0.134638 0.292493
0.13479 0.864061
0.134804 0.461971
0.13545 0.30707
0.135703 0.936036
0.136143 0.859814
0.136257 0.455569
0.136469 0.753972
0.136844 0.32345
0.136993 0.832155
0.137303 0.353168
0.137354 0.352809
0.137366 0.646059
0.137552 0.283386
0.137642 0.83741
0.137647 0.901483
0.137704 0.0416652
0.138834 0.60976
0.138894 0.75586
0.138981 0.782575
0.13906 0.862672
0.139882 0.969797
0.139964 0.901105
0.140037 0.159497
0.140278 0.894234
0.140384 0.846652
0.140436 0.870887
0.140682 0.842923
0.142202 0.916635
0.142539 0.928442
0.142584 0.919687
0.142692 0.75186
0.142733 0.504586
0.142847 0.822291
0.142868 0.569353
0.143265 0.277411
0.143521 0.236151
0.143656 0.963639
0.143724 0.177642
0.143867 0.00491408
0.14427 0.708421
0.144481 0.975498
0.144946 0.0672564
0.145178 0.484665
0.14518 0.849074
0.145406 0.85259
0.145939 0.680714
0.146136 0.869922
0.146206 0.448195
0.146266 0.942073
0.146507 0.929996
0.146622 0.878191
0.146636 0.812695
0.146697 0.844796
0.146753 0.605642
0.146816 0.970473
0.147301 0.0818284
0.147569 0.969065
0.1477 0.553712
0.147818 0.795024
0.148092 0.989155
0.148137 0.707512
0.148632 0.149565
0.149195 0.95408
0.149284 0.672553
0.14945 0.637041
0.150179 0.867179
0.150382 0.317539
0.150778 0.191558
0.150802 0.729991
0.150974 0.820251
0.151529 0.894673
0.151767 0.885356
0.152059 0.0270386
0.152125 0.6225
0.152409 0.933017
0.152442 0.397072
0.152476 0.994348
0.152829 0.615515
0.153011 0.544397
0.153152 0.607494
0.153198 0.533124
0.154237 0.899111
0.154257 0.00908064
0.154419 0.810865
0.154483 0.918064
0.154687 0.346437
0.154769 0.882248
0.155601 0.651338
0.155784 0.859132
0.156022 0.82435
0.156444 0.21567
0.156483 0.888969
0.157008 0.503284
0.157028 0.925902
0.157132 0.869283
0.157227 0.980497
0.157511 0.677508
0.157913 0.186182
0.158214 0.94277
0.158411 0.742158
0.158574 0.324384
0.159001 0.780642
0.159279 0.824372
0.159283 0.992674
0.159797 0.637073
0.159809 0.0767018
0.160412 0.551033
0.160695 0.772206
0.160958 0.0165846
0.161568 0.114386
0.16188 0.917224
0.161955 0.91438
0.162179 0.823027
0.162326 0.827355
0.163237 0.950517
0.163285 0.268227
0.16361 0.736996
0.163622 0.907158
0.16381 0.057131
0.165209 0.972279
0.165407 0.775717
0.165722 0.52922
0.165774 0.843669
0.165889 0.955664
0.166023 0.97259
0.166563 0.653405
0.166787 0.267291
0.166842 0.526362
0.167344 0.936722
0.167389 0.0535215
0.167443 0.995173
0.167494 0.921136
0.167783 0.281054
0.168181 0.504699
0.168455 0.80107
0.168802 0.831502
0.169028 0.82581
0.16938 0.927847
0.169865 0.849851
0.170194 0.526073
0.170263 0.919893
0.170571 0.545987
0.170616 0.514
0.170938 0.543293
0.171312 0.827296
0.171591 0.998453
0.171757 0.97544
0.171925 0.921401
0.173084 0.886661
0.173098 0.584959
0.173433 0.245752
0.173998 0.0381717
0.174301 0.869778
0.174604 0.679699
0.174899 0.470337
0.175313 0.305868
0.175439 0.712671
0.175441 0.500272
0.175486 0.239636
0.175615 0.941244
0.177147 0.619681
0.177344 0.636718
0.177809 0.501153
0.178849 0.272457
0.17901 0.128945
0.17931 0.87776
0.179531 0.466083
0.179672 0.164696
0.179761 0.773187
0.179999 0.60965
0.180332 0.364363
0.180355 0.904845
0.180761 0.532101
0.180761 0.573883
0.180881 0.95735
0.181028 0.772418
0.181126 0.493291
0.181223 0.796752
0.181577 0.908055
0.18173 0.710438
0.181863 0.84869
0.182126 0.083175
0.182228 0.472974
0.182284 0.965814
0.182364 0.626632
0.182373 0.784607
0.182373 0.921986
0.182604 0.819013
0.182644 0.608871
0.182693 0.103904
0.182941 0.821771
0.18308 0.666533
0.183126 0.672092
0.183147 0.895317
0.183498 0.92568
0.183527 0.599036
0.18355 0.616521
0.183828 0.668692
0.183874 0.910258
0.184061 0.945968
0.184473 0.37546
0.184601 0.661208
0.184613 0.0801886
0.184634 0.663362
0.184739 0.73138
0.18477 0.865153
0.184786 0.257723
0.185 0.612585
0.185524 0.467715
0.185601 0.702841
0.185681 0.771117
0.185826 0.925107
0.185943 0.930096
0.185954 0.971239
0.186417 0.635509
0.186533 0.598964
0.186672 0.00669966
0.186811 0.435699
0.18736 0.383828
0.187639 0.34037
0.188661 0.857054
0.188953 0.463785
0.189101 0.946083
0.189543 0.80915
0.189672 0.446783
0.189722 0.589659
0.189963 0.978235
0.190243 0.891991
0.191024 0.757622
0.191192 0.435693
0.192235 0.194068
0.192242 0.93973
0.1929 0.926884
0.193545 0.941322
0.19399 0.568212
0.194109 0.646409
0.194114 0.912312
0.195391 0.724591
0.19598 0.864023
0.196411 0.143686
0.196507 0.938511
0.197331 0.383372
0.197638 0.567717
0.197776 0.238097
0.198277 0.63794
0.198592 0.820283
0.198602 0.602972
0.199339 0.0291504
0.199383 0.839206
0.199468 0.678335
0.199996 0.620465
0.200654 0.879502
0.200746 0.631031
0.200914 0.842154
0.20134 0.813127
0.201392 0.983736
0.201415 0.979398
0.201619 0.995605
0.201714 0.986177
0.202171 0.746073
0.202276 0.87883
0.202361 0.896472
0.202757 0.592353
0.203836 0.727461
0.204014 0.515337
0.204088 0.0471709
0.204125 0.0169759
0.204216 0.7232
0.204263 0.548235
0.204984 0.875116
0.205087 0.790613
0.205256 0.944372
0.205615 0.337892
0.205737 0.628935
0.205868 0.330633
0.206299 0.754692
0.206329 0.806171
0.206563 0.13906
0.2077 0.769375
0.207929 0.883963
0.207953 0.494923
0.207982 0.828205
0.208041 0.0795506
0.20812 0.567707
0.208175 0.233948
0.208472 0.378314
0.208586 0.233996
0.208618 0.585887
0.209342 0.753068
0.20942 0.622529
0.209437 0.723592
0.209522 0.325762
0.209526 0.820777
0.209585 0.715454
0.209893 0.469747
0.210352 0.102857
0.211281 0.815911
0.211336 0.988404
0.211373 0.658805
0.211567 0.312718
0.211734 0.353827
0.212266 0.352065
0.213473 0.372706
0.213697 0.468596
0.213737 0.309213
0.214179 0.466611
0.214236 0.997574
0.214259 0.0150438
0.214518 0.502217
0.21586 0.955783
0.215975 0.831691
0.216541 0.232479
0.217222 0.858824
0.217657 0.88002
0.217796 0.965615
0.217888 0.987832
0.21801 0.571418
0.218161 0.0101384
0.21824 0.857536
0.218699 0.95367
0.218874 0.45031
0.219192 0.751667
0.21937 0.970922
0.219557 0.542016
0.21958 0.878789
0.219697 0.186142
0.220381 0.99244
0.221009 0.628153
0.221838 0.620322
0.222159 0.76647
0.222541 0.825014
0.222578 0.795799
0.223081 0.868736
0.22343 0.347436
0.223482 0.795766
0.223845 0.807465
0.223855 0.857932
0.22435 0.0844821
0.225139 0.888757
0.22546 0.886813
0.225562 0.985764
0.225566 0.968533
0.225663 0.569646
0.225757 0.400743
0.226063 0.17501
0.226106 0.846151
0.226669 0.912382
0.22695 0.340938
0.227391 0.49225
0.227761 0.756747
0.227815 0.394074
0.227988 0.0149871
0.228021 0.979813
0.22804 0.700818
0.228176 0.998645
0.228225 0.968395
0.228401 0.91919
0.228443 0.18932
0.228859 0.339259
0.228909 0.446611
0.229077 0.174366
0.229367 0.473715
0.229461 0.568185
0.229637 0.985885
0.229872 0.839989
0.230124 0.391318
0.230155 0.838247
0.230156 0.556809
0.230616 0.971912
0.23069 0.217341
0.230894 0.875835
0.231196 0.652422
0.231424 0.709378
0.231559 0.625815
0.232017 0.128648
0.232198 0.990347
0.232246 0.803901
0.232297 0.388879
0.232384 0.595249
0.232641 0.122818
0.232709 0.144738
0.232863 0.833568
0.232943 0.921495
0.233395 0.668181
0.233763 0.0931086
0.234065 0.041417
0.234738 0.436883
0.235037 0.778954
0.235216 0.533316
0.235479 0.0524259
0.236092 0.920186
0.236192 0.121097
0.236741 0.988799
0.238067 0.211461
0.23847 0.00206666
0.238516 0.801485
0.238611 0.966554
0.23863 0.822959
0.239087 0.911133
0.239117 0.433209
0.239188 0.832295
0.239334 0.962538
0.239414 0.579544
0.239553 0.0290742
0.239572 0.591834
0.239805 0.465203
0.240544 0.746561
0.240558 0.981549
0.241573 0.842746
0.241575 0.0222149
0.241854 0.746144
0.242201 0.831092
0.242443 0.901806
0.242619 0.981594
0.243041 0.465027
0.243265 0.532626
0.243292 0.728442
0.243908 0.0198235
0.244199 0.747702
0.244375 0.941346
0.244454 0.288563
0.244456 0.893121
0.244555 0.841766
0.244992 0.925853
0.245078 0.904404
0.245087 0.900214
0.245116 0.0401776
0.245532 0.633419
0.245604 0.722983
0.245766 0.528033
0.245998 0.853427
0.246064 0.937018
0.246093 0.309196
0.246761 0.262476
0.246888 0.0810889
0.247988 0.372008
0.248511 0.660741
0.248669 0.208569
0.249653 0.385642
0.249704 0.432233
0.249835 0.833779
0.250518 0.773574
0.250534 0.46374
0.250771 0.370019
0.250902 0.720177
0.251323 0.0394199
0.251471 0.996879
0.251865 0.827097
0.251883 0.235096
0.252118 0.65564
0.252167 0.982723
0.252581 0.740998
0.252582 0.000148582
0.252769 0.368442
0.25285 0.100369
0.253131 0.764193
0.253292 0.934966
0.253357 0.201205
0.253447 0.713153
0.253506 0.885929
0.253516 0.788996
0.253527 0.096597
0.2536 0.919381
0.253684 0.242788
0.2544 0.0763066
0.254952 0.72605
0.2552 0.259494
0.255629 0.523184
0.255991 0.993866
0.256099 0.850973
0.256274 0.82651
0.256441 0.842087
0.256727 0.918312
0.257135 0.50669
0.257313 0.781419
0.257365 0.775595
0.257555 0.699508
0.257665 0.233464
0.258432 0.942975
0.258456 0.884901
0.258527 0.782592
0.258547 0.873252
0.259038 0.803025
0.259236 0.634024
0.259845 0.015943
0.260529 0.94085
0.26083 0.208337
0.261322 0.092239
0.261362 0.523904
0.261563 0.361078
0.261668 0.79874
0.262481 0.824874
0.262488 0.828982
0.262551 0.268791
0.263018 0.973274
0.263295 0.819571
0.263409 0.0145989
0.263884 0.581665
0.264632 0.792029
0.264815 0.0375797
0.264915 0.29662
0.26563 0.807993
0.265857 0.972321
0.265928 0.626723
0.265937 0.767444
0.266298 0.322919
0.266413 0.720893
0.266861 0.457976
0.266876 0.25653
0.267097 0.918282
0.267328 0.979316
0.267474 0.00540274
0.267675 0.161615
0.267867 0.385721
0.268352 0.253294
0.268394 0.824149
0.268611 0.836477
0.268833 0.187656
0.269598 0.818735
0.269728 0.929579
0.269732 0.966944
0.269944 0.917246
0.270035 0.0905056
0.270866 0.201319
0.270875 0.70174
0.271043 0.0746737
0.271569 0.17688
0.271706 0.0460442
0.271823 0.968419
0.272782 0.845475
0.273007 0.928364
0.273073 0.0717015
0.273081 0.128749
0.273188 0.383451
0.273347 0.145115
0.274015 0.596188
0.274446 0.913378
0.274515 0.044416
0.274649 0.0126287
0.274865 0.999997
0.274939 0.0155434
0.274946 0.572522
0.275103 0.80351
0.275836 0.570033
0.276428 0.375582
0.277529 0.341376
0.277738 0.645554
0.278218 0.834804
0.27843 0.457471
0.278647 0.954077
0.278765 0.130955
0.279173 0.8755
0.279802 0.383965
0.280301 0.980347
0.280356 0.788372
0.280601 0.954209
0.280668 0.339709
0.280907 0.51697
0.280943 0.960754
0.280974 0.873668
0.281276 0.567117
0.281308 0.333182
0.281324 0.999698
0.281839 0.498796
0.282275 0.60458
0.282314 0.602049
0.2826 0.108313
0.282664 0.810942
0.282883 0.413033
0.282941 0.48605
0.282965 0.0899912
0.283747 0.631131
0.284249 0.640766
0.284301 0.973946
0.284348 0.986701
0.284501 0.872243
0.284597 0.9239
0.28507 0.706981
0.285079 0.485586
0.285087 0.7402
0.285223 0.639326
0.285408 0.921962
0.285841 0.538572
0.286363 0.966679
0.286526 0.888253
0.286789 0.0436806
0.286965 0.784438
0.287018 0.795905
0.287325 0.757168
0.287469 0.889846
0.287637 0.128085
0.28779 0.82859
0.288064 0.694357
0.288675 0.24989
0.28877 0.561061
0.289059 0.114754
0.289078 0.67839
0.289185 0.0047886
0.289284 0.372789
0.289344 0.622773
0.289486 0.00876993
0.289526 0.880075
0.289586 0.887671
0.289704 0.555374
0.289827 0.594306
0.28984 0.868072
0.290071 0.912496
0.290133 0.495014
0.290182 0.621304
0.290243 0.517132
0.290418 0.109436
0.291123 0.482531
0.291356 0.909969
0.291376 0.937564
0.292322 0.907163
0.292379 0.811991
0.29245 0.214082
0.292516 0.627687
0.292622 0.857215
0.292793 0.747491
0.292955 0.411381
0.293732 0.7717
0.294148 0.677592
0.294448 0.855
0.294666 0.932457
0.294898 0.232899
0.295032 0.947158
0.295087 0.99485
0.295331 0.266472
0.295802 0.226465
0.295923 0.958162
0.296269 0.0846631
0.296448 0.0436243
0.296476 0.619618
0.296933 0.458907
0.29705 0.937754
0.297409 0.051526
0.297606 0.861989
0.297658 0.991393
0.298032 0.0179256
0.298511 0.36767
0.298676 0.931234
0.298812 0.837825
0.299583 0.808466
0.29969 0.186756
0.300492 0.971058
0.30051 0.169893
0.301661 0.00499577
0.302154 0.701903
0.302749 0.326111
0.302774 0.765173
0.302916 0.133125
0.303144 0.675789
0.303147 0.954754
0.30315 0.937178
0.303152 0.947635
0.30369 0.101491
0.303983 0.103495
0.30426 0.760731
0.304969 0.193962
0.305486 0.960831
0.305683 0.482249
0.305802 0.0162679
0.305913 0.108875
0.3066 0.666206
0.307621 0.637237
0.308596 0.664701
0.30977 0.870255
0.309967 0.399631
0.310232 0.663036
0.310452 0.0870234
0.310554 0.763674
0.310871 0.0353678
0.31089 0.972963
0.310913 0.305829
0.311275 0.970839
0.311394 0.42886
0.311864 0.265989
0.311916 0.997493
0.312222 0.972521
0.312728 0.281737
0.312882 0.985233
0.313002 0.809903
0.313479 0.98283
0.313625 0.239535
0.313754 0.618198
0.313755 0.491931
0.313798 0.969733
0.314159 0.994466
0.314268 0.672164
0.314468 0.62582
0.314548 0.167273
0.314608 0.276472
0.314732 0.42746
0.315527 0.944362
0.315552 0.490391
0.315695 0.00813212
0.315857 0.238705
0.316383 0.980392
0.316447 0.967302
0.316907 0.0148354
0.317459 0.656035
0.317526 0.989714
0.318025 0.382224
0.31807 0.996983
0.318155 0.0740545
0.318481 0.471462
0.318666 0.714655
0.318767 0.97477
0.318792 0.0842018
0.31899 0.74644
0.319463 0.0488878
0.319469 0.905862
0.3195 0.46987
0.319597 0.396435
0.321099 0.499478
0.321549 0.922337
0.321986 0.917341
0.322028 0.205855
0.322046 0.997497
0.32223 0.64591
0.322729 0.495272
0.322862 0.641653
0.322886 0.913632
0.323174 0.393559
0.323274 0.93328
0.32373 0.554309
0.323983 0.668712
0.324262 0.79685
0.324428 0.616398
0.324615 0.449238
0.324693 0.911739
0.325586 0.732609
0.325751 0.614435
0.326222 0.441034
0.326559 0.99709
0.326699 0.817787
0.327566 0.15203
0.327638 0.360335
0.327962 0.389738
0.328114 0.55079
0.328261 0.52545
0.328423 0.0177558
0.328491 0.00738328
0.328499 0.274602
0.328775 0.9939
0.32892 0.263389
0.329115 0.725522
0.329137 0.187771
0.329939 0.696017
0.330484 0.522986
0.330632 0.658624
0.330731 0.612232
0.330843 0.976839
0.331033 0.200684
0.331215 0.853155
0.332034 0.684881
0.332646 0.584965
0.33368 0.0130151
0.33368 0.972865
0.333752 0.795813
0.333965 0.103609
0.334175 0.740074
0.33444 0.00461754
0.334574 0.198804
0.334632 0.549313
0.334723 0.788542
0.335168 0.987913
0.335194 0.683872
0.335259 0.852098
0.335473 0.577171
0.335553 0.987105
0.33571 0.70689
0.336578 0.157949
0.336833 0.990583
0.336844 0.953752
0.337733 0.425978
0.337753 0.154906
0.338192 0.730579
0.338415 0.854753
0.338674 0.80389
0.339079 0.721531
0.339336 0.153888
0.339944 0.174172
0.340051 0.846123
0.34023 0.0436534
0.340545 0.459613
0.340664 0.640727
0.340678 0.455501
0.340903 0.93939
0.342742 0.953371
0.343204 0.682133
0.343339 0.638375
0.343493 0.0114498
0.344836 0.544252
0.345082 0.852131
0.345098 0.0764977
0.345426 0.570821
0.345429 0.768926
0.345545 0.900604
0.345714 0.423906
0.346085 0.981952
0.34611 0.139729
0.346377 0.561503
0.346594 0.990015
0.346599 0.816574
0.346624 0.540052
0.346673 0.167434
0.346825 0.62036
0.346852 0.736118
0.347591 0.784862
0.347912 0.701199
0.348103 0.418076
0.348858 0.584701
0.348985 0.997332
0.349159 0.362954
0.349484 0.694433
0.349551 0.688092
0.349601 0.337642
0.349983 0.865416
0.350481 0.397381
0.350587 0.621829
0.35082 0.534704
0.351651 0.333706
0.352308 0.899945
0.353273 0.505818
0.353856 0.374617
0.354241 0.758641
0.354246 0.322417
0.354294 0.753079
0.354745 0.0672538
0.354897 0.664051
0.354997 0.0409181
0.355865 0.474318
0.355959 0.352646
0.355964 0.529988
0.35616 0.613554
0.356636 0.920675
0.356993 0.315803
0.357074 0.740481
0.357471 0.966886
0.357669 0.83336
0.357683 0.198376
0.357802 0.183792
0.357917 0.657072
0.35801 0.315722
0.358068 0.583126
0.358628 0.652693
0.359626 0.223555
0.360287 0.644494
0.360482 0.642244
0.360765 0.759549
0.360878 0.682473
0.361079 0.919173
0.361081 0.603425
0.361423 0.794791
0.36147 0.312366
0.361677 0.525998
0.36296 0.959311
0.363559 0.947708
0.364328 0.275937
0.364368 0.238594
0.36448 0.339834
0.365034 0.0856267
0.365167 0.512164
0.365242 0.21983
0.365342 0.75558
0.365594 0.963662
0.366013 0.137296
0.366032 0.932931
0.366041 0.83729
0.366667 0.933159
0.366717 0.955051
0.366823 0.782407
0.367052 0.681642
0.367215 0.168974
0.367387 0.5802
0.36742 0.779136
0.36769 0.146564
0.367736 0.550226
0.367852 0.951536
0.368073 0.309891
0.368563 0.91456
0.369202 0.0755504
0.369427 0.0912624
0.369468 0.339594
0.369748 0.378333
0.369971 0.208259
0.370144 0.153227
0.37015 0.823459
0.370235 0.294532
0.370462 0.371671
0.371852 0.538281
0.372151 0.967537
0.372522 0.806095
0.372711 0.0638895
0.373182 0.132208
0.373906 0.805893
0.373909 0.0717455
0.374037 0.567013
0.374368 0.388056
0.374419 0.536471
0.374428 0.641125
0.374747 0.931482
0.375417 0.20676
0.375678 0.22765
0.375923 0.284992
0.376145 0.265029
0.376258 0.936952
0.376374 0.0691847
0.376423 0.897804
0.3777 0.470841
0.377943 0.636032
0.378617 0.00772109
0.378647 0.914137
0.378857 0.319857
0.378911 0.720814
0.378967 0.968795
0.379464 0.496753
0.379571 0.96342
0.379919 0.109097
0.380293 0.447116
0.380542 0.151822
0.381284 0.0852872
0.381365 0.66574
0.381532 0.807456
0.381627 0.629886
0.382038 0.805425
0.382629 0.345932
0.382663 0.36875
0.3829 0.365279
0.382945 0.0624056
0.383135 0.985912
0.383662 0.470098
0.383818 0.999932
0.384587 0.579311
0.384911 0.975939
0.384998 0.299591
0.385034 0.628519
0.385436 0.978708
0.38544 0.49218
0.385446 0.992705
0.385448 0.102895
0.386134 0.00360272
0.387275 0.623946
0.387472 0.535483
0.387475 0.738186
0.387664 0.335277
0.38796 0.10159
0.388138 0.215206
0.388301 0.864798
0.388627 0.06961
0.388795 0.530327
0.389127 0.523825
0.389656 0.429953
0.390139 0.226626
0.390697 0.876639
0.390991 0.0955923
0.391171 0.450363
0.391627 0.707899
0.391808 0.620712
0.391838 0.992749
0.391968 0.235645
0.392645 0.027894
0.392646 0.331464
0.392652 0.834588
0.392755 0.728089
0.392958 0.0527741
0.39321 0.983874
0.393324 0.772108
0.393517 0.328931
0.394192 0.620622
0.394414 0.012023
0.395121 0.228235
0.39612 0.952161
0.396405 0.154614
0.397077 0.295867
0.397271 0.876503
0.39742 0.931102
0.397483 0.94777
0.397718 0.614589
0.397943 0.179222
0.397996 0.0314581
0.398059 0.607165
0.398335 0.645031
0.398569 0.936612
0.398571 0.0873488
0.398725 0.207973
0.398917 0.859987
0.399011 0.270149
0.39971 0.928878
0.400066 0.198085
0.400202 0.841681
0.400472 0.740847
0.401275 0.91992
0.401359 0.111278
0.401497 0.023714
0.401949 0.980593
0.401968 0.703505
0.402317 0.105163
0.40258 0.0636878
0.402736 0.700795
0.402777 0.222245
0.403271 0.911903
0.403664 0.960577
0.40384 0.26091
0.404019 0.681362
0.404163 0.373416
0.404787 0.516324
0.405105 0.141063
0.405358 0.391351
0.405814 0.00526563
0.407025 0.210214
0.407132 0.604362
0.407293 0.986075
0.407484 0.589909
0.407899 0.917659
0.408398 0.13421
0.408711 0.00832149
0.40875 0.408207
0.40882 0.623364
0.408845 0.266976
0.409647 0.868646
0.410331 0.796299
0.410444 0.258874
0.410597 0.893718
0.411654 0.979097
0.412221 0.667502
0.412442 0.247195
0.412529 0.225136
0.412875 0.97345
0.413081 0.0137387
0.4135 0.706053
0.413522 0.12651
0.413854 0.29516
0.413861 0.125243
0.414379 0.0819543
0.414678 0.636866
0.414896 0.237578
0.414948 0.228631
0.41519 0.927548
0.415236 0.79065
0.415263 0.769276
0.415375 0.785261
0.416506 0.291187
0.416627 0.377154
0.418293 0.918933
0.418877 0.829179
0.418954 0.187065
0.419105 0.370706
0.419205 0.121279
0.419309 0.117239
0.419571 0.857715
0.419686 0.63487
0.420061 0.887443
0.420447 0.127882
0.420596 0.577161
0.420658 0.165168
0.421575 0.432488
0.421696 0.883257
0.422027 0.632192
0.422175 0.952135
0.422285 0.920037
0.423031 0.361599
0.423145 0.283545
0.42321 0.0969583
0.423298 0.331477
0.423686 0.0154741
0.423813 0.808127
0.424008 0.575862
0.424031 0.0123635
0.424071 0.951516
0.42449 0.98221
0.424654 0.807825
0.425219 0.397156
0.426239 0.91595
0.426414 0.77499
0.426718 0.0290732
0.42672 0.0110658
0.427125 0.253243
0.42744 0.20807
0.427468 0.488053
0.427577 0.353419
0.427852 0.914737
0.428328 0.152481
0.428569 0.964271
0.428903 0.0174998
0.428978 0.122438
0.429106 0.0921343
0.429736 0.203136
0.430679 0.42812
0.43093 0.0955254
0.43094 0.573817
0.431335 0.938717
0.43157 0.285644
0.431694 0.423509
0.432204 0.806048
0.432268 0.0547265
0.432608 0.281847
0.432925 0.339409
0.433565 0.145899
0.433759 0.0137527
0.434047 0.985188
0.434193 0.914616
0.434256 0.831401
0.43505 0.568219
0.43515 0.145468
0.435317 0.0637712
0.435379 0.388525
0.436199 0.144026
0.436286 0.907286
0.436342 0.805604
0.436614 0.961099
0.437118 0.197017
0.437315 0.989802
0.43759 0.0950802
0.437826 0.0542877
0.43804 0.688589
0.438421 0.267749
0.438469 0.422829
0.43934 0.380996
0.439723 0.531428
0.439908 0.526028
0.44062 0.805505
0.440776 0.0762709
0.441144 0.676608
0.44164 0.905456
0.441708 0.613205
0.441885 0.855518
0.442136 0.564437
0.44256 0.674589
0.443382 0.0807039
0.443404 0.603469
0.444838 0.281527
0.44508 0.952126
0.445158 0.498176
0.445838 0.496115
0.446027 0.0377968
0.446379 0.897343
0.446638 0.478777
0.447315 0.281252
0.447324 0.800711
0.447346 0.907791
0.447461 0.506451
0.447721 0.888949
0.447892 0.225902
0.448008 0.848961
0.448184 0.142739
0.449079 0.506018
0.449277 0.877288
0.449335 0.546139
0.449339 0.784638
0.449673 0.121045
0.449687 0.893583
0.450017 0.935577
0.450375 0.365902
0.451462 0.7402
0.452242 0.752459
0.452469 0.117093
0.452773 0.200768
0.452834 0.517547
0.453706 0.0361786
0.454572 0.7757
0.454616 0.141231
0.454917 0.0349843
0.455753 0.817493
0.455862 0.221985
0.456395 0.841601
0.456397 0.860373
0.456928 0.851573
0.457111 0.746023
0.457531 0.218976
0.45779 0.0372738
0.457945 0.263458
0.458544 0.271597
0.459019 0.261508
0.459205 0.79722
0.459888 0.168995
0.459995 0.973024
0.460019 0.892567
0.46046 0.45276
0.46051 0.0678617
0.461348 0.114366
0.461499 0.883498
0.461895 0.191712
0.462033 0.463559
0.462109 0.917621
0.463399 0.234444
0.463843 0.0203145
0.463999 0.380418
0.464718 0.992792
0.465693 0.774349
0.466066 0.0350332
0.466304 0.927027
0.466665 0.187726
0.467448 0.128369
0.467483 0.999153
0.467615 0.187244
0.468034 0.61766
0.469115 0.697853
0.469444 0.986932
0.469584 0.909136
0.470424 0.118777
0.47045 0.886559
0.471082 0.668399
0.47118 0.182617
0.471473 0.0787678
0.471885 0.947323
0.472099 0.444045
0.472211 0.846335
0.472737 0.728826
0.473107 0.979538
0.473204 0.878721
0.47346 0.164384
0.47383 0.926614
0.474012 0.00692853
0.47406 0.926374
0.474137 0.090686
0.474576 0.996924
0.474916 0.0606207
0.475406 0.0117847
0.476147 0.31706
0.476309 0.81139
0.476311 0.0260004
0.476773 0.117055
0.477277 0.0061599
0.478146 0.0448418
0.478236 0.272175
0.480018 0.482789
0.480242 0.926726
0.480704 0.347306
0.480873 0.478641
0.48131 0.551163
0.481586 0.0308752
0.481722 0.256231
0.481895 0.510245
0.48199 0.00893294
0.482034 0.0870137
0.482458 0.501098
0.482703 0.139492
0.48305 0.1623
0.483361 0.666178
0.48352 0.313769
0.483592 0.496503
0.483827 0.841173
0.483866 0.792722
0.483947 0.658199
0.484212 0.0164147
0.484611 0.0539075
0.484643 0.0192168
0.484694 0.300362
0.484956 0.495335
0.485198 0.838503
0.485517 0.770896
0.485636 0.110446
0.485797 0.339663
0.486022 0.600883
0.486349 0.0666671
0.487085 0.228846
0.487237 0.0366676
0.487413 0.792034
0.487438 0.857219
0.487622 0.723012
0.487728 0.220649
0.487926 0.458455
0.488108 0.0897752
0.488279 0.490862
0.48837 0.372161
0.488478 0.894269
0.489588 0.295697
0.489807 0.971102
0.489835 0.352378
0.489875 0.059579
0.490403 0.240673
0.490958 0.645824
0.491831 0.453239
0.49253 0.0155694
0.492639 0.712348
0.49314 0.974784
0.493317 0.736458
0.493777 0.442402
0.494532 0.295625
0.494542 0.13013
0.494637 0.26623
0.494988 0.0148236
0.495145 0.0889973
0.495353 0.417873
0.496041 0.486282
0.496781 0.483844
0.496973 0.0190038
0.497116 0.0737857
0.498165 0.450676
0.498281 0.116514
0.498304 0.983105
0.498571 0.106052
0.499305 0.197577
0.49952 0.173211
0.500498 0.261248
0.500698 0.829683
0.500762 0.874176
0.500934 0.70764
0.501021 0.634684
0.501165 0.0687034
0.501208 0.278369
0.50133 0.104406
0.501451 0.17309
0.501837 0.615203
0.501925 0.682199
0.501959 0.715175
0.502287 0.158748
0.502311 0.337004
0.502329 0.8733
0.503139 0.610926
0.504412 0.223877
0.504438 0.829009
0.505886 0.631965
0.505886 0.894166
0.505905 0.904131
0.506914 0.968099
0.507208 0.0995652
0.507345 0.22357
0.507622 0.103789
0.507701 0.974258
0.507834 0.979058
0.508166 0.407973
0.508582 0.99621
0.509128 0.989265
0.509143 0.743457
0.509332 0.0887602
0.510111 0.22102
0.510428 0.372016
0.510475 0.441198
0.510783 0.652752
0.511147 0.404765
0.51135 0.318475
0.511454 0.965778
0.511931 0.623221
0.512508 0.481225
0.512959 0.64108
0.513526 0.292091
0.513993 0.210707
0.514467 0.0113748
0.514747 0.8671
0.514881 0.713633
0.515327 0.0306476
0.515788 0.146575
0.516261 0.881986
0.516472 0.601537
0.516615 0.712895
0.517256 0.845356
0.517408 0.43118
0.517518 0.00974177
0.517616 0.45121
0.517905 0.6387
0.518184 0.130905
0.518216 0.844782
0.518293 0.0731636
0.518339 0.858911
0.518406 0.925969
0.51874 0.422443
0.519289 0.246962
0.519437 0.359489
0.519479 0.316129
0.520683 0.0232913
0.520744 0.412829
0.521092 0.871692
0.521123 0.585223
0.521544 0.801423
0.522484 0.181319
0.522667 0.102447
0.523151 0.127064
0.523228 0.00368331
0.52336 0.961729
0.523664 0.70783
0.523852 0.83795
0.524018 0.73961
0.524058 0.502109
0.525094 0.737591
0.526167 0.954128
0.526199 0.848214
0.526477 0.171714
0.526614 0.90406
0.52705 0.948797
0.52714 0.022289
0.527304 0.173516
0.528337 0.044757
0.528535 0.0417688
0.528542 0.201758
0.528553 0.153223
0.528846 0.959245
0.528944 0.0586167
0.529423 0.665384
0.529551 0.694713
0.529612 0.190314
0.529617 0.218986
0.529928 0.734575
0.530168 0.478797
0.530398 0.754425
0.530647 0.00659937
0.530732 0.151291
0.531104 0.261903
0.531141 0.710109
0.532115 0.292043
0.532409 0.169992
0.532572 0.460996
0.53269 0.246171
0.532714 0.935413
0.533172 0.168635
0.533256 0.57251
0.533334 0.0278262
0.533342 0.0580149
0.533371 0.501396
0.533382 0.0992939
0.533495 0.928165
0.533819 0.142105
0.534342 0.307111
0.534584 0.0234742
0.534609 0.570667
0.534653 0.772525
0.534927 0.34849
0.535089 0.824799
0.535098 0.186458
0.535251 0.921057
0.535613 0.0698677
0.535696 0.434202
0.535764 0.137442
0.53594 0.204957
0.536063 0.770782
0.536346 0.0266695
0.536472 0.11228
0.536629 0.944647
0.537263 0.244796
0.537303 0.494783
0.537447 0.877501
0.537528 0.337429
0.537737 0.941679
0.538036 0.487052
0.538204 0.980943
0.538688 0.062356
0.538811 0.38767
0.539234 0.782059
0.539945 0.183352
0.540284 0.0938776
0.540476 0.088547
0.540537 0.261312
0.540621 0.624042
0.540949 0.773001
0.541975 0.990735
0.542093 0.398863
0.54269 0.704888
0.542739 0.952097
0.542856 0.550797
0.543112 0.3299
0.543132 0.702767
0.543134 0.325824
0.543136 0.662739
0.543429 0.748129
0.543524 0.110742
0.543561 0.0901387
0.543709 0.632055
0.544016 0.98347
0.544121 0.0229434
0.544423 0.54025
0.544481 0.914777
0.54472 0.509128
0.545707 0.624646
0.545997 0.846374
0.546451 0.838709
0.546848 0.714144
0.547266 0.998211
0.547855 0.061866
0.548428 0.430592
0.549222 0.877411
0.549262 0.0437892
0.549277 0.791109
0.549742 0.758897
0.550162 0.13685
0.550174 0.340609
0.550843 0.752182
0.551201 0.667653
0.551347 0.255311
0.551479 0.161977
0.551689 0.212429
0.551704 0.995505
0.551878 0.274852
0.551962 0.910175
0.552111 0.0854534
0.552389 0.702827
0.55248 0.733297
0.552589 0.427388
0.552708 0.263404
0.55287 0.324961
0.553244 0.751783
0.553347 0.603301
0.553451 0.784389
0.553455 0.911427
0.553511 0.90062
0.553977 0.331103
0.554062 0.479487
0.554251 0.614321
0.554403 0.663336
0.554504 0.612425
0.554934 0.244953
0.55501 0.76768
0.555012 0.563106
0.555371 0.736613
0.555542 0.359706
0.555635 0.802164
0.556052 0.790035
0.556097 0.302774
0.556549 0.0126509
0.557648 0.380312
0.557959 0.700238
0.558078 0.988177
0.55822 0.121964
0.558254 0.177684
0.55849 0.625138
0.559333 0.454693
0.559499 0.789992
0.559556 0.0397223
0.559611 0.909405
0.559723 0.832374
0.560311 0.0779618
0.560356 0.907642
0.560897 0.171464
0.560911 0.356137
0.561502 0.197288
0.561671 0.52865
0.561688 0.593155
0.56184 0.957241
0.561944 0.42116
0.562152 0.201528
0.563062 0.0143221
0.563153 0.120084
0.563611 0.831571
0.563754 0.116733
0.563828 0.605671
0.563997 0.788731
0.564215 0.159699
0.564245 0.618001
0.5643 0.0152509
0.564769 0.0606865
0.56537 0.03091
0.565466 0.982167
0.565471 0.579914
0.565678 0.177133
0.565743 0.998592
0.565827 0.0811535
0.566013 0.355895
0.566027 0.417774
0.566119 0.152493
0.566207 0.0305532
0.566472 0.979475
0.566798 0.0200967
0.566971 0.611984
0.567207 0.939537
0.567385 0.710859
0.567817 0.103124
0.567922 0.376719
0.567983 0.967574
0.568473 0.72648
0.568616 0.362982
0.568819 0.829768
0.569142 0.497268
0.569571 0.413068
0.569791 0.965353
0.569939 0.786432
0.57067 0.555886
0.570892 0.332418
0.57156 0.297765
0.572402 0.388489
0.572932 0.022848
0.573247 0.0024293
0.573898 0.0920488
0.573922 0.980715
0.57412 0.60493
0.57417 0.803752
0.574466 0.697559
0.574637 0.489799
0.575612 0.101878
0.57599 0.97455
0.576355 0.696134
0.576679 0.205507
0.577251 0.901536
0.577344 0.59456
0.577595 0.113844
0.578221 0.126509
0.578751 0.00847793
0.579097 0.895865
0.579496 0.0350475
0.579888 0.87398
0.580089 0.0819163
0.580265 0.0704224
0.580438 0.581719
0.580895 0.979503
0.580926 0.262384
0.581005 0.688702
0.581018 0.113258
0.58125 0.0639094
0.581299 0.116602
0.581507 0.331268
0.581683 0.0237005
0.581975 0.603748
0.582026 0.056952
0.582045 0.0717052
0.582348 0.898369
0.582357 0.88394
0.582426 0.142467
0.582567 0.957937
0.582908 0.383756
0.583138 0.0935719
0.583395 0.0231383
0.58377 0.473395
0.584186 0.57732
0.584323 0.252532
0.584542 0.819019
0.584698 0.0285608
0.584881 0.179368
0.584925 0.0920918
0.585127 0.969395
0.585138 0.107669
0.585166 0.595005
0.585172 0.927021
0.585241 0.589441
0.585751 0.908538
0.586136 0.994525
0.586398 0.14222
0.586465 0.243566
0.586579 0.125349
0.5866 0.957876
0.586982 0.813673
0.587549 0.186298
0.58826 0.977052
0.588334 0.486479
0.588894 0.458091
0.58905 0.310268
0.589199 0.482854
0.589908 0.481954
0.590101 0.181149
0.590713 0.524904
0.590961 0.668025
0.591311 0.940358
0.591393 0.986494
0.591547 0.407247
0.591683 0.124111
0.591854 0.168513
0.59202 0.199853
0.592167 0.57443
0.592191 0.882494
0.592474 0.18072
0.592642 0.324608
0.592885 0.173357
0.593352 0.116322
0.593439 0.66529
0.593805 0.548811
0.594647 0.0701848
0.595945 0.88043
0.596237 0.170375
0.596664 0.307085
0.598047 0.0731011
0.598353 0.524141
0.599132 0.0815241
0.599285 0.14801
0.599766 0.79757
0.600688 0.172854
0.601111 0.168278
0.601177 0.906771
0.601203 0.625752
0.601599 0.113839
0.602323 0.0587046
0.602383 0.263369
0.602559 0.107139
0.602598 0.122503
0.603428 0.702456
0.603494 0.204147
0.603652 0.259716
0.604118 0.402613
0.604165 0.322357
0.604479 0.017301
0.604599 0.834628
0.605104 0.232663
0.605587 0.940343
0.605865 0.23096
0.606182 0.295592
0.606355 0.225005
0.606608 0.0192637
0.606844 0.900382
0.607513 0.109943
0.607527 0.530526
0.608119 0.993626
0.608272 0.964094
0.608366 0.615705
0.608381 0.0290729
0.608676 0.076056
0.608736 0.82489
0.608749 0.254757
0.608833 0.664688
0.60891 0.69694
0.609042 0.610469
0.610569 0.171744
0.611184 0.306875
0.611571 0.797375
0.61163 0.983761
0.611761 0.529001
0.611949 0.985498
0.612104 0.196131
0.61283 0.982687
0.613061 0.790524
0.613335 0.933971
0.61351 0.050525
0.61418 0.380323
0.614192 0.39747
0.614211 0.89712
0.614546 0.0917877
0.614565 0.216001
0.61492 0.261975
0.615084 0.517886
0.615445 0.898405
0.616863 0.370514
0.617155 0.726758
0.617424 0.59736
0.617618 0.741924
0.617749 0.725999
0.617989 0.491272
0.618017 0.075949
0.618267 0.306134
0.618275 0.926089
0.618488 0.656694
0.618764 0.280935
0.618794 0.437816
0.619316 0.102173
0.619671 0.514304
0.620069 0.593783
0.620112 0.490673
0.620417 0.373838
0.620504 0.642376
0.620701 0.335775
0.621505 0.42773
0.621929 0.101816
0.62198 0.54707
0.622302 0.583831
0.622988 0.0510916
0.623193 0.785045
0.623725 0.00852568
0.623887 0.0936192
0.624047 0.151223
0.625016 0.0177143
0.625377 0.782267
0.625448 0.047676
0.62551 0.774345
0.626335 0.180937
0.626453 0.0905839
0.62742 0.865968
0.627421 0.415515
0.627433 0.0695223
0.627516 0.891894
0.62762 0.552285
0.628072 0.00456647
0.628158 0.861437
0.628419 0.542706
0.628875 0.414378
0.62911 0.989783
0.629177 0.0671479
0.629371 0.142746
0.629532 0.087707
0.629887 0.98177
0.631067 0.996696
0.631439 0.357891
0.632416 0.0439751
0.632445 0.113915
0.632686 0.918456
0.632759 0.881834
0.632887 0.397329
0.633035 0.389157
0.633431 0.335298
0.633472 0.385849
0.633634 0.497762
0.633642 0.412187
0.633696 0.138438
0.633858 0.0713517
0.633938 0.801006
0.634132 0.19361
0.634389 0.176993
0.634405 0.150005
0.634721 0.540596
0.634818 0.874473
0.635102 0.00274849
0.635364 0.200443
0.635655 0.134005
0.636037 0.479441
0.63622 0.287917
0.636305 0.974527
0.636509 0.384123
0.636608 0.537733
0.636828 0.00456197
0.637052 0.413133
0.637354 0.378202
0.637481 0.0196794
0.637613 0.195993
0.637699 0.0449502
0.637723 0.286625
0.637846 0.104727
0.637898 0.478452
0.638126 0.111943
0.638127 0.0618131
0.638558 0.399263
0.638842 0.834501
0.638911 0.168942
0.63949 0.355948
0.639735 0.636531
0.639759 0.955974
0.639759 0.0393067
0.640073 0.83303
0.64011 0.219702
0.640548 0.75995
0.640636 0.317758
0.640675 0.505581
0.640916 0.874047
0.64129 0.0260356
0.641621 0.0636646
0.641723 0.930961
0.641731 0.377604
0.641761 0.952309
0.641808 0.769602
0.642027 0.754169
0.642064 0.0333966
0.642214 0.0661206
0.643021 0.0134684
0.643387 0.0545457
0.643419 0.838304
0.64399 0.488829
0.644085 0.767631
0.644153 0.0909911
0.644908 0.809958
0.644942 0.745792
0.645424 0.00709883
0.646103 0.803824
0.646161 0.740361
0.646273 0.687215
0.646682 0.884406
0.646795 0.313519
0.646814 0.0704169
0.646888 0.0735203
0.647024 0.0109567
0.647075 0.060027
0.647153 0.512474
0.647863 0.872435
0.647931 0.865944
0.648228 0.43746
0.648419 0.828093
0.648656 0.917381
0.649443 0.178963
0.649924 0.427684
0.650507 0.465583
0.65068 0.192763
0.651096 0.973358
0.65122 0.0485663
0.651231 0.142022
0.651645 0.303022
0.651894 0.174411
0.65299 0.801206
0.653062 0.505842
0.653164 0.800569
0.653547 0.809431
0.654176 0.35435
0.654503 0.110506
0.654897 0.112419
0.655545 0.049789
0.655814 0.0387026
0.656066 0.461075
0.656175 0.891284
0.656415 0.609887
0.657414 0.795559
0.657516 0.763068
0.65914 0.0496458
0.66016 0.173643
0.661496 0.122865
0.6621 0.188371
0.662306 0.972674
0.662503 0.118195
0.662788 0.829916
0.662948 0.889335
0.662974 0.00895221
0.663344 0.0569403
0.66426 0.645273
0.664709 0.775044
0.664952 0.48012
0.665119 0.301587
0.665136 0.0394567
0.66531 0.886835
0.665357 0.287972
0.665956 0.0703038
0.666124 0.499978
0.666269 0.243286
0.666431 0.0459095
0.666963 0.104655
0.667452 0.227061
0.668576 0.877483
0.66912 0.726141
0.66938 0.185762
0.669959 0.0947107
0.670033 0.00536483
0.670069 0.489244
0.670262 0.0282445
0.670937 0.412709
0.670947 0.0557126
0.67107 0.0781995
0.671938 0.380859
0.672337 0.152634
0.672613 0.873744
0.673042 0.26733
0.673043 0.109943
0.673109 0.22641
0.673361 0.0438984
0.673663 0.146388
0.673695 0.923178
0.674243 0.0438795
0.674529 0.037485
0.674707 0.114703
0.6748 0.171207
0.675123 0.23874
0.675298 0.184752
0.675299 0.378536
0.675304 0.280416
0.675633 0.989633
0.675854 0.908883
0.675877 0.162523
0.676248 0.981631
0.676405 0.39207
0.676457 0.236773
0.676539 0.0557922
0.676613 0.607046
0.67683 0.0364185
0.676881 0.370142
0.677288 0.311152
0.677512 0.600933
0.677683 0.162188
0.67782 0.0171525
0.678008 0.0023126
0.678091 0.919148
0.67892 0.89819
0.67901 0.370059
0.679506 0.995741
0.679903 0.990422
0.679933 0.296874
0.681522 0.892936
0.681792 0.00874558
0.681952 0.0118072
0.682101 0.359866
0.683082 0.492404
0.683977 0.713814
0.684013 0.466795
0.684053 0.678738
0.684191 0.101634
0.68428 0.109439
0.684368 0.418133
0.684389 0.408667
0.684772 0.859442
0.684852 0.142937
0.685098 0.406613
0.685432 0.0748744
0.686215 0.198712
0.686246 0.488983
0.686878 0.96325
0.687045 0.361303
0.687309 0.177634
0.687854 0.637988
0.688251 0.324959
0.688528 0.463995
0.688758 0.0476399
0.689008 0.499743
0.689054 0.13486
0.68968 0.0462839
0.689833 0.669697
0.689879 0.106029
0.689987 0.616948
0.690533 0.115872
0.691098 0.669076
0.691363 0.138294
0.691459 0.139915
0.691677 0.0613346
0.691764 0.0459883
0.691887 0.483751
0.691897 0.917465
0.692065 0.597816
0.692463 0.0744466
0.692592 0.998672
0.692807 0.445695
0.692976 0.265899
0.693044 0.276201
0.693191 0.161497
0.693459 0.357828
0.693508 0.101492
0.694095 0.0660218
0.695224 0.114899
0.695232 0.531512
0.695266 0.258127
0.695299 0.701151
0.695521 0.937945
0.695544 0.620725
0.695798 0.104811
0.696195 0.988156
0.696783 0.989968
0.697044 0.572823
0.697094 0.135262
0.69769 0.889515
0.69776 0.176472
0.697817 0.785649
0.697847 0.25459
0.69785 0.122574
0.698127 0.196613
0.698592 0.0234414
0.699491 0.74688
0.7011 0.266148
0.701407 0.997901
0.702305 0.394534
0.70245 0.148517
0.702512 0.315972
0.702536 0.924083
0.702624 0.0433566
0.702658 0.915908
0.702884 0.102363
0.702963 0.0527641
0.703018 0.986629
0.703407 0.275891
0.703802 0.0246216
0.703969 0.756222
0.704105 0.0650029
0.704347 0.294591
0.704441 0.591642
0.704845 0.706865
0.70492 0.588627
0.704952 0.23131
0.705098 0.771804
0.705327 0.292241
0.705683 0.128726
0.705863 0.280387
0.706704 0.0140212
0.706915 0.245255
0.706918 0.886322
0.707058 0.0450728
0.707417 0.0926799
0.707512 0.742049
0.707736 0.239584
0.708706 0.845599
0.708986 0.174674
0.709017 0.294059
0.709085 0.56667
0.710341 0.27686
0.71088 0.233493
0.711301 0.142677
0.71138 0.654686
0.71195 0.21128
0.712058 0.119607
0.712136 0.293032
0.712192 0.631293
0.712335 0.25387
0.712556 0.989263
0.712893 0.174402
0.713024 0.400399
0.713303 0.173705
0.713794 0.289434
0.7141 0.0526727
0.714279 0.155535
0.714557 0.216784
0.714983 0.25248
0.715005 0.255321
0.715139 0.136111
0.715154 0.985908
0.715272 0.043695
0.715324 0.839977
0.715436 0.625014
0.715524 0.252165
0.71638 0.659995
0.716474 0.090373
0.716507 0.102586
0.716907 0.975183
0.716989 0.622484
0.71708 0.478667
0.71719 0.140769
0.717259 0.0671238
0.717288 0.586609
0.717426 0.614704
0.718142 0.072721
0.718148 0.134888
0.718469 0.394334
0.718721 0.195599
0.718909 0.00592159
0.718985 0.346201
0.719131 0.219752
0.720665 0.24828
0.720729 0.353533
0.721257 0.205861
0.721282 0.956271
0.721855 0.334005
0.722531 0.936803
0.722902 0.545789
0.723138 0.134415
0.723199 0.238033
0.723212 0.576693
0.723524 0.0510486
0.723559 0.518939
0.724005 0.153524
0.724336 0.152996
0.725052 0.143425
0.725332 0.883686
0.725421 0.503396
0.725443 0.219198
0.725454 0.344884
0.725528 0.500984
0.725826 0.00772337
0.726313 0.322997
0.727324 0.237463
0.728114 0.0213026
0.729004 0.497113
0.729102 0.496971
0.72979 0.000474962
0.729851 0.361351
0.730389 0.770073
0.730509 0.451417
0.730903 0.570343
0.731027 0.284856
0.73113 0.0966064
0.731246 0.523631
0.731374 0.71559
0.733692 0.48507
0.733813 0.0731438
0.733814 0.811242
0.734065 0.0441625
0.734173 0.932643
0.734684 0.34329
0.735519 0.246305
0.73555 0.23056
0.735821 0.039161
0.735971 0.218586
0.736043 0.685765
0.736356 0.0177592
0.736505 0.0187309
0.736791 0.110398
0.736892 0.0430562
0.737017 0.837334
0.737128 0.515133
0.73745 0.116703
0.737496 0.145886
0.737722 0.236776
0.738713 0.00722247
0.738804 0.0992743
0.739173 0.512812
0.73922 0.275926
0.739225 0.0216471
0.739278 0.738049
0.739484 0.261947
0.739723 0.932632
0.739787 0.181507
0.739787 0.961223
0.739913 0.0940665
0.740537 0.221724
0.740686 0.555118
0.740862 0.606906
0.740986 0.968342
0.741142 0.756546
0.741275 0.404389
0.741413 0.105691
0.742063 0.0180898
0.742154 0.747403
0.742214 0.21505
0.742351 0.0885853
0.742618 0.481563
0.743337 0.3683
0.743431 0.983289
0.743539 0.0984364
0.743565 0.743111
0.743625 0.138198
0.743856 0.236406
0.743966 0.998723
0.745179 0.139058
0.74547 0.421711
0.745608 0.352346
0.745791 0.474823
0.746037 0.34768
0.746095 0.987133
0.746314 0.335738
0.746802 0.300478
0.747114 0.198272
0.747207 0.539668
0.747407 0.323682
0.747524 0.189969
0.747881 0.120757
0.747918 0.736172
0.748129 0.526136
0.748382 0.31992
0.748443 0.000508923
0.749098 0.0328747
0.749857 0.00268147
0.750024 0.311228
0.750026 0.836361
0.750373 0.0268126
0.750582 0.295087
0.750923 0.400367
0.751044 0.12881
0.751065 0.289437
0.751084 0.0889992
0.752042 0.306573
0.752057 0.373656
0.752531 0.683393
0.752754 0.35946
0.752765 0.188968
0.75288 0.400553
0.752996 0.0636762
0.753131 0.372174
0.753291 0.554118
0.753324 0.470791
0.753455 0.900627
0.753884 0.1347
0.754505 0.115272
0.754675 0.976351
0.754687 0.13721
0.754726 0.536822
0.754768 0.931611
0.75504 0.385779
0.755217 0.113267
0.755224 0.108937
0.755516 0.771454
0.755687 0.975585
0.755712 0.454684
0.755782 0.199946
0.755809 0.532899
0.755913 0.995527
0.756207 0.299637
0.756431 0.341035
0.756527 0.691695
0.756597 0.107987
0.75717 0.484113
0.75796 0.164428
0.758619 0.685998
0.758733 0.338182
0.758981 0.912043
0.759082 0.245955
0.759174 0.927142
0.759312 0.244386
0.759446 0.883157
0.759459 0.000226584
0.759468 0.124676
0.759557 0.231314
0.759689 0.982279
0.759848 0.260661
0.759876 0.258286
0.7599 0.481002
0.760157 0.124625
0.760437 0.0966663
0.760508 0.211271
0.760613 0.13411
0.760694 0.0216297
0.760865 0.0818531
0.761124 0.581059
0.761126 0.0711812
0.761178 0.57735
0.761227 0.171978
0.761675 0.618404
0.761824 0.765292
0.762166 0.11316
0.762237 0.753882
0.762464 0.856952
0.762523 0.0296359
0.762785 0.47878
0.763078 0.609318
0.763811 0.0725825
0.763824 0.894369
0.763908 0.367142
0.764302 0.051705
0.764758 0.984095
0.765163 0.225584
0.765786 0.136084
0.765886 0.909608
0.76633 0.452881
0.766341 0.223559
0.766833 0.908764
0.767233 0.0454608
0.767278 0.871406
0.767595 0.0643528
0.76803 0.264014
0.768069 0.310449
0.7684 0.854295
0.768666 0.130236
0.769026 0.90032
0.769071 0.0598539
0.769326 0.446503
0.769552 0.983111
0.769697 0.665042
0.769726 0.44532
0.770101 0.337204
0.770791 0.0624645
0.770933 0.451144
0.771174 0.309621
0.771674 0.198161
0.771738 0.633757
0.771862 0.0623275
0.771878 0.396747
0.771897 0.444155
0.772076 0.0243706
0.772141 0.956217
0.772158 0.293182
0.772175 0.122506
0.772223 0.504593
0.772574 0.571318
0.77335 0.871182
0.773491 0.728326
0.773703 0.168592
0.773859 0.861362
0.774253 0.328985
0.774371 0.0446838
0.774487 0.627282
0.774601 0.948137
0.774869 0.0259223
0.775119 0.323077
0.775186 0.244438
0.775353 0.968497
0.775452 0.258852
0.77547 0.141354
0.775558 0.0460366
0.775901 0.209503
0.776011 0.666234
0.776197 0.733249
0.776532 0.770065
0.776534 0.125907
0.777243 0.663079
0.777477 0.273871
0.777909 0.868931
0.778114 0.800475
0.778423 0.981189
0.778791 0.0902865
0.778859 0.621956
0.780126 0.0272987
0.780208 0.194226
0.780416 0.186241
0.780617 0.618588
0.780879 0.584996
0.780943 0.472168
0.78102 0.732927
0.7811 0.334825
0.781196 0.868912
0.781198 0.254018
0.78145 0.555439
0.781658 0.440596
0.781678 0.786976
0.782304 0.435887
0.782386 0.120194
0.782463 0.764913
0.782493 0.579884
0.782559 0.0346689
0.783218 0.845544
0.783437 0.0836913
0.783855 0.434357
0.784076 0.307615
0.784478 0.36779
0.784599 0.0567776
0.784739 0.57167
0.784966 0.139428
0.785122 0.947336
0.785237 0.164188
0.785464 0.0778075
0.785475 0.316702
0.785895 0.912254
0.786581 0.355356
0.786693 0.181808
0.786816 0.073819
0.786856 0.0236607
0.787127 0.845256
0.787314 0.562837
0.787406 0.232764
0.78748 0.748051
0.788035 0.82622
0.788221 0.553293
0.789539 0.961454
0.790049 0.608549
0.790282 0.39448
0.790446 0.314199
0.790471 0.821494
0.791417 0.783173
0.791721 0.236044
0.791762 0.100557
0.791866 0.781952
0.792111 0.42136
0.79221 0.585606
0.79238 0.104031
0.79247 0.259529
0.792519 0.431954
0.79279 0.387884
0.792843 0.258226
0.793017 0.423619
0.793089 0.287443
0.793196 0.214178
0.793226 0.795968
0.793419 0.0888158
0.793951 0.516621
0.794194 0.420276
0.794655 0.0818041
0.794802 0.166499
0.794975 0.513453
0.795023 0.0756823
0.795132 0.94683
0.795164 0.72443
0.795396 0.469959
0.795397 0.515579
0.795409 0.000477608
0.795665 0.151173
0.796921 0.981941
0.797096 0.456682
0.797304 0.0182369
0.797611 0.502859
0.797754 0.874801
0.79779 0.230608
0.797804 0.856877
0.797973 0.868482
0.798237 0.66033
0.798277 0.953676
0.798514 0.843775
0.798633 0.56243
0.798808 0.0367475
0.798907 0.218067
0.799034 0.193878
0.799203 0.0854474
0.799953 0.418553
0.800127 0.708607
0.800219 0.866593
0.80052 0.0738461
0.800831 0.240537
0.801229 0.0574868
0.801573 0.0364415
0.801797 0.676459
0.80226 0.541342
0.802497 0.287006
0.802511 0.385703
0.802928 0.432484
0.803333 0.236951
0.803843 0.925109
0.804506 0.981046
0.804656 0.977703
0.804862 0.229655
0.80493 0.0906919
0.805918 0.201593
0.80611 0.10752
0.806547 0.704069
0.80662 0.365518
0.806883 0.419478
0.807808 0.511294
0.808237 0.415318
0.808343 0.245163
0.808412 0.0825735
0.808538 0.267872
0.808594 0.618663
0.808787 0.164539
0.809141 0.498946
0.809332 0.90363
0.810157 0.964597
0.810301 0.143599
0.810449 0.133788
0.81096 0.00509601
0.811141 0.198016
0.811151 0.267381
0.811332 0.0458757
0.812147 0.578355
0.812286 0.451399
0.81237 0.940068
0.812737 0.124288
0.812938 0.404729
0.81296 0.939575
0.813131 0.103997
0.813242 0.734146
0.813681 0.180404
0.813765 0.17193
0.814307 0.00638052
0.815049 0.0228278
0.815069 0.734118
0.815221 0.212863
0.815341 0.138074
0.816028 0.510317
0.816405 0.215616
0.816703 0.0180966
0.817358 0.490585
0.817504 0.126462
0.817598 0.321238
0.818205 0.0761075
0.818235 0.0701235
0.818435 0.250234
0.818693 0.717293
0.818938 0.0579443
0.819081 0.318502
0.819288 0.711356
0.819411 0.00138111
0.820096 0.248043
0.821177 0.0901674
0.821203 0.00528116
0.821515 0.802551
0.82156 0.21958
0.821744 0.837706
0.821882 0.0527274
0.82206 0.228268
0.822391 0.148103
0.822967 0.834002
0.822999 0.0872626
0.823081 0.453184
0.823364 0.306234
0.823399 0.0753209
0.823442 0.279417
0.823541 0.830676
0.823799 0.0395088
0.823978 0.168288
0.824056 0.214661
0.824222 0.109416
0.824288 0.344825
0.824439 0.400224
0.824522 0.0946206
0.82482 0.191689
0.824865 0.0044982
0.825504 0.646865
0.82554 0.23792
0.826373 0.226154
0.826675 0.003671
0.826751 0.00491523
0.82686 0.000483237
0.826938 0.389005
0.82702 0.570029
0.827119 0.793889
0.827235 0.388204
0.827443 0.257255
0.827594 0.403746
0.827671 0.121725
0.827684 0.132884
0.828296 0.226719
0.828572 0.0113562
0.828603 0.351773
0.829027 0.445331
0.82956 0.129643
0.829625 0.496197
0.829661 0.0430316
0.82973 0.253897
0.829869 0.0879192
0.829961 0.957855
0.830074 0.244241
0.830647 0.440084
0.830849 0.474161
0.831457 0.347324
0.831821 0.11555
0.831896 0.209274
0.831951 0.991472
0.833522 0.151144
0.833735 0.0103255
0.833868 0.167936
0.834052 0.20223
0.834081 0.223587
0.834236 0.165644
0.83469 0.148372
0.836116 0.29563
0.836278 0.125945
0.836297 0.344858
0.836332 0.186475
0.836509 0.726266
0.837782 0.225023
0.837926 0.0983159
0.838656 0.170947
0.838708 0.28189
0.838772 0.953159
0.838796 0.707575
0.838809 0.0776501
0.839009 0.937654
0.839255 0.0745882
0.839445 0.26544
0.83952 0.380766
0.840351 0.213168
0.84061 0.55023
0.84064 0.394238
0.840703 0.695772
0.840878 0.34372
0.840911 0.167862
0.841165 0.223955
0.841269 0.0316795
0.841327 0.796429
0.84216 0.963245
0.842384 0.472767
0.842467 0.105775
0.84248 0.201681
0.842567 0.929123
0.842739 0.40442
0.842814 0.327201
0.843098 0.131822
0.843273 0.263594
0.843316 0.31939
0.843319 0.198801
0.84338 0.035094
0.843829 0.67498
0.844457 0.143533
0.845239 0.472706
0.845356 0.673739
0.84559 0.829963
0.845633 0.0477858
0.845731 0.02383
0.846212 0.0964607
0.846269 0.170498
0.846308 0.962189
0.846869 0.540482
0.847867 0.219756
0.848216 0.304708
0.848379 0.997357
0.848489 0.244578
0.848521 0.0316004
0.848698 0.0562222
0.8487 0.0230047
0.848729 0.0166733
0.848947 0.207155
0.849327 0.1002
0.84938 0.315812
0.85082 0.133314
0.851705 0.453318
0.851736 0.805065
0.852028 0.989429
0.852138 0.299787
0.852227 0.147049
0.85241 0.984624
0.852656 0.341692
0.853137 0.491022
0.853456 0.0619461
0.85356 0.168609
0.853615 0.197935
0.853657 0.449125
0.854547 0.351421
0.854628 0.894895
0.854797 0.297723
0.85502 0.308201
0.855236 0.880123
0.855248 0.236426
0.855537 0.475731
0.855894 0.0457071
0.85658 0.626672
0.856786 0.166511
0.857256 0.0718401
0.857355 0.111639
0.857464 0.269251
0.857633 0.791582
0.858085 0.757753
0.858144 0.244438
0.858989 0.728974
0.859007 0.207676
0.859562 0.783831
0.859728 0.220802
0.860458 0.167682
0.860523 0.725495
0.860793 0.141643
0.860863 0.297243
0.861163 0.466013
0.861605 0.218484
0.861772 0.608655
0.862327 0.21625
0.863182 0.240927
0.863455 0.223279
0.863758 0.618089
0.863843 0.486994
0.863905 0.717652
0.864032 0.336527
0.864176 0.301275
0.864206 0.699349
0.864353 0.112328
0.864451 0.14889
0.8645 0.00280884
0.865104 0.553237
0.865142 0.616005
0.865168 0.212546
0.865358 0.205619
0.865408 0.210055
0.865581 0.486721
0.865935 0.405892
0.866298 0.877693
0.866383 0.925181
0.866642 0.0994713
0.866759 0.396085
0.867013 0.296475
0.867554 0.375792
0.867693 0.465401
0.867714 0.0497874
0.867964 0.0669048
0.868034 0.452517
0.86806 0.0210143
0.868117 0.0503001
0.86859 0.486693
0.868632 0.0470657
0.86917 0.683111
0.869195 0.0917918
0.869481 0.327569
0.869518 0.603002
0.869808 0.173913
0.869913 0.369367
0.869959 0.115053
0.870228 0.0824106
0.870469 0.179543
0.870583 0.198673
0.870643 0.134834
0.870722 0.0838179
0.870747 0.567076
0.870748 0.151818
0.871148 0.962505
0.871193 0.673623
0.871258 0.071741
0.871276 0.821929
0.871551 0.367693
0.871656 0.213137
0.871667 0.127572
0.871818 0.816874
0.871873 0.0994273
0.871903 0.411944
0.872003 0.293219
0.87201 0.233559
0.872019 0.18303
0.87224 0.0315939
0.872478 0.705642
0.872715 0.694867
0.873402 0.160784
0.873481 0.483298
0.873509 0.158464
0.873628 0.292637
0.873734 0.0541295
0.873866 0.0152525
0.874077 0.45949
0.874315 0.0084842
0.874566 0.668383
0.875474 0.515283
0.875864 0.563056
0.876028 0.206894
0.876162 0.148614
0.876579 0.804994
0.876757 0.176213
0.877632 0.0420498
0.877724 0.441134
0.877853 0.232247
0.877996 0.173319
0.878345 0.822195
0.878982 0.15707
0.879498 0.338958
0.879622 0.269124
0.879724 0.015168
0.879824 0.053062
0.879904 0.102429
0.880074 0.378219
0.880432 0.0685684
0.880466 0.320417
0.881107 0.201699
0.881221 0.154899
0.881521 0.77842
0.881855 0.126937
0.882218 0.222697
0.882637 0.426896
0.883079 0.365301
0.883108 0.525538
0.88318 0.999942
0.883237 0.178087
0.883723 0.212331
0.883748 0.0686244
0.884131 0.0515034
0.88419 0.655397
0.884339 0.256881
0.884354 0.22439
0.884383 0.331153
0.884417 0.512496
0.884814 0.470031
0.885135 0.914861
0.885208 0.246361
0.88563 0.130571
0.885787 0.0725501
0.885921 0.330926
0.885948 0.0826736
0.886109 0.029191
0.886167 0.804814
0.886233 0.13615
0.886251 0.761602
0.88727 0.633025
0.88821 0.42683
0.888783 0.373989
0.889086 0.459107
0.889148 0.0475381
0.889728 0.0889427
0.88993 0.291696
0.889949 0.275982
0.890092 0.119558
0.890276 0.58441
0.89053 0.423148
0.890612 0.988377
0.891333 0.0905996
0.891392 0.342664
0.891468 0.0645364
0.891666 0.33866
0.892204 0.301467
0.89221 0.0616026
0.892227 0.100534
0.89235 0.559081
0.892425 0.101635
0.892442 0.159115
0.892567 0.0770737
0.892584 0.0159862
0.892593 0.119975
0.892747 0.64333
0.892894 0.452138
0.893392 0.932007
0.893555 0.924098
0.893572 0.574911
0.893663 0.064176
0.894487 0.700961
0.894847 0.218864
0.89515 0.920409
0.89526 0.820781
0.895707 0.269891
0.895857 0.63401
0.896086 0.61013
0.896173 0.26675
0.896326 0.760738
0.896375 0.084612
0.896442 0.0335127
0.896623 0.695068
0.897349 0.863018
0.897425 0.277672
0.898017 0.366787
0.898072 0.283156
0.898291 0.38858
0.898566 0.563556
0.898743 0.545738
0.898798 0.542538
0.899119 0.201303
0.899625 0.513125
0.899628 0.986892
0.899756 0.100548
0.899883 0.914858
0.899935 0.421873
0.900138 0.357072
0.900218 0.0819566
0.900409 0.222403
0.900762 0.876314
0.900772 0.389922
0.900855 0.351117
0.900904 0.468895
0.900935 0.595524
0.901129 0.03607
0.901229 0.245384
0.901238 0.594662
0.902152 0.264841
0.902187 0.751734
0.902728 0.263726
0.902865 0.557078
0.902924 0.462205
0.903169 0.679328
0.903174 0.0314751
0.903176 0.38083
0.903179 0.621684
0.903263 0.571581
0.903378 0.159081
0.903386 0.351075
0.903962 0.0522758
0.904004 0.047937
0.904303 0.242849
0.904794 0.26838
0.905263 0.204985
0.905998 0.349774
0.90623 0.0865108
0.906443 0.336617
0.906567 0.0446918
0.906621 0.427118
0.906947 0.712262
0.907041 0.661176
0.907077 0.0938566
0.907115 0.286448
0.907211 0.232245
0.907696 0.259121
0.907718 0.798639
0.907766 0.620149
0.907772 0.619848
0.907908 0.739504
0.908226 0.0989476
0.908384 0.426771
0.908535 0.141381
0.908673 0.641368
0.908734 0.118243
0.909394 0.124918
0.909483 0.385688
0.909583 0.364308
0.909607 0.173402
0.909681 0.0925389
0.909721 0.141392
0.909922 0.224014
0.91021 0.0141715
0.910403 0.563783
0.910757 0.189297
0.911131 0.804288
0.911221 0.0102475
0.911511 0.913923
0.9119 0.041988
0.911917 0.344785
0.912113 0.0472521
0.912232 0.039839
0.913073 0.999542
0.913095 0.117265
0.913977 0.0620364
0.91437 0.127083
0.914613 0.530377
0.914675 0.264035
0.914771 0.0140698
0.914881 0.117278
0.915117 0.734226
0.915126 0.49267
0.915137 0.259801
0.915243 0.209551
0.915261 0.321327
0.915264 0.0981502
0.915339 0.366185
0.916055 0.0891761
0.916082 0.204855
0.916224 0.26461
0.916285 0.219756
0.916322 0.890306
0.916423 0.542313
0.91643 0.422653
0.916554 0.0105628
0.916797 0.0761419
0.917221 0.277244
0.917298 0.615375
0.917375 0.783371
0.918239 0.0429995
0.918613 0.112803
0.918713 0.202876
0.918772 0.130801
0.918781 0.723304
0.919241 0.708082
0.919782 0.363984
0.920196 0.260377
0.920482 0.621744
0.920717 0.300281
0.920737 0.49515
0.920865 0.343259
0.921162 0.466711
0.921369 0.570177
0.92141 0.175284
0.921608 0.701877
0.921712 0.0815529
0.921796 0.604836
0.921814 0.43127
0.921976 0.568412
0.92214 0.0929739
0.922619 0.490245
0.922733 0.690336
0.922769 0.344633
0.922866 0.0628951
0.922889 0.364021
0.922925 0.263012
0.922986 0.563641
0.92355 0.0620622
0.923647 0.0581623
0.924309 0.649713
0.924513 0.697939
0.924633 0.721097
0.924783 0.285411
0.925512 0.0168204
0.925638 0.190748
0.92576 0.831593
0.925861 0.661993
0.925947 0.0792756
0.926054 0.251204
0.926189 0.3719
0.926487 0.221858
0.926733 0.489861
0.927423 0.81112
0.927721 0.0496656
0.927751 0.0883953
0.927988 0.239187
0.928389 0.0124355
0.928595 0.5364
0.928755 0.094358
0.928876 0.464724
0.929002 0.647958
0.929181 0.213426
0.929252 0.80359
0.92942 0.0539569
0.929458 0.974164
0.929534 0.481875
0.929577 0.82895
0.929719 0.468639
0.929758 0.656526
0.929769 0.818829
0.930199 0.429423
0.930706 0.264972
0.930969 0.592709
0.931141 0.276477
0.931228 0.638484
0.93158 0.422592
0.93169 0.0820756
0.931729 0.1293
0.931781 0.564395
0.932143 0.344839
0.932325 0.526692
0.932336 0.383079
0.933048 0.526258
0.933193 0.549991
0.933242 0.629902
0.933332 0.205527
0.933615 0.062599
0.933785 0.569099
0.933824 0.310706
0.93429 0.227672
0.934638 0.0109116
0.934742 0.0910127
0.93477 0.447847
0.934781 0.0895366
0.93499 0.115182
0.935117 0.445731
0.935432 0.0782162
0.935629 0.720574
0.936077 0.0711178
0.93608 0.468129
0.936432 0.49769
0.936476 0.000612828
0.936607 0.244095
0.936693 0.273605
0.93685 0.0445828
0.937061 0.123599
0.937064 0.017611
0.937216 0.361495
0.937566 0.186631
0.938069 0.0739035
0.938575 0.424841
0.938651 0.399305
0.938982 0.150028
0.939622 0.456167
0.939896 0.189364
0.939923 0.620002
0.940105 0.577253
0.940114 0.0742208
0.940358 0.016579
0.940402 0.973512
0.940547 0.0311388
0.941029 0.184893
0.941052 0.0486283
0.941178 0.714181
0.941334 0.352543
0.941446 0.00497375
0.941585 0.138346
0.941694 0.802527
0.941867 0.0897667
0.942004 0.346898
0.942015 0.881607
0.942033 0.395505
0.942042 0.441239
0.942083 0.089713
0.942336 0.546319
0.942542 0.481665
0.942891 0.693843
0.942926 0.896713
0.943057 0.0422432
0.943114 0.239748
0.943148 0.42158
0.943158 0.294421
0.943593 0.40346
0.943629 0.687664
0.944299 0.294235
0.944444 0.314148
0.944527 0.922829
0.944626 0.358349
0.94515 0.0507979
0.945238 0.199426
0.945467 0.783656
0.945503 0.0926322
0.945522 0.13272
0.945939 0.443362
0.946207 0.0549371
0.946259 0.483624
0.946476 0.720205
0.946658 0.718242
0.946764 0.224007
0.947118 0.204883
0.947125 0.392178
0.947196 0.204932
0.947304 0.158214
0.947861 0.471455
0.948042 0.469018
0.948222 0.0489719
0.94868 0.323831
0.948905 0.45053
0.949581 0.222785
0.949918 0.370374
0.950295 0.283015
0.950312 0.167672
0.950703 0.118381
0.95083 0.19466
0.95085 0.24348
0.950949 0.176158
0.951127 0.155944
0.951365 0.543939
0.951403 0.767728
0.951696 0.397709
0.951972 0.887068
0.952168 0.205322
0.952189 0.184118
0.952322 0.136357
0.952641 0.417652
0.952938 0.224115
0.953132 0.284483
0.953207 0.684227
0.953642 0.315238
0.953788 0.329752
0.953811 0.0812375
0.954073 0.747003
0.954901 0.0847242
0.955218 0.533045
0.955272 0.235872
0.955307 0.19545
0.955683 0.241773
0.95585 0.882829
0.955931 0.26263
0.956515 0.0924429
0.956734 0.0196425
0.957083 0.106192
0.957149 0.897966
0.957178 0.694401
0.957759 0.039695
0.958027 0.397329
0.958459 0.12822
0.958737 0.444145
0.958815 0.866196
0.959124 0.685772
0.959409 0.37569
0.959592 0.532857
0.959704 0.0525306
0.959705 0.211354
0.959715 0.393008
0.959845 0.416615
0.959934 0.155771
0.960036 0.0792975
0.96024 0.160491
0.96031 0.0054047
0.96032 0.342536
0.960589 0.880838
0.960603 0.852242
0.960702 0.744961
0.960955 0.663534
0.961505 0.625535
0.96215 0.0722205
0.962253 0.034049
0.962404 0.384524
0.962544 0.0760399
0.962586 0.0570195
0.963195 0.233891
0.963518 0.375792
0.963539 0.293376
0.963808 0.278025
0.964076 0.0520963
0.964238 0.435948
0.964456 0.0102228
0.964717 0.257731
0.965522 0.069804
0.965834 0.407657
0.96586 0.13168
0.965988 0.5929
0.966074 0.124694
0.966485 0.64408
0.966517 0.114765
0.966622 0.614626
0.967049 0.42802
0.967097 0.551536
0.967593 0.0618734
0.967927 0.830916
0.967942 0.0755486
0.968232 0.416419
0.968344 0.301639
0.968721 0.430837
0.969028 0.516269
0.969236 0.825005
0.969276 0.348625
0.969364 0.297481
0.969443 0.275219
0.969599 0.338284
0.969746 0.582088
0.969826 0.231536
0.969826 0.210498
0.970124 0.0761386
0.970159 0.399709
0.9703 0.675906
0.970839 0.357419
0.9713 0.0656858
0.97131 0.737438
0.971571 0.343355
0.971609 0.667133
0.971673 0.399323
0.971738 0.256101
0.97176 0.278305
0.97193 0.706441
0.972776 0.626305
0.972937 0.0251959
0.973288 0.101137
0.973483 0.223137
0.973494 0.166755
0.973559 0.859736
0.973744 0.197325
0.973784 0.576755
0.973859 0.360834
0.974268 0.0431357
0.974333 0.648277
0.974995 0.317989
0.97511 0.562029
0.97543 0.35643
0.975531 0.39841
0.975615 0.0936844
0.975809 0.382331
0.975875 0.803351
0.975878 0.0701151
0.97591 0.894216
0.97596 0.560322
0.97599 0.49449
0.976086 0.00817622
0.976454 0.237864
0.976605 0.625685
0.976829 0.514721
0.976845 0.366162
0.976864 0.349981
0.976878 0.598908
0.97703 0.545466
0.977066 0.864303
0.977089 0.23337
0.977129 0.347564
0.97737 0.782612
0.977842 0.861887
0.977954 0.539905
0.978025 0.847739
0.978109 0.321075
0.978328 0.628358
0.978426 0.324704
0.978466 0.150905
0.978736 0.180954
0.97877 0.488297
0.978801 0.586552
0.97885 0.133693
0.978955 0.404448
0.979259 0.705587
0.979524 0.250823
0.979539 0.151002
0.979596 0.511949
0.979609 0.192102
0.979613 0.517137
0.979863 0.592432
0.979962 0.00860024
0.980036 0.118065
0.980336 0.778977
0.980598 0.515264
0.980642 0.236067
0.980727 0.518177
0.980753 0.0889982
0.980772 0.197492
0.980975 0.537903
0.981061 0.42506
0.981202 0.120708
0.981383 0.20034
0.981398 0.669503
0.981794 0.41791
0.982217 0.260609
0.982261 0.117397
0.982318 0.658999
0.982605 0.264033
0.982707 0.510028
0.982709 0.0607854
0.982961 0.766032
0.983203 0.174121
0.983415 0.235712
0.983677 0.0829558
0.983707 0.0205075
0.983955 0.760798
0.984004 0.537228
0.984051 0.046092
0.984148 0.0649641
0.984385 0.415897
0.984567 0.340703
0.985002 0.360303
0.985011 0.203081
0.985125 0.200677
0.985331 0.930972
0.985338 0.123029
0.98535 0.704636
0.9855 0.228211
0.98556 0.332642
0.985563 0.485119
0.985598 0.165334
0.985614 0.302574
0.985915 0.242664
0.985971 0.646706
0.986004 0.866823
0.986034 0.900117
0.986207 0.240669
0.986315 0.301149
0.986539 0.890793
0.986567 0.428816
0.986681 0.478291
0.986707 0.636463
0.986951 0.740224
0.986999 0.602184
0.987008 0.470118
0.987103 0.818446
0.987159 0.245932
0.987216 0.233868
0.987296 0.857019
0.987502 0.0115804
0.98755 0.814306
0.987689 0.209537
0.987849 0.727769
0.98793 0.982459
0.988049 0.327014
0.988094 0.208193
0.988099 0.268581
0.988268 0.0836469
0.988308 0.596228
0.989093 0.294126
0.989356 0.120494
0.989455 0.0787908
0.989834 0.487855
0.989898 0.169092
0.989906 0.407132
0.989988 0.114947
0.99003 0.395471
0.99017 0.796821
0.990336 0.571759
0.990705 0.37008
0.990831 0.399385
0.99112 0.286054
0.99132 0.206916
0.991637 0.225877
0.992072 0.0471227
0.992204 0.161624
0.992644 0.707627
0.99285 0.867458
0.992947 0.15392
0.993047 0.103134
0.993261 0.0851921
0.993412 0.534819
0.993918 0.649441
0.99413 0.671769
0.994424 0.292595
0.994495 0.58728
0.994606 0.566398
0.994615 0.0476438
0.994868 0.304437
0.994891 0.739471
0.994942 0.91907
0.995008 0.0780556
0.995041 0.749976
0.995057 0.0762856
0.995303 0.405652
0.995343 0.783693
0.995499 0.712287
0.995833 0.742932
0.995859 0.592219
0.996021 0.203034
0.996117 0.0249956
0.996348 0.700764
0.996957 0.456655
0.997035 0.430062
0.997066 0.660849
0.99711 0.246951
0.997176 0.551285
0.997327 0.971021
0.997339 0.483179
0.997345 0.0764326
0.997428 0.757003
0.997482 0.516293
0.997844 0.11685
0.997932 0.666024
0.99848 0.0325793
0.998574 0.0228321
0.998608 0.458473
0.998711 0.472041
0.998732 0.28678
0.999191 0.130585
0.999191 0.709208
0.999261 0.134762
0.999343 0.570725
0.999514 0.790941
0.999531 0.685195
0.999585 0.333012
0.999841 0.295207
0.999924 0.44476
