0.000616532 0.995639
0.00217539 0.734258
0.00254121 0.210533
0.00271165 0.993603
0.00314031 0.395892
0.00323708 0.852511
0.00325588 0.505151
0.00344261 0.881766
0.00348748 0.650135
0.00415163 0.766561
0.00416898 0.47545
0.00457305 0.252111
0.00515378 0.944356
0.00580007 0.562448
0.0063833 0.156768
0.00648149 0.937677
0.00706735 0.296361
0.00727183 0.261746
0.00819133 0.22391
0.00829653 0.677397
0.00832047 0.125193
0.0083428 0.864744
0.00853345 0.455744
0.00864414 0.405509
0.00880974 0.552755
0.00887044 0.400857
0.0108451 0.78611
0.0110682 0.0700661
0.0111213 0.748504
0.0113056 0.673269
0.0113186 0.222892
0.0113563 0.526725
0.0114158 0.293481
0.0114665 0.773889
0.0117519 0.456217
0.0129022 0.164589
0.0133842 0.105291
0.0135116 0.491805
0.013866 0.592613
0.0139328 0.779157
0.0139497 0.483805
0.0139954 0.250733
0.0140492 0.239146
0.0143134 0.922247
0.0144337 0.175757
0.0150679 0.619293
0.0154195 0.537549
0.0158157 0.411359
0.0162031 0.661179
0.0164322 0.171026
0.0166823 0.857246
0.017181 0.374941
0.0179219 0.994516
0.0179386 0.768823
0.0179457 0.340993
0.0182254 0.6447
0.0185189 0.928195
0.0189042 0.325603
0.0191103 0.448121
0.0195876 0.980727
0.0197308 0.651907
0.0201573 0.963904
0.0203939 0.747817
0.0211269 0.728586
0.0211743 0.163781
0.0216909 0.725732
0.0216991 0.944401
0.0217394 0.323465
0.0219338 0.780082
0.0220137 0.735731
0.0222 0.827208
0.0237467 0.721206
0.0247372 0.445003
0.0254296 0.86219
0.0259425 0.253791
0.0262687 0.298872
0.0266212 0.801886
0.0268204 0.102192
0.0269386 0.880306
0.0270152 0.903974
0.0279312 0.520177
0.0281602 0.609251
0.0282799 0.768218
0.0286983 0.866695
0.0290613 0.933395
0.0298507 0.935067
0.0313118 0.514455
0.031485 0.945716
0.0315422 0.584869
0.0318626 0.614635
0.0333499 0.725079
0.0342788 0.384888
0.0343699 0.746163
0.0350539 0.756314
0.0353322 0.906012
0.0356531 0.286012
0.0357522 0.593311
0.0360144 0.912837
0.0369182 0.69603
0.0376136 0.581385
0.037625 0.581102
0.0377591 0.701227
0.0386751 0.282274
0.0390834 0.95837
0.0393278 0.868225
0.0395639 0.595835
0.0402722 0.593645
0.0403446 0.855137
0.0412881 0.794846
0.0413111 0.13606
0.0415581 0.677853
0.0415581 0.249588
0.042003 0.975519
0.0423094 0.662237
0.0423171 0.701035
0.0424562 0.898116
0.0428848 0.818421
0.0429523 0.78499
0.0431882 0.188777
0.0432446 0.387203
0.0434289 0.485704
0.0435918 0.920199
0.0443684 0.54845
0.0452881 0.439946
0.0454147 0.803129
0.0454686 0.0249896
0.0459214 0.363287
0.0462555 0.9863
0.0463672 0.743781
0.0463797 0.297302
0.0465184 0.738614
0.0469357 0.523992
0.0475484 0.769149
0.0478631 0.396247
0.0486836 0.384338
0.0487459 0.691967
0.0489799 0.609038
0.0498485 0.97665
0.0500991 0.865918
0.0504254 0.982687
0.0506903 0.797869
0.0509257 0.28089
0.0510683 0.998615
0.0510915 0.608887
0.0511881 0.123982
0.0513551 0.673533
0.0516893 0.711215
0.0517307 0.848527
0.0519331 0.355024
0.0520951 0.822159
0.0523642 0.205262
0.0525523 0.518482
0.0530171 0.777455
0.0532911 0.599964
0.053405 0.983456
0.0539426 0.324241
0.0540374 0.737391
0.0543186 0.803528
0.0545584 0.467834
0.0552205 0.673021
0.0552432 0.861822
0.0554997 0.344088
0.0563835 0.173276
0.0564214 0.894706
0.0564565 0.68367
0.0568514 0.658602
0.0570984 0.170972
0.0571879 0.773585
0.0581593 0.998407
0.0583952 0.311609
0.0585229 0.827678
0.0590429 0.116802
0.0597422 0.910921
0.0603959 0.615482
0.0610232 0.112294
0.0613299 0.664829
0.0614327 0.717624
0.0616109 0.86283
0.0617385 0.600985
0.0623473 0.837815
0.0623496 0.506294
0.0639524 0.982037
0.0648849 0.912282
0.0653984 0.972295
0.0654428 0.864908
0.0661256 0.778661
0.0670824 0.856587
0.067388 0.756269
0.0673972 0.674924
0.0678812 0.770959
0.0680653 0.574231
0.0682766 0.982736
0.0687473 0.561059
0.0710954 0.728654
0.0716388 0.824552
0.0725592 0.745565
0.0734438 0.880825
0.073453 0.762526
0.0736281 0.945057
0.0762539 0.706942
0.0766002 0.554096
0.0770385 0.994351
0.0771617 0.655783
0.0774168 0.866261
0.0778808 0.870604
0.0779652 0.668716
0.0785168 0.972835
0.0789449 0.195694
0.0789998 0.976643
0.0794956 0.351175
0.079696 0.144326
0.0805844 0.676811
0.0811087 0.967962
0.0813539 0.00143706
0.0818365 0.405981
0.0820517 0.495446
0.0824346 0.76757
0.0825913 0.184699
0.0845889 0.624929
0.0848726 0.929096
0.0849113 0.982171
0.0853353 0.95183
0.0853641 0.775919
0.0856629 0.871008
0.0856905 0.381625
0.0859994 0.764847
0.0860184 0.490139
0.0865332 0.794713
0.0868834 0.556184
0.0873513 0.908918
0.0882912 0.841585
0.088413 0.48479
0.0887197 0.717793
0.0888154 0.758621
0.0889502 0.479231
0.091281 0.290258
0.0926361 0.241858
0.0926631 0.82915
0.0938481 0.771289
0.0951161 0.718378
0.0954591 0.742964
0.0971053 0.976659
0.0981872 0.729378
0.0982198 0.636748
0.0983772 0.689829
0.098695 0.285271
0.0987929 0.267313
0.0988275 0.535965
0.0992711 0.991442
0.0992722 0.0373235
0.0992766 0.920195
0.0999694 0.233952
0.100782 0.516683
0.101344 0.693583
0.102662 0.835091
0.102787 0.325092
0.104208 0.424828
0.104256 0.933976
0.104413 0.616477
0.104593 0.966283
0.104883 0.516297
0.105058 0.856921
0.105449 0.864083
0.106753 0.806092
0.106814 0.933794
0.10687 0.889841
0.109546 0.375053
0.109945 0.97154
0.110085 0.849913
0.110638 0.958149
0.111732 0.779595
0.111816 0.795932
0.113554 0.708287
0.113565 0.690212
0.113676 0.939673
0.114124 0.790193
0.115124 0.974161
0.116352 0.782054
0.116816 0.214129
0.117821 0.750107
0.117837 0.936331
0.118132 0.908551
0.118468 0.804128
0.118934 0.618017
0.119033 0.501642
0.12048 0.840393
0.120751 0.540784
0.121406 0.169721
0.121696 0.299391
0.122639 0.77175
0.123215 0.890335
0.123247 0.345419
0.123249 0.708094
0.123387 0.915143
0.123811 0.866157
0.124059 0.867349
0.124665 0.505523
0.125344 0.72771
0.126664 0.819228
0.126735 0.294357
0.127197 0.874641
0.127287 0.687516
0.128623 0.885683
0.129338 0.902475
0.130168 0.434248
0.130402 0.472015
0.130776 0.167214
0.131138 0.789953
0.131901 0.255999
0.131956 0.853713
0.132235 0.97937
0.132793 0.778864
0.133039 0.25166
0.13334 0.278019
0.133467 0.796837
0.133629 0.991546
0.133884 0.3127
0.13414 0.533784
0.134189 0.936133
0.13426 0.811586
0.134313 0.985772
0.134586 0.934164
0.135162 0.714208
0.135362 0.865815
0.136255 0.662756
0.136566 0.46755
0.137276 0.11223
0.137761 0.215034
0.137913 0.014046
0.138225 0.00654354
0.138303 0.956999
0.138377 0.116725
0.139607 0.210591
0.140962 0.28879
0.141879 0.404966
0.142662 0.277864
0.14291 0.559662
0.143564 0.695667
0.143748 0.755522
0.143837 0.994365
0.143945 0.647687
0.144119 0.708176
0.144259 0.0719311
0.14477 0.313736
0.144819 0.293881
0.145455 0.324732
0.146076 0.803899
0.146611 0.971869
0.146798 0.765139
0.146838 0.789135
0.147918 0.252302
0.148215 0.206812
0.148954 0.0858972
0.149572 0.792605
0.150195 0.86204
0.15026 0.829367
0.15043 0.219993
0.151476 0.548978
0.152482 0.948195
0.153041 0.288411
0.153792 0.255232
0.154065 0.652187
0.154202 0.169004
0.154211 0.915273
0.155195 0.789833
0.155295 0.203948
0.15544 0.842988
0.156274 0.621608
0.156488 0.508876
0.156539 0.87308
0.156672 0.506246
0.156723 0.875037
0.156919 0.461295
0.156975 0.758125
0.157731 0.913904
0.158756 0.877723
0.158855 0.286483
0.159628 0.645127
0.161484 0.997196
0.162412 0.705501
0.162582 0.820512
0.163436 0.0522338
0.16469 0.476157
0.165469 0.904507
0.165655 0.572239
0.165782 0.82406
0.166007 0.46177
0.166204 0.0491747
0.166349 0.813859
0.168224 0.673542
0.168521 0.103872
0.168625 0.996659
0.168815 0.659498
0.169354 0.835403
0.169624 0.231981
0.170273 0.652975
0.17046 0.650367
0.170562 0.0692299
0.171343 0.903035
0.172324 0.872299
0.172337 0.829574
0.172478 0.822191
0.172511 0.992912
0.172979 0.718769
0.173371 0.647001
0.174841 0.543797
0.175326 0.350612
0.176485 0.682295
0.176619 0.168301
0.177428 0.676334
0.177573 0.628133
0.1777 0.385057
0.178266 0.114585
0.17907 0.98258
0.179533 0.6723
0.179827 0.771312
0.17986 0.909443
0.18027 0.784267
0.180349 0.965669
0.181593 0.980623
0.182604 0.806821
0.183138 0.864644
0.184233 0.784946
0.184266 0.958272
0.184827 0.00206527
0.185359 0.588994
0.185867 0.0362876
0.1861 0.018026
0.186335 0.996518
0.187164 0.123457
0.187292 0.0199694
0.187765 0.567174
0.188177 0.414651
0.188313 0.586293
0.188432 0.121805
0.189199 0.751893
0.189298 0.918793
0.190474 0.192122
0.190523 0.550498
0.190588 0.611364
0.192611 0.773169
0.193378 0.944099
0.193424 0.369191
0.193444 0.866504
0.19357 0.846952
0.193881 0.383563
0.194322 0.131266
0.194466 0.732597
0.194503 0.00031668
0.195273 0.777972
0.196094 0.75135
0.196194 0.671771
0.196622 0.933652
0.196633 0.97392
0.196782 0.973602
0.197354 0.315884
0.198159 0.313128
0.198884 0.727377
0.198885 0.876282
0.198946 0.95177
0.199068 0.597892
0.199266 0.0177842
0.199495 0.86845
0.199835 0.991676
0.20044 0.746034
0.201253 0.0484083
0.201469 0.412634
0.202096 0.777656
0.20234 0.929913
0.202463 0.913968
0.202573 0.896261
0.203855 0.373546
0.204049 0.327293
0.204106 0.5743
0.204257 0.082653
0.204566 0.0293726
0.204576 0.367577
0.206086 0.965598
0.206425 0.962936
0.206473 0.827009
0.207911 0.544126
0.208381 0.493204
0.208695 0.324379
0.209999 0.840084
0.21039 0.987721
0.210638 0.955151
0.210665 0.90182
0.210975 0.933044
0.21115 0.990806
0.211191 0.0815851
0.211494 0.0640069
0.213263 0.0196867
0.213814 0.720537
0.214861 0.934173
0.215491 0.931187
0.217679 0.734889
0.218281 0.880551
0.219564 0.209943
0.219835 0.450511
0.220181 0.327427
0.2205 0.89134
0.220861 0.444246
0.221314 0.541488
0.224237 0.268444
0.224505 0.0978812
0.224736 0.570529
0.225182 0.0154747
0.225215 0.710979
0.225314 0.829141
0.225369 0.93835
0.22625 0.380627
0.226404 0.952733
0.226497 0.894063
0.226746 0.971479
0.227167 0.0934378
0.22825 0.252695
0.230655 0.0183463
0.230801 0.731252
0.230921 0.951309
0.232502 0.686784
0.232527 0.875692
0.233041 0.877703
0.233362 0.501485
0.233877 0.807316
0.233925 0.730695
0.234143 0.872386
0.234883 0.392236
0.234939 0.0124893
0.235039 0.79556
0.235262 0.0459202
0.235351 0.636042
0.235564 0.926708
0.235584 0.537371
0.236001 0.721863
0.236122 0.113025
0.236241 0.888135
0.236819 0.946789
0.237827 0.942944
0.239465 0.771952
0.239806 0.501109
0.240213 0.107443
0.240938 0.305813
0.241407 0.0762445
0.24158 0.632857
0.241756 0.621242
0.241846 0.823352
0.242567 0.569021
0.243456 0.836846
0.243911 0.794077
0.244288 0.0956924
0.245254 0.732613
0.245453 0.997545
0.245581 0.996361
0.245768 0.932779
0.246399 0.923864
0.247559 0.612845
0.248452 0.987121
0.249057 0.717815
0.249802 0.602235
0.251852 0.851765
0.251978 0.969229
0.252151 0.0257325
0.252765 0.385465
0.25304 0.926945
0.253227 0.787224
0.253788 0.997555
0.254067 0.0946915
0.254345 0.820925
0.254813 0.933783
0.254866 0.41004
0.255409 0.434899
0.256276 0.886819
0.256306 0.902348
0.257487 0.855707
0.258456 0.85073
0.258557 0.671038
0.258836 0.0116492
0.25906 0.774262
0.259572 0.653466
0.260262 0.357195
0.262304 0.409835
0.263576 0.248439
0.26396 0.519255
0.265145 0.302333
0.265455 0.346673
0.265749 0.339227
0.266116 0.897472
0.266713 0.642448
0.267196 0.943162
0.267426 0.853421
0.267829 0.788961
0.268678 0.83621
0.270612 0.88339
0.271516 0.891456
0.271665 0.297425
0.271691 0.771633
0.273447 0.431258
0.274782 0.108593
0.275173 0.752324
0.275364 0.984209
0.276267 0.628348
0.277033 0.011395
0.277464 0.895583
0.277902 0.0173802
0.278317 0.739613
0.27875 0.727588
0.279362 0.851988
0.279562 0.431256
0.279986 0.71887
0.280883 0.948667
0.281519 0.422756
0.28164 0.688724
0.282513 0.0200199
0.28261 0.93749
0.283008 0.908579
0.283491 0.0151003
0.284868 0.87094
0.284917 0.0703765
0.286227 0.865141
0.286771 0.296021
0.286875 0.262714
0.287855 0.711874
0.288232 0.316452
0.288702 0.678274
0.288874 0.931064
0.289038 0.0593998
0.290826 0.988267
0.291355 0.308888
0.29177 0.915009
0.292219 0.959507
0.293251 0.057449
0.29376 0.652908
0.293968 0.999281
0.294122 0.98507
0.295038 0.913589
0.295135 0.540657
0.295379 0.777234
0.295802 0.835255
0.29624 0.776105
0.296676 0.971634
0.297334 0.992017
0.297832 0.886335
0.298213 0.763435
0.298993 0.80646
0.299167 0.373374
0.300056 0.0966625
0.301394 0.265827
0.301985 0.752832
0.302234 0.962412
0.302605 0.899416
0.302702 0.251642
0.30291 0.401143
0.304587 0.843108
0.304991 0.796889
0.30537 0.994909
0.305788 0.196979
0.307027 0.157112
0.307376 0.250113
0.307878 0.745575
0.308035 0.538871
0.30818 0.090331
0.308379 0.756027
0.308413 0.845931
0.308483 0.959138
0.308598 0.0195328
0.308859 0.832704
0.309699 0.828747
0.310462 0.703947
0.311507 0.921254
0.312777 0.00579144
0.313541 0.359521
0.313833 0.997315
0.314784 0.380903
0.314967 0.022526
0.315348 0.358923
0.315797 0.867392
0.316073 0.00788345
0.317091 0.244727
0.317165 0.950884
0.318335 0.933277
0.318757 0.0135351
0.318986 0.977037
0.319252 0.0206399
0.319537 0.297315
0.319582 0.955802
0.319749 0.792546
0.320292 0.376122
0.320762 0.986878
0.321417 0.374137
0.322132 0.187453
0.322698 0.761565
0.322702 0.232153
0.323601 0.857775
0.324178 0.822414
0.324613 0.731317
0.324627 0.0112336
0.325141 0.869103
0.327256 0.852368
0.328447 0.656786
0.330461 0.947149
0.331568 0.00463823
0.331579 0.0394043
0.332993 0.82225
0.334041 0.425577
0.335655 0.860952
0.336 0.983833
0.337115 0.997622
0.338087 0.751592
0.338952 0.370676
0.340737 0.793083
0.341081 0.748563
0.341147 0.149361
0.341167 0.006536
0.341211 0.569192
0.341347 0.609956
0.341363 0.817058
0.341773 0.853416
0.341778 0.307794
0.342159 0.141811
0.345206 0.972962
0.345728 0.947794
0.346365 0.495223
0.346587 0.775562
0.346845 0.609129
0.348866 0.838988
0.349257 0.999474
0.349279 0.0358682
0.349584 0.567752
0.349776 0.0260198
0.351128 0.420835
0.352889 0.430928
0.353 0.572004
0.353186 0.793238
0.354755 0.735079
0.355083 0.567688
0.355482 0.886212
0.355781 0.30482
0.356767 0.783381
0.356978 0.868846
0.357571 0.727569
0.359597 0.938639
0.360296 0.887426
0.360344 0.022657
0.361788 0.612053
0.36199 0.0297857
0.362387 0.882969
0.363748 0.560969
0.364226 0.928143
0.364436 0.427371
0.364729 0.978433
0.364753 0.953518
0.365554 0.781163
0.366005 0.1865
0.366612 0.888728
0.367205 0.423301
0.3674 0.735772
0.367966 0.946109
0.367974 0.341698
0.36811 0.791308
0.368222 0.749979
0.371128 0.286965
0.371756 0.884291
0.373181 0.776035
0.373213 0.0776671
0.373288 0.302938
0.373438 0.293217
0.374314 0.966962
0.37445 0.998139
0.374678 0.733915
0.375099 0.456649
0.375101 0.318021
0.375182 0.116084
0.376024 0.405646
0.376645 0.397442
0.377831 0.317443
0.378612 0.945458
0.378873 0.0220404
0.379465 0.72312
0.379811 0.913992
0.380613 0.0100236
0.381003 0.882997
0.38102 0.112911
0.381098 0.965041
0.381517 0.677845
0.381689 0.0240057
0.381895 0.943526
0.382429 0.844667
0.382779 0.833263
0.383128 0.853994
0.383277 0.953592
0.383532 0.969695
0.383755 0.0154266
0.384022 0.262354
0.386059 0.101158
0.386218 0.776877
0.386292 0.400088
0.386796 0.982681
0.386866 0.934483
0.38725 0.501923
0.389284 0.926857
0.390135 0.182929
0.391696 0.273406
0.392229 0.0414284
0.392246 0.491565
0.392636 0.872921
0.393242 0.341666
0.393381 0.368523
0.393687 0.270258
0.393908 0.975516
0.395106 0.363357
0.396319 0.0532997
0.396491 0.363243
0.396513 0.912929
0.396596 0.268841
0.397387 0.173106
0.397777 0.827868
0.398217 0.0218962
0.398294 0.237005
0.398632 0.0784967
0.399489 0.822585
0.399517 0.650529
0.399778 0.301779
0.40137 0.670147
0.401574 0.994835
0.402131 0.158016
0.402932 0.965842
0.404161 0.903284
0.404911 0.151476
0.405273 0.552585
0.405338 0.528003
0.406107 0.00767975
0.406567 0.4779
0.40672 0.866264
0.406955 0.952154
0.407633 0.84595
0.407762 0.89557
0.407832 0.00870822
0.408182 0.827045
0.408437 0.823836
0.408624 0.123433
0.408936 0.276679
0.410575 0.320412
0.410973 0.991296
0.411032 0.797192
0.411184 0.00294183
0.411601 0.973559
0.411765 0.0149266
0.412306 0.847849
0.412719 0.660653
0.412776 0.522435
0.41327 0.976404
0.413432 0.938689
0.413666 0.0603491
0.41379 0.934431
0.413852 0.287069
0.41388 0.939782
0.414282 0.598972
0.414493 0.748673
0.414942 0.888149
0.415081 0.900203
0.415716 0.515499
0.417431 0.837335
0.417436 0.990509
0.417658 0.890494
0.418312 0.864245
0.41879 0.867678
0.418903 0.148888
0.41914 0.898488
0.419953 0.552532
0.419996 0.522082
0.420882 0.594098
0.420985 0.958135
0.421958 0.0572308
0.422698 0.142497
0.423396 0.280296
0.423668 0.348428
0.423698 0.827717
0.426082 0.746789
0.426445 0.102546
0.426747 0.014546
0.427132 0.882232
0.427353 0.997247
0.427975 0.818892
0.428699 0.209286
0.428926 0.47261
0.429067 0.739197
0.429185 0.984901
0.429333 0.227821
0.429346 0.863457
0.429372 0.215391
0.430077 0.993613
0.431041 0.796462
0.431085 0.142372
0.432008 0.501156
0.432915 0.132821
0.43298 0.878708
0.433025 0.821869
0.435102 0.0286445
0.435148 0.32376
0.4352 0.831334
0.436913 0.867736
0.437106 0.436173
0.437434 0.648957
0.438128 0.94847
0.438317 0.688351
0.440856 0.667583
0.442078 0.984967
0.44289 0.730647
0.443459 0.939161
0.44362 0.954707
0.444469 0.304198
0.444693 0.993665
0.4452 0.0256705
0.445221 0.841152
0.447066 0.027216
0.447473 0.28591
0.447838 0.25128
0.448913 0.946868
0.449031 0.00585165
0.449037 0.273858
0.449109 0.266297
0.449541 0.00513521
0.45039 0.214685
0.450641 0.0296668
0.4511 0.250317
0.451442 0.684399
0.452104 0.659944
0.452199 0.464393
0.452348 0.894072
0.453109 0.92439
0.454219 0.0816502
0.454733 0.075501
0.455089 0.722145
0.455634 0.922313
0.456415 0.130814
0.456872 0.966396
0.457247 0.639889
0.457352 0.263108
0.457383 0.248352
0.457714 0.38157
0.458417 0.376857
0.458872 0.918804
0.459055 0.776195
0.459779 0.11571
0.460233 0.892864
0.460288 0.981597
0.461314 0.457082
0.461502 0.19421
0.46165 0.793978
0.461858 0.939117
0.463853 0.371048
0.464239 0.451833
0.464541 0.923143
0.464843 0.384845
0.465214 0.379188
0.466515 0.229251
0.46668 0.584817
0.467815 0.242894
0.468229 0.212387
0.468395 0.102243
0.468436 0.784601
0.469299 0.183452
0.469865 0.0118106
0.470608 0.974846
0.471891 0.0883866
0.472752 0.0787137
0.472803 0.847985
0.474165 0.982485
0.474372 0.255731
0.474845 0.81323
0.474876 0.415396
0.475321 0.248381
0.475475 0.172745
0.475977 0.973547
0.475997 0.267827
0.476792 0.82706
0.477221 0.567048
0.477851 0.0138732
0.478386 0.821546
0.478787 0.890378
0.47913 0.375678
0.47945 0.154235
0.479697 0.990317
0.47986 0.979293
0.480466 0.617787
0.480565 0.405504
0.480699 0.0780892
0.481128 0.00508669
0.482676 0.322799
0.483617 0.214657
0.483816 0.0761444
0.484302 0.814524
0.484492 0.704338
0.484743 0.121148
0.485285 0.0523192
0.486836 0.767086
0.487027 0.374467
0.489016 0.757105
0.489054 0.803464
0.490496 0.00307456
0.490742 0.778594
0.491046 0.00361572
0.491209 0.542965
0.491494 0.664795
0.492259 0.747504
0.492261 0.020182
0.495118 0.572178
0.496937 0.836606
0.497632 0.0843822
0.498008 0.799663
0.498807 0.736794
0.499022 0.321558
0.499322 0.0407872
0.499778 0.31616
0.500307 0.809847
0.500412 0.205469
0.501299 0.0842943
0.502459 0.00532101
0.502866 0.99853
0.50295 0.980369
0.504933 0.0661939
0.505195 0.0394014
0.505253 0.0284343
0.505334 0.812846
0.505607 0.96226
0.505777 0.00187654
0.506239 0.958756
0.506285 0.991776
0.507116 0.801651
0.50733 0.0258715
0.509768 0.124992
0.510299 0.0347408
0.510487 0.964284
0.512992 0.911605
0.51428 0.119816
0.514738 0.539591
0.516002 0.793711
0.516831 0.363453
0.516988 0.95046
0.517316 0.236492
0.519293 0.51573
0.519497 0.563798
0.519567 0.235859
0.5201 0.749324
0.520508 0.269896
0.520524 0.2353
0.521634 0.223895
0.522162 0.873519
0.522445 0.262682
0.522993 0.00378161
0.523287 0.0475749
0.523304 0.210713
0.524882 0.996496
0.524915 0.91711
0.525562 0.38207
0.527326 0.55927
0.527887 0.771106
0.528106 0.486966
0.528445 0.0745418
0.528494 0.762566
0.530652 0.0320033
0.530694 0.035116
0.531261 0.550848
0.5326 0.88901
0.533843 0.638738
0.535068 0.0544031
0.535677 0.0836197
0.536279 0.382042
0.537085 0.461352
0.53914 0.362574
0.539766 0.46033
0.539813 0.0127447
0.539851 0.549403
0.539872 0.969479
0.541357 0.53815
0.541707 0.256963
0.543117 0.208241
0.543437 0.990413
0.543874 0.93588
0.544086 0.116955
0.545296 0.686232
0.545363 0.929194
0.54538 0.334117
0.545676 0.758951
0.54582 0.722062
0.546383 0.206853
0.547141 0.621923
0.547414 0.00103082
0.547507 0.916415
0.547599 0.0169823
0.54786 0.946835
0.548371 0.255528
0.548553 0.853227
0.548765 0.450481
0.548919 0.719472
0.549246 0.146286
0.549299 0.96173
0.549302 0.330647
0.549544 0.749259
0.54961 0.810259
0.550318 0.077501
0.550496 0.0514972
0.550532 0.0326637
0.551857 0.236803
0.551875 0.548891
0.553242 0.0232614
0.553495 0.995683
0.553598 0.985976
0.554851 0.801783
0.555236 0.998
0.555615 0.0631132
0.555929 0.0491831
0.556665 0.397286
0.556741 0.902771
0.557272 0.800266
0.558822 0.507518
0.558885 0.604896
0.559583 0.0807837
0.560611 0.976663
0.563158 0.358396
0.564406 0.0156823
0.564738 0.759897
0.564855 0.673836
0.565641 0.852921
0.566363 0.772757
0.567619 0.306474
0.5677 0.857678
0.569397 0.767577
0.569782 0.651993
0.569986 0.543401
0.571248 0.0191293
0.571527 0.0112027
0.572375 0.81928
0.573296 0.0178006
0.573348 0.123446
0.573901 0.22082
0.573919 0.0743374
0.574013 0.0142445
0.57574 0.53108
0.576157 0.886668
0.577071 0.0616007
0.577375 0.693017
0.577506 0.060268
0.578172 0.515179
0.578852 0.0602243
0.579898 0.645764
0.580353 0.874771
0.580478 0.931087
0.58052 0.565869
0.582483 0.0268098
0.583156 0.0535711
0.58322 0.747092
0.583437 0.0797214
0.584128 0.0445376
0.584468 0.0355869
0.584525 0.901512
0.584712 0.986396
0.584917 0.752812
0.585058 0.435307
0.585902 0.882266
0.586044 0.0294729
0.586739 0.466686
0.586818 0.0226056
0.587788 0.839431
0.588039 0.151909
0.588301 0.293784
0.589537 0.502222
0.589852 0.177867
0.591535 0.876015
0.59159 0.0162246
0.591599 0.973162
0.591796 0.988317
0.591906 0.778227
0.592674 0.0311033
0.59284 0.00696414
0.593396 0.813127
0.593417 0.959354
0.595897 0.75893
0.596461 0.14577
0.596862 0.751141
0.597525 0.97294
0.597828 0.138493
0.597855 0.968828
0.598111 0.174423
0.59822 0.869339
0.598752 0.157071
0.599339 0.928783
0.59939 0.0664269
0.600713 0.0196337
0.602206 0.452397
0.602661 0.371467
0.603178 0.892981
0.605221 0.272635
0.606253 0.93016
0.607011 0.987604
0.607038 0.365075
0.607522 0.0114512
0.607943 0.14997
0.60899 0.131716
0.610915 0.887728
0.611008 0.341695
0.61154 0.748464
0.612603 0.997752
0.614192 0.236727
0.614859 0.474643
0.615024 0.0672258
0.615209 0.64826
0.615391 0.220212
0.615575 0.908733
0.615768 0.471082
0.615793 0.324819
0.616871 0.733883
0.617908 0.523995
0.618644 0.00351645
0.61992 0.0577458
0.620581 0.212141
0.621113 0.00155542
0.621849 0.719532
0.622533 0.314339
0.623265 0.026663
0.623429 0.455575
0.62373 0.445348
0.624362 0.0551672
0.627715 0.438958
0.628839 0.000813552
0.628938 0.717087
0.629538 0.268105
0.630149 0.0458602
0.630643 0.0209942
0.630765 0.198178
0.631868 0.0405325
0.631906 0.954548
0.632057 0.190889
0.632629 0.9589
0.632654 0.277549
0.63276 0.662772
0.633455 0.941813
0.634195 0.890845
0.635446 0.86807
0.636835 0.249698
0.637848 0.574373
0.638076 0.914532
0.638206 0.793859
0.639568 0.789115
0.639655 0.731651
0.639732 0.955689
0.640721 0.108342
0.640729 0.141657
0.64075 0.783781
0.641978 0.647982
0.642417 0.354832
0.642665 0.769722
0.642735 0.837667
0.643943 0.43473
0.64572 0.614143
0.645971 0.10271
0.646212 0.220041
0.64707 0.0395579
0.647398 0.00399708
0.64783 0.211395
0.650139 0.936456
0.650521 0.829029
0.650561 0.144222
0.650957 0.771509
0.651225 0.553432
0.651438 0.127115
0.651531 0.603486
0.651945 0.579261
0.651958 0.326318
0.65326 0.53721
0.653285 0.322244
0.653365 0.962956
0.653561 0.908146
0.654385 0.180864
0.654606 0.935177
0.655004 0.314166
0.655823 0.367611
0.656202 0.57431
0.656726 0.899308
0.657365 0.208722
0.657952 0.743415
0.658897 0.766104
0.659227 0.199849
0.659369 0.145794
0.660151 0.427995
0.6606 0.0261175
0.661029 0.0571428
0.661556 0.759626
0.661599 0.255241
0.662281 0.742871
0.662729 0.0459467
0.663982 0.650761
0.665182 0.428541
0.66574 0.650112
0.666229 0.740967
0.666316 0.0611525
0.667918 0.893067
0.668594 0.25409
0.668913 0.711202
0.669679 0.985787
0.669737 0.0335114
0.669812 0.444648
0.6701 0.220441
0.670579 0.00847831
0.670984 0.614829
0.671931 0.0357149
0.672923 0.566466
0.673108 0.423531
0.673114 0.0622159
0.673832 0.177571
0.673949 0.189996
0.674239 0.00395962
0.674928 0.536819
0.675478 0.518143
0.675799 0.0330542
0.676118 0.0381784
0.67671 0.57974
0.677989 0.933349
0.678304 0.738906
0.67837 0.961977
0.679369 0.554484
0.680542 0.184411
0.683493 0.24369
0.683552 0.795457
0.684059 0.96041
0.685323 0.174147
0.686374 0.13823
0.686794 0.109739
0.686983 0.973588
0.687183 0.145761
0.687638 0.305047
0.687663 0.032098
0.687733 0.170527
0.687824 0.0508444
0.689109 0.287923
0.690972 0.226018
0.690975 0.224315
0.6918 0.575935
0.692148 0.444066
0.693021 0.0153603
0.693095 0.131722
0.695101 0.216293
0.695396 0.00358747
0.695415 0.848976
0.695449 0.0252317
0.695968 0.568658
0.697117 0.0929167
0.6981 0.183286
0.699984 0.884341
0.69999 0.597162
0.700529 0.752115
0.700829 0.5932
0.701091 0.507644
0.701391 0.284825
0.701396 0.682251
0.701404 0.000350096
0.702181 0.118921
0.702537 0.681087
0.703352 0.0880157
0.705183 0.992385
0.70567 0.656113
0.705912 0.219489
0.706547 0.594944
0.70689 0.0194853
0.706959 0.352312
0.706986 0.0535705
0.707305 0.329044
0.707447 0.960383
0.709567 0.0560784
0.711426 0.0691544
0.712152 0.14822
0.712304 0.563784
0.712605 0.823791
0.712917 0.0401515
0.713512 0.548104
0.713525 0.0271781
0.714905 0.0201359
0.715141 0.0062315
0.715527 0.166006
0.717286 0.370825
0.718396 0.351857
0.718415 0.136808
0.718755 0.878425
0.719121 0.871378
0.71921 0.53834
0.719624 0.730342
0.720636 0.575487
0.721202 0.256965
0.724091 0.0681463
0.724433 0.881137
0.724879 0.244707
0.726123 0.407803
0.727221 0.526304
0.7283 0.957322
0.728787 0.57468
0.729814 0.135281
0.73058 0.644695
0.732777 0.542962
0.73303 0.0844031
0.733477 0.506934
0.733926 0.0122466
0.734917 0.487485
0.73523 0.617816
0.735523 0.346592
0.736161 0.876766
0.736548 0.857006
0.737861 0.032732
0.738452 0.758033
0.739558 0.0450537
0.739853 0.187407
0.739863 0.541994
0.740775 0.158263
0.74092 0.404952
0.74154 0.536508
0.742098 0.0558346
0.742137 0.400469
0.74214 0.166061
0.744402 0.129161
0.744653 0.534701
0.744936 0.0347249
0.745418 0.350817
0.746153 0.346297
0.746402 0.0521604
0.746625 0.239242
0.746735 0.172858
0.748101 0.600015
0.74979 0.564625
0.750884 0.707582
0.75125 0.996006
0.751643 0.704175
0.751736 0.171444
0.752399 0.467339
0.752831 0.0685035
0.753753 0.447181
0.753794 0.0415005
0.754494 0.446985
0.754869 0.136685
0.755849 0.0132725
0.75621 0.84986
0.757314 0.219122
0.757538 0.659122
0.757772 0.0485186
0.758194 0.555749
0.758802 0.0911524
0.758823 0.466416
0.758837 0.437365
0.758986 0.403026
0.75931 0.701885
0.75952 0.486633
0.760059 0.278639
0.760391 0.658458
0.761364 0.399622
0.761751 0.445852
0.762153 0.364778
0.762235 0.00525697
0.763014 0.150315
0.763449 0.114631
0.763539 0.747556
0.763809 0.48234
0.764822 0.0825751
0.765298 0.328112
0.765418 0.714598
0.765523 0.051575
0.765576 0.0413644
0.766022 0.692469
0.766815 0.9686
0.766895 0.466591
0.767467 0.0091104
0.769334 0.44491
0.76937 0.839671
0.770872 0.105308
0.771061 0.00499979
0.771217 0.712092
0.771246 0.748395
0.772977 0.274473
0.773143 0.402188
0.773157 0.952675
0.773508 0.0757757
0.774273 0.21598
0.774288 0.463423
0.774345 0.590154
0.774551 0.999516
0.77492 0.0288828
0.775343 0.294972
0.775959 0.825422
0.776428 0.707011
0.776491 0.345268
0.776618 0.50701
0.776894 0.241674
0.7771 0.0905976
0.777478 0.330647
0.777504 0.128446
0.777614 0.453057
0.77879 0.0341223
0.778863 0.374674
0.778973 0.306161
0.779069 0.0818924
0.779645 0.689938
0.780891 0.132962
0.781289 0.396781
0.782284 0.38835
0.78336 0.0471802
0.783443 0.237137
0.783532 0.155368
0.783736 0.532115
0.784071 0.216245
0.784557 0.687815
0.784595 0.361607
0.785161 0.645695
0.785194 0.164179
0.785373 0.28203
0.785466 0.380172
0.785939 0.180832
0.785961 0.0675769
0.786083 0.213203
0.786254 0.835435
0.786647 0.352153
0.786876 0.281861
0.78694 0.429589
0.787248 0.639352
0.787916 0.331901
0.787995 0.580165
0.788362 0.374639
0.788552 0.0564401
0.788667 0.212245
0.788932 0.901614
0.789305 0.328438
0.789384 0.34527
0.789443 0.343594
0.789558 0.964838
0.791833 0.634139
0.792113 0.133046
0.792738 0.997046
0.794794 0.523606
0.795079 0.525144
0.795459 0.674466
0.795614 0.0885289
0.795649 0.268313
0.795768 0.585099
0.795886 0.332679
0.796133 0.157804
0.796151 0.124165
0.796199 0.310837
0.796857 0.363848
0.796882 0.257243
0.797104 0.0100787
0.797712 0.0138315
0.799009 0.424205
0.799433 0.24637
0.7996 0.482399
0.79996 0.127422
0.799988 0.0347003
0.800441 0.389392
0.800453 0.0414928
0.800954 0.0561751
0.801505 0.455911
0.801807 0.573189
0.802304 0.36048
0.802825 0.452606
0.803818 0.272964
0.804021 0.509595
0.804215 0.490781
0.804995 0.139762
0.805185 0.478543
0.806373 0.0310698
0.806479 0.109743
0.806885 0.764712
0.807318 0.954263
0.807753 0.38012
0.807848 0.661109
0.809386 0.342763
0.809458 0.949798
0.809507 0.910026
0.809508 0.232162
0.809644 0.213731
0.810342 0.0348862
0.811487 0.726771
0.811877 0.475119
0.812032 0.89976
0.812048 0.833546
0.812228 0.110465
0.812244 0.0113834
0.812489 0.56989
0.812833 0.451296
0.812905 0.0626936
0.81451 0.0392313
0.814615 0.334788
0.814728 0.299605
0.815921 0.0569532
0.815947 0.471589
0.819134 0.721483
0.819607 0.0751941
0.819867 0.741106
0.820361 0.567358
0.820792 0.377224
0.821391 0.147117
0.821573 0.647858
0.821825 0.938882
0.821841 0.0688664
0.822605 0.549086
0.822742 0.176113
0.822883 0.888185
0.82353 0.686406
0.823539 0.04146
0.823634 0.426427
0.823931 0.260873
0.824649 0.229333
0.825411 0.0447095
0.825709 0.151169
0.825789 0.0312076
0.825836 0.119007
0.827038 0.556994
0.827364 0.552048
0.828388 0.0683362
0.828454 0.775687
0.830069 0.974448
0.830287 0.187761
0.830369 0.310009
0.830831 0.150219
0.831091 0.33075
0.832166 0.915037
0.832391 0.296507
0.832536 0.794257
0.835017 0.770827
0.835792 0.300925
0.836322 0.536508
0.837117 0.598971
0.837199 0.0819262
0.83721 0.471562
0.837402 0.505537
0.837449 0.0385785
0.838617 0.212226
0.838754 0.410405
0.839434 0.0326883
0.839585 0.00571646
0.84003 0.119404
0.840509 0.0896543
0.840717 0.0503543
0.84092 0.299255
0.841106 0.82728
0.841234 0.0409033
0.842581 0.259534
0.843514 0.0651998
0.843835 0.373465
0.844338 0.726807
0.844546 0.330475
0.844797 0.0501601
0.844825 0.65821
0.845036 0.139271
0.845267 0.321965
0.845371 0.785741
0.845571 0.417876
0.845677 0.575478
0.846172 0.101705
0.846858 0.367672
0.847259 0.470957
0.847307 0.706728
0.847382 0.78174
0.847624 0.282427
0.847771 0.499179
0.848193 0.470574
0.848271 0.239332
0.848375 0.26486
0.850016 0.758737
0.850853 0.497928
0.851121 0.790117
0.852 0.251673
0.8524 0.14572
0.853537 0.49256
0.854142 0.237492
0.854292 0.757559
0.85439 0.484035
0.85471 0.415957
0.854781 0.146569
0.854787 0.0504911
0.854965 0.196699
0.855605 0.280169
0.855685 0.336055
0.856998 0.446365
0.857569 0.295589
0.857659 0.545543
0.857661 0.387955
0.858418 0.0369787
0.859146 0.563662
0.859435 0.55889
0.860798 0.478744
0.86097 0.778233
0.861474 0.736298
0.862641 0.706567
0.862661 0.38924
0.862975 0.290684
0.863108 0.245838
0.863813 0.169435
0.864049 0.418268
0.864739 0.756776
0.864744 0.718498
0.864896 0.262832
0.86497 0.380575
0.865068 0.454578
0.866049 0.155227
0.866393 0.300032
0.866505 0.758327
0.866568 0.173512
0.866939 0.03758
0.867403 0.968442
0.867686 0.00804924
0.867831 0.385403
0.868233 0.445806
0.868847 0.753099
0.869131 0.13803
0.869552 0.698081
0.869665 0.421534
0.870766 0.291518
0.87162 0.906846
0.871873 0.837088
0.872372 0.165386
0.872562 0.966721
0.872711 0.247168
0.873329 0.108545
0.873409 0.159497
0.873456 0.0140598
0.873464 0.123863
0.873709 0.7883
0.873832 0.731032
0.87406 0.64759
0.875484 0.632546
0.875944 0.351504
0.876066 0.0746395
0.87614 0.754259
0.877343 0.0456531
0.878382 0.675828
0.878433 0.118764
0.879112 0.55022
0.879632 0.53061
0.880538 0.314319
0.880729 0.275845
0.880896 0.096519
0.880945 0.64667
0.881118 0.833641
0.881472 0.141328
0.881492 0.477416
0.881696 0.352758
0.881766 0.0587431
0.882366 0.164907
0.882781 0.417604
0.882889 0.449521
0.883391 0.142204
0.883664 0.0368381
0.88393 0.777827
0.88565 0.0421013
0.885749 0.101229
0.886118 0.39682
0.886748 0.346849
0.886867 0.891017
0.887486 0.5531
0.887693 0.329049
0.887979 0.531598
0.888098 0.100911
0.888494 0.654524
0.888862 0.749604
0.889051 0.259478
0.890545 0.131462
0.890613 0.416729
0.892193 0.0520735
0.892962 0.270017
0.893749 0.645736
0.893771 0.727656
0.894303 0.293393
0.89446 0.352274
0.895573 0.284069
0.895955 0.156235
0.896768 0.114168
0.898645 0.322485
0.898809 0.995505
0.899326 0.241536
0.90043 0.163324
0.901173 0.159219
0.901676 0.0157215
0.901915 0.154842
0.902944 0.0219329
0.903159 0.887694
0.903814 0.271265
0.904016 0.405277
0.905786 0.367209
0.906057 0.281704
0.906219 0.0164135
0.906709 0.948614
0.90796 0.214111
0.908336 0.0594939
0.908729 0.140963
0.908857 0.63471
0.909413 0.270548
0.909515 0.246459
0.910283 0.132824
0.910358 0.347305
0.911203 0.247533
0.911991 0.400686
0.91206 0.907715
0.912293 0.299821
0.912379 0.135459
0.913748 0.0345543
0.914239 0.143198
0.914343 0.13163
0.914804 0.997981
0.91488 0.232862
0.915079 0.73959
0.915414 0.170968
0.915721 0.99583
0.916025 0.354855
0.916054 0.523993
0.917258 0.0411964
0.917303 0.141796
0.91731 0.794395
0.918656 0.334732
0.918771 0.0226042
0.91948 0.988221
0.920267 0.206136
0.92064 0.143818
0.92231 0.0762217
0.922394 0.790568
0.922587 0.040146
0.922636 0.781535
0.923403 0.170195
0.923708 0.551465
0.923892 0.426516
0.924094 0.522793
0.924873 0.165446
0.925388 0.725337
0.926449 0.236747
0.92652 0.352665
0.926701 0.266337
0.927389 0.507275
0.927564 0.299168
0.928302 0.103904
0.928348 0.691471
0.928406 0.217416
0.928577 0.136043
0.928849 0.00999015
0.928923 0.722528
0.929148 0.151047
0.929363 0.551044
0.92939 0.406354
0.930131 0.181312
0.930351 0.518455
0.931022 0.267321
0.932002 0.0942263
0.932437 0.311192
0.932863 0.104698
0.933054 0.296965
0.933422 0.833183
0.933781 0.157669
0.934222 0.0387907
0.934261 0.806741
0.934399 0.45402
0.934842 0.805827
0.935744 0.405838
0.935807 0.0327501
0.935824 0.895086
0.935839 0.625453
0.93597 0.960936
0.936439 0.142746
0.937128 0.0961278
0.93782 0.337141
0.938388 0.621898
0.938603 0.422195
0.938705 0.305864
0.938809 0.883145
0.938956 0.713452
0.938973 0.404912
0.938979 0.794411
0.939014 0.167004
0.939689 0.0940138
0.939839 0.141971
0.939856 0.695602
0.94014 0.927092
0.940326 0.356026
0.940513 0.125383
0.940597 0.499808
0.940666 0.740064
0.940669 0.232238
0.940818 0.441737
0.94106 0.241044
0.94144 0.291591
0.942128 0.292238
0.942177 0.043788
0.942445 0.603283
0.943424 0.583593
0.94428 0.0242349
0.944552 0.0594294
0.94502 0.365159
0.945037 0.566041
0.945173 0.959991
0.945834 0.50237
0.946381 0.0237887
0.946487 0.674067
0.946801 0.410583
0.946835 0.67003
0.947031 0.790583
0.947296 0.439872
0.947326 0.0987531
0.947361 0.514048
0.948019 0.2559
0.948416 0.261422
0.948733 0.591728
0.949918 0.204474
0.950095 0.583219
0.950171 0.403988
0.950468 0.10455
0.950764 0.615408
0.951241 0.815275
0.951337 0.122325
0.951351 0.172236
0.952086 0.708078
0.952194 0.784809
0.952218 0.231531
0.952633 0.505173
0.953239 0.0675112
0.953506 0.215681
0.953683 0.534088
0.955057 0.369128
0.955084 0.0795601
0.955165 0.765035
0.955391 0.182499
0.955676 0.614917
0.956072 0.2142
0.956794 0.608224
0.957279 0.0300255
0.95759 0.880852
0.957623 0.560293
0.957793 0.198567
0.957912 0.00300518
0.958231 0.0250492
0.958576 0.680119
0.960127 0.301628
0.960129 0.149199
0.960313 0.122289
0.960442 0.0529749
0.960473 0.137708
0.960646 0.0374975
0.961423 0.895757
0.961717 0.247568
0.961859 0.0859342
0.961992 0.407052
0.962147 0.395053
0.962487 0.249117
0.962817 0.100952
0.96307 0.998878
0.964001 0.103927
0.964733 0.762423
0.965055 0.225604
0.966266 0.806955
0.967111 0.119706
0.967241 0.335093
0.967957 0.729479
0.968285 0.366362
0.968495 0.197022
0.97 0.429991
0.970508 0.319805
0.971296 0.169498
0.971533 0.165151
0.971657 0.606258
0.97198 0.483316
0.97198 0.474642
0.97205 0.0450913
0.972461 0.281089
0.972616 0.444721
0.972714 0.880301
0.972766 0.204536
0.972988 0.0764989
0.973212 0.373298
0.973331 0.592097
0.973692 0.0446074
0.974437 0.630484
0.975294 0.143405
0.975334 0.218449
0.975346 0.721144
0.975887 0.18176
0.976173 0.170885
0.976229 0.861346
0.976331 0.163419
0.977005 0.194984
0.977434 0.826139
0.978038 0.559873
0.978195 0.793203
0.978604 0.845677
0.978632 0.448471
0.978743 0.226237
0.979442 0.461766
0.979471 0.525772
0.979683 0.510802
0.980395 0.284718
0.980647 0.607683
0.980693 0.327679
0.980836 0.34654
0.981419 0.19542
0.981543 0.719141
0.981906 0.510401
0.98213 0.627167
0.982327 0.38536
0.98269 0.0736216
0.983031 0.0981869
0.983501 0.433171
0.983677 0.13713
0.983812 0.561765
0.983945 0.065461
0.983984 0.790886
0.984343 0.0335608
0.984393 0.282007
0.98454 0.581409
0.984853 0.0018615
0.985109 0.178412
0.985531 0.473523
0.985648 0.41541
0.986286 0.74917
0.986369 0.704747
0.986406 0.252015
0.988668 0.0425919
0.988684 0.258968
0.989002 0.0348951
0.989153 0.549318
0.990665 0.188229
0.990884 0.427292
0.991034 0.203014
0.99109 0.0592931
0.991667 0.0374297
0.992007 0.807819
0.992044 0.0439203
0.992062 0.0637301
0.992097 0.458236
0.992259 0.942582
0.992434 0.724395
0.992434 0.653954
0.992538 0.518244
0.992666 0.64674
0.992873 0.590592
0.993035 0.774506
0.993091 0.294398
0.993299 0.753158
0.993477 0.279937
0.993927 0.440013
0.993972 0.122296
0.994072 0.0923449
0.994984 0.278547
0.99501 0.115357
0.995475 0.700042
0.995545 0.712008
0.995944 0.848411
0.995948 0.638207
0.996555 0.0819104
0.996856 0.347765
0.996859 0.223377
0.996919 0.44922
0.997825 0.822949
0.997918 0.683358
0.998365 0.421588
0.998716 0.143562
0.999349 0.475112
0.999508 0.0301848
0.999898 0.222404
0.999952 0.953144
