0.0125566 0.506456
0.0126103 0.503022
0.0192197 0.497382
0.0207368 0.513918
0.021552 0.496745
0.0225745 0.521454
0.0251608 0.495412
0.0267305 0.513547
0.0270222 0.481798
0.0293914 0.509613
0.030566 0.49555
0.0320949 0.493409
0.0336657 0.492431
0.0341336 0.531452
0.0381201 0.470043
0.0386422 0.527556
0.0389855 0.536584
0.0390942 0.522268
0.0395203 0.515311
0.0403993 0.477301
0.0404656 0.464925
0.0432456 0.467049
0.0435529 0.506967
0.0454965 0.520387
0.0489053 0.513454
0.0494545 0.498708
0.050304 0.459598
0.0527684 0.484242
0.0557814 0.550317
0.0592762 0.466406
0.0608553 0.458217
0.063182 0.549617
0.0648395 0.512478
0.0667566 0.565404
0.0669832 0.561039
0.0695333 0.544171
0.0707213 0.497024
0.0708754 0.496814
0.0717829 0.457919
0.0723011 0.48258
0.0735908 0.507467
0.0779435 0.434934
0.0791472 0.527681
0.0802404 0.494464
0.0806262 0.485018
0.0808696 0.499832
0.0823729 0.57676
0.0853121 0.44689
0.0860522 0.422867
0.0872091 0.443665
0.0878135 0.493651
0.08933 0.533608
0.0906803 0.449479
0.0910778 0.53295
0.0925995 0.420813
0.0932451 0.530322
0.0953164 0.512425
0.0969407 0.411297
0.0975451 0.506261
0.101537 0.470158
0.101547 0.518596
0.10189 0.584183
0.102576 0.410411
0.10324 0.486498
0.10362 0.409268
0.104325 0.449302
0.105112 0.55554
0.105601 0.469027
0.106185 0.499719
0.107083 0.485416
0.107231 0.514754
0.110129 0.576287
0.110817 0.599222
0.112948 0.596644
0.114155 0.589173
0.115125 0.484263
0.115416 0.437461
0.115748 0.573733
0.117414 0.551486
0.118162 0.536508
0.119012 0.415087
0.119739 0.512421
0.120294 0.432441
0.12037 0.449665
0.12135 0.585831
0.121671 0.581648
0.122344 0.533377
0.123874 0.599845
0.124543 0.540284
0.125572 0.569896
0.12695 0.523036
0.127244 0.623955
0.129329 0.482265
0.130448 0.474713
0.130793 0.473777
0.131074 0.61895
0.131928 0.616509
0.132329 0.398551
0.133256 0.392514
0.134574 0.495935
0.134906 0.38879
0.13546 0.381797
0.136266 0.468228
0.136419 0.492565
0.136593 0.608755
0.136639 0.60365
0.138129 0.599437
0.138844 0.463835
0.13933 0.572678
0.139704 0.455079
0.140007 0.442161
0.14095 0.588623
0.141104 0.637508
0.141391 0.484755
0.143804 0.57834
0.144391 0.412025
0.144424 0.508487
0.144544 0.630329
0.144659 0.445986
0.144693 0.396499
0.145178 0.597186
0.145205 0.57673
0.145705 0.392163
0.146368 0.367423
0.146872 0.440034
0.146935 0.629433
0.148969 0.471946
0.149289 0.611265
0.149913 0.492677
0.150012 0.486954
0.150773 0.440138
0.151085 0.518647
0.151381 0.369163
0.151412 0.649643
0.151614 0.497863
0.152283 0.556668
0.152677 0.449427
0.152685 0.40903
0.152982 0.490651
0.153464 0.469305
0.15479 0.488266
0.156115 0.406287
0.156813 0.485722
0.156823 0.461808
0.159366 0.436937
0.159702 0.475834
0.160916 0.34381
0.164038 0.370596
0.164376 0.336691
0.164708 0.369382
0.165294 0.33522
0.16595 0.365088
0.165958 0.637793
0.166106 0.544095
0.16648 0.589265
0.168122 0.656062
0.169263 0.588819
0.170685 0.637443
0.171179 0.360376
0.171369 0.518581
0.171489 0.424599
0.171659 0.671288
0.171909 0.421976
0.172983 0.404675
0.17489 0.665908
0.175124 0.400846
0.175308 0.369021
0.176463 0.422193
0.176708 0.627351
0.177266 0.400225
0.178069 0.602427
0.179013 0.39838
0.179463 0.450148
0.179575 0.413525
0.180341 0.561646
0.181168 0.555816
0.181639 0.58742
0.181819 0.639625
0.182179 0.412215
0.183542 0.460886
0.183679 0.404185
0.183883 0.402491
0.184943 0.664456
0.184945 0.326276
0.18555 0.631593
0.185571 0.345802
0.185688 0.343906
0.185719 0.368316
0.186112 0.335122
0.188065 0.599687
0.188083 0.476701
0.188739 0.539995
0.190297 0.584615
0.190996 0.381506
0.191705 0.406945
0.192 0.466128
0.1921 0.504253
0.193637 0.693173
0.194004 0.32042
0.194815 0.574834
0.195749 0.31964
0.195867 0.574607
0.196124 0.317154
0.196543 0.437459
0.19695 0.528
0.198599 0.557493
0.199261 0.405774
0.199741 0.332654
0.199848 0.437142
0.200012 0.662902
0.201015 0.307724
0.201293 0.32943
0.201685 0.700245
0.202525 0.542717
0.202858 0.498776
0.202873 0.44795
0.20319 0.434579
0.203248 0.653054
0.20429 0.537553
0.204657 0.597401
0.205099 0.590476
0.205459 0.699053
0.205462 0.496665
0.205875 0.317069
0.20653 0.531576
0.208376 0.378821
0.208741 0.391879
0.20894 0.367413
0.209955 0.530555
0.210092 0.650456
0.210751 0.488685
0.210855 0.567459
0.211381 0.677299
0.211821 0.36169
0.212161 0.64679
0.212686 0.38429
0.2127 0.303849
0.213493 0.383581
0.214993 0.587816
0.215337 0.419897
0.216582 0.404085
0.216656 0.376202
0.216665 0.575758
0.216686 0.301353
0.216781 0.527497
0.217151 0.50124
0.217291 0.717273
0.217907 0.404038
0.219267 0.290153
0.220277 0.385397
0.22054 0.382865
0.220753 0.557143
0.220888 0.593924
0.220926 0.349828
0.221102 0.348022
0.221116 0.287492
0.221141 0.698424
0.221146 0.48796
0.221757 0.52282
0.221783 0.374852
0.22194 0.522319
0.222031 0.477539
0.222972 0.69563
0.223228 0.671907
0.223614 0.553067
0.226221 0.53413
0.226294 0.526397
0.226428 0.65488
0.226878 0.63834
0.227159 0.587598
0.227237 0.641154
0.227265 0.519392
0.227491 0.359615
0.228002 0.701301
0.228291 0.622059
0.228432 0.671756
0.228461 0.518286
0.228644 0.372263
0.228649 0.525134
0.229314 0.518003
0.229751 0.37994
0.229814 0.471847
0.23048 0.621571
0.230686 0.620876
0.231098 0.357733
0.23128 0.710479
0.231408 0.641122
0.232759 0.405188
0.233036 0.267737
0.23305 0.605017
0.233414 0.514304
0.234532 0.729801
0.235297 0.510642
0.236124 0.295001
0.23619 0.505244
0.236215 0.699087
0.236304 0.585694
0.236643 0.263553
0.236663 0.627854
0.237062 0.702318
0.237549 0.312748
0.238143 0.379423
0.23823 0.736354
0.240907 0.557229
0.242159 0.440632
0.242407 0.72447
0.243049 0.697231
0.244091 0.59974
0.24422 0.672995
0.244273 0.701259
0.244808 0.294986
0.245169 0.630039
0.245192 0.533897
0.245463 0.598671
0.245918 0.532785
0.247025 0.575742
0.24827 0.353313
0.248819 0.697754
0.248872 0.742357
0.248877 0.626552
0.249694 0.634062
0.250501 0.262432
0.251209 0.36272
0.251357 0.598207
0.251404 0.734996
0.25216 0.603225
0.253193 0.671708
0.254969 0.387527
0.256771 0.434009
0.257284 0.660073
0.257823 0.260183
0.258361 0.693471
0.258941 0.432397
0.259175 0.247433
0.259217 0.372902
0.259357 0.313141
0.259916 0.430662
0.260526 0.66632
0.260789 0.664376
0.261036 0.663732
0.261305 0.751741
0.261358 0.343704
0.26143 0.271006
0.262474 0.364569
0.262545 0.496227
0.262699 0.656459
0.263635 0.34123
0.264221 0.305857
0.265359 0.565021
0.265546 0.266815
0.265634 0.446981
0.266383 0.41003
0.266986 0.294163
0.267793 0.71024
0.267811 0.520159
0.267873 0.706716
0.26819 0.625635
0.268399 0.284485
0.26855 0.656291
0.268983 0.727697
0.269092 0.267379
0.27018 0.341465
0.270183 0.325498
0.270274 0.712055
0.270636 0.559656
0.270996 0.399528
0.271276 0.558986
0.271351 0.373362
0.271813 0.493504
0.272185 0.234486
0.27241 0.322882
0.272434 0.471619
0.272479 0.765387
0.27297 0.748487
0.273485 0.720134
0.274739 0.64945
0.274932 0.278478
0.27498 0.712589
0.275128 0.499878
0.275425 0.594239
0.275692 0.277988
0.27594 0.49802
0.275979 0.318202
0.276785 0.764293
0.276948 0.665834
0.276967 0.31682
0.277362 0.273575
0.277389 0.385315
0.277618 0.707901
0.277975 0.29824
0.278642 0.356144
0.278699 0.453003
0.279027 0.254481
0.279495 0.711744
0.279507 0.225972
0.279616 0.519072
0.27963 0.382424
0.28072 0.225217
0.280832 0.314696
0.280938 0.580386
0.280984 0.247297
0.281012 0.690927
0.281368 0.355936
0.281614 0.463935
0.281696 0.672101
0.282648 0.624146
0.282672 0.702105
0.283021 0.56724
0.283382 0.217083
0.28355 0.225775
0.283888 0.381199
0.284876 0.46287
0.284971 0.340448
0.285217 0.259329
0.286182 0.378199
0.286571 0.636004
0.286575 0.309222
0.287268 0.447896
0.287627 0.550833
0.288743 0.458739
0.289033 0.346385
0.289374 0.664444
0.289734 0.774499
0.289769 0.272853
0.289984 0.376132
0.290147 0.603433
0.290583 0.740916
0.290589 0.556546
0.290664 0.635178
0.293526 0.344752
0.293922 0.439198
0.29405 0.542272
0.294119 0.21358
0.29456 0.740914
0.294694 0.407759
0.295269 0.441043
0.295502 0.634869
0.29578 0.237692
0.296344 0.768439
0.296461 0.440171
0.296509 0.76432
0.296649 0.392219
0.296988 0.306642
0.297281 0.516191
0.297441 0.537972
0.297771 0.689193
0.29911 0.549396
0.300204 0.793617
0.300474 0.253139
0.300502 0.792567
0.30092 0.783762
0.300945 0.508794
0.301478 0.685552
0.302105 0.758908
0.302286 0.382328
0.302541 0.217325
0.303902 0.599212
0.303946 0.287024
0.304463 0.573919
0.304485 0.679406
0.304551 0.427912
0.304786 0.467608
0.304863 0.548625
0.304879 0.396029
0.305285 0.532739
0.305305 0.505777
0.305336 0.702595
0.305572 0.728052
0.306033 0.727265
0.306338 0.300353
0.30665 0.650823
0.306759 0.690695
0.306792 0.381065
0.306883 0.532022
0.307974 0.797369
0.308318 0.44566
0.308397 0.71489
0.308407 0.322927
0.308798 0.627176
0.308815 0.213447
0.308888 0.296392
0.309265 0.634689
0.310245 0.781263
0.310732 0.781185
0.310738 0.40845
0.311215 0.795509
0.311492 0.756484
0.311621 0.486839
0.311775 0.694677
0.312129 0.670658
0.312525 0.714487
0.312947 0.405872
0.313211 0.63222
0.313404 0.546453
0.314186 0.27927
0.314257 0.456498
0.314367 0.222306
0.314385 0.300591
0.314723 0.276609
0.314821 0.68581
0.315146 0.614742
0.315361 0.291698
0.315937 0.352719
0.316196 0.334621
0.316602 0.791164
0.316682 0.446257
0.317945 0.211571
0.318701 0.613336
0.318917 0.276971
0.319033 0.510485
0.319114 0.20932
0.319236 0.628967
0.319479 0.691995
0.31984 0.758643
0.319905 0.819087
0.320067 0.711524
0.320072 0.790406
0.320265 0.788866
0.320297 0.55979
0.320806 0.44181
0.321007 0.297901
0.321908 0.687319
0.322065 0.470368
0.322287 0.331849
0.322468 0.806089
0.322636 0.74439
0.323266 0.198063
0.323368 0.687159
0.32337 0.43962
0.323754 0.180123
0.324156 0.437557
0.324994 0.500552
0.325092 0.711072
0.325231 0.241191
0.32524 0.787562
0.325529 0.705152
0.325745 0.330131
0.326152 0.36902
0.326462 0.82085
0.3266 0.427605
0.326707 0.226696
0.326796 0.271068
0.327626 0.772904
0.327829 0.816331
0.328314 0.783497
0.328381 0.819837
0.329106 0.612218
0.329228 0.268333
0.329656 0.328851
0.329861 0.597656
0.32987 0.735474
0.33 0.459919
0.330011 0.536717
0.330318 0.799609
0.330623 0.431516
0.330857 0.776627
0.331084 0.326432
0.331484 0.535544
0.331789 0.220177
0.33189 0.494271
0.33244 0.421952
0.332648 0.486522
0.332838 0.404918
0.332989 0.413503
0.333081 0.242235
0.333914 0.818072
0.334244 0.206594
0.334368 0.484671
0.334431 0.66339
0.334633 0.647019
0.334872 0.773877
0.335118 0.322227
0.335307 0.767386
0.335587 0.215278
0.336244 0.584667
0.336311 0.632853
0.336814 0.599467
0.337195 0.224052
0.337929 0.438416
0.338142 0.418566
0.338217 0.18181
0.33856 0.344241
0.338695 0.168023
0.338996 0.624998
0.340041 0.417852
0.340413 0.716719
0.340535 0.204409
0.340623 0.793565
0.340818 0.336593
0.34204 0.622071
0.342226 0.523444
0.342491 0.335738
0.34351 0.61386
0.343959 0.84354
0.344038 0.43509
0.344136 0.772507
0.344187 0.25857
0.344871 0.705521
0.345181 0.833855
0.345538 0.667494
0.346083 0.843945
0.346138 0.402431
0.346701 0.357629
0.346919 0.295467
0.347349 0.837151
0.347394 0.331779
0.348101 0.272636
0.348238 0.646874
0.348691 0.643944
0.349081 0.268099
0.349649 0.665145
0.34985 0.190663
0.349948 0.708314
0.349961 0.735576
0.350039 0.734078
0.350668 0.515318
0.351231 0.190293
0.351938 0.327837
0.352164 0.585532
0.352414 0.687509
0.3526 0.222372
0.352618 0.380661
0.35349 0.52924
0.353775 0.583307
0.353912 0.555934
0.354061 0.483606
0.354545 0.639835
0.354929 0.205894
0.355653 0.574042
0.355916 0.169191
0.356444 0.305759
0.357347 0.839849
0.357968 0.686499
0.358307 0.573152
0.358571 0.325459
0.358865 0.434977
0.358954 0.703846
0.360029 0.630383
0.360189 0.263864
0.360262 0.835744
0.36033 0.548985
0.360359 0.765652
0.360505 0.257561
0.360994 0.164034
0.361498 0.638489
0.362856 0.346773
0.363421 0.729332
0.364474 0.685002
0.364499 0.557097
0.364505 0.655619
0.364593 0.186844
0.36479 0.310465
0.364888 0.376523
0.365098 0.726191
0.36542 0.713806
0.365733 0.233833
0.366061 0.754607
0.366441 0.219559
0.366867 0.270032
0.366912 0.556355
0.36704 0.331383
0.367766 0.330958
0.368009 0.233045
0.368679 0.361434
0.369172 0.669851
0.369196 0.1865
0.369281 0.83516
0.369315 0.140298
0.369715 0.832571
0.36982 0.35804
0.369839 0.342683
0.369862 0.820334
0.370075 0.301829
0.370078 0.429265
0.370158 0.471173
0.370531 0.487464
0.370896 0.328301
0.37094 0.701276
0.371138 0.180247
0.371198 0.297987
0.371324 0.858447
0.371334 0.470185
0.371588 0.478193
0.371905 0.293034
0.372447 0.649401
0.372749 0.284428
0.373557 0.248787
0.373599 0.272073
0.373769 0.462582
0.373775 0.584282
0.37394 0.327796
0.373954 0.340336
0.373971 0.507861
0.374615 0.219663
0.374854 0.320962
0.37491 0.419132
0.37497 0.648416
0.376003 0.855414
0.376128 0.642699
0.377483 0.505679
0.377513 0.403014
0.377725 0.535244
0.378087 0.701012
0.378284 0.523246
0.37833 0.324303
0.378632 0.4747
0.379544 0.450241
0.380153 0.248341
0.380594 0.700157
0.380917 0.312441
0.381139 0.214744
0.381374 0.15706
0.381915 0.134922
0.382692 0.184088
0.382748 0.743102
0.383174 0.301573
0.384286 0.240774
0.384562 0.548867
0.384611 0.614432
0.384682 0.737095
0.384845 0.640467
0.385452 0.349524
0.385635 0.119849
0.386322 0.369098
0.386388 0.669382
0.386412 0.77626
0.386738 0.501029
0.387 0.521322
0.387036 0.608607
0.387148 0.484102
0.387152 0.637916
0.387305 0.409113
0.387458 0.448464
0.387616 0.668866
0.38782 0.158695
0.388542 0.600083
0.388959 0.413792
0.389019 0.863886
0.389282 0.674212
0.389785 0.39181
0.390955 0.654803
0.391506 0.443435
0.391565 0.887109
0.391718 0.408406
0.391755 0.294347
0.391827 0.183219
0.391881 0.437916
0.392215 0.801572
0.392293 0.823059
0.392363 0.367944
0.392477 0.531152
0.393311 0.596812
0.393384 0.11969
0.393511 0.799564
0.393693 0.854629
0.393985 0.708245
0.394049 0.8603
0.394929 0.761651
0.395177 0.73468
0.395296 0.621233
0.39559 0.450238
0.395927 0.797599
0.396374 0.619409
0.396388 0.617486
0.39667 0.723487
0.397192 0.831917
0.397257 0.152141
0.397434 0.610683
0.397841 0.768459
0.398079 0.703377
0.398204 0.750716
0.398385 0.672395
0.39844 0.468772
0.39898 0.313915
0.399101 0.830047
0.399452 0.515534
0.399708 0.896763
0.399822 0.119473
0.400286 0.111084
0.400362 0.850063
0.400497 0.236497
0.400573 0.580361
0.400587 0.432518
0.400667 0.757108
0.401128 0.301732
0.401171 0.892846
0.40125 0.18165
0.401505 0.272412
0.401899 0.135104
0.402016 0.319456
0.402149 0.297125
0.402822 0.857659
0.403311 0.602948
0.403686 0.25301
0.403927 0.55474
0.404033 0.438876
0.40406 0.644837
0.404348 0.184523
0.404755 0.231168
0.405046 0.888625
0.405365 0.432252
0.405504 0.129399
0.406724 0.437077
0.407132 0.170187
0.407268 0.846452
0.408097 0.41355
0.408257 0.224938
0.40854 0.345231
0.408547 0.754961
0.408956 0.102127
0.409113 0.714651
0.409314 0.601353
0.409806 0.668156
0.409933 0.0967764
0.410048 0.511421
0.41025 0.724881
0.410386 0.212715
0.410433 0.411708
0.410463 0.601297
0.410721 0.843609
0.410749 0.831348
0.410787 0.491324
0.411558 0.483691
0.411595 0.82012
0.411867 0.207196
0.411909 0.501493
0.412123 0.881566
0.412374 0.629447
0.412407 0.481822
0.412741 0.150232
0.413004 0.489737
0.413102 0.684869
0.413479 0.61225
0.413578 0.421169
0.414091 0.605609
0.414706 0.680469
0.414985 0.901289
0.41515 0.347448
0.415398 0.420301
0.415431 0.622647
0.41598 0.578337
0.416085 0.270366
0.416744 0.711971
0.417036 0.336883
0.417096 0.784769
0.417173 0.458807
0.417833 0.376701
0.417838 0.267018
0.418057 0.642217
0.418183 0.784412
0.418553 0.524483
0.418952 0.52421
0.419166 0.746342
0.419179 0.403162
0.419433 0.890965
0.420167 0.828337
0.420246 0.604504
0.4204 0.1483
0.420617 0.744803
0.420866 0.306726
0.420879 0.181506
0.421001 0.871327
0.421208 0.598124
0.421293 0.519999
0.42168 0.827153
0.422118 0.123625
0.422178 0.290138
0.422184 0.512498
0.422677 0.447209
0.42325 0.493407
0.423265 0.36863
0.423328 0.39678
0.423759 0.75523
0.423932 0.357863
0.42449 0.676577
0.425599 0.532624
0.426111 0.633665
0.426246 0.726644
0.426254 0.696094
0.426285 0.560058
0.426356 0.444201
0.426594 0.119594
0.42687 0.48558
0.427071 0.47475
0.427442 0.859552
0.427557 0.411299
0.428141 0.742416
0.428207 0.556164
0.42857 0.864997
0.428913 0.146545
0.429031 0.238187
0.429196 0.384104
0.429293 0.213595
0.429464 0.0957215
0.429522 0.113147
0.429718 0.258356
0.430544 0.860486
0.430912 0.824408
0.431062 0.12122
0.431109 0.823408
0.43128 0.327664
0.431406 0.910738
0.432011 0.554769
0.432287 0.143089
0.432553 0.553334
0.433364 0.458032
0.433425 0.729474
0.433516 0.192292
0.433855 0.134176
0.434085 0.822638
0.434153 0.419257
0.434377 0.482488
0.434924 0.739457
0.434997 0.247958
0.435158 0.910219
0.43526 0.795816
0.435306 0.237065
0.435349 0.787515
0.43536 0.786661
0.435368 0.933669
0.436049 0.67574
0.436262 0.303626
0.436318 0.339839
0.436483 0.228876
0.436503 0.821905
0.436762 0.673612
0.437301 0.817256
0.437372 0.187019
0.43745 0.860235
0.437497 0.226594
0.437516 0.13247
0.437853 0.857341
0.43799 0.479655
0.438048 0.628582
0.438186 0.645097
0.4382 0.547104
0.438465 0.923788
0.438787 0.888994
0.439113 0.80824
0.439316 0.43967
0.439752 0.180059
0.440292 0.889252
0.440695 0.083873
0.440775 0.411208
0.44095 0.352459
0.441156 0.460023
0.441558 0.666899
0.441767 0.18074
0.442103 0.288231
0.443096 0.0910956
0.443713 0.0886241
0.443718 0.401029
0.44378 0.324179
0.44531 0.920183
0.446203 0.107577
0.446261 0.451453
0.446444 0.43562
0.446479 0.376217
0.446543 0.938145
0.446779 0.878533
0.446811 0.433397
0.44688 0.664024
0.447094 0.376003
0.447297 0.214887
0.447801 0.119777
0.448482 0.396119
0.448755 0.941465
0.449091 0.847693
0.449205 0.648865
0.449403 0.258482
0.449558 0.0987872
0.449708 0.621886
0.45001 0.488955
0.450303 0.398751
0.45038 0.427368
0.450381 0.127053
0.450504 0.831619
0.45123 0.279515
0.451312 0.119321
0.451418 0.208716
0.451535 0.0806714
0.452934 0.847628
0.453244 0.137046
0.453286 0.934501
0.453435 0.359423
0.45358 0.594021
0.453655 0.279464
0.453813 0.0992146
0.454107 0.0784096
0.454165 0.760306
0.454443 0.422278
0.454902 0.925262
0.455088 0.496945
0.455149 0.532091
0.45535 0.722693
0.455434 0.279067
0.456132 0.224098
0.456156 0.262019
0.456194 0.419026
0.4565 0.463293
0.457155 0.223927
0.457957 0.726992
0.458292 0.930524
0.458559 0.152773
0.458636 0.662852
0.458645 0.389928
0.458968 0.126856
0.459247 0.636445
0.459415 0.0819129
0.459463 0.389133
0.45974 0.757138
0.459869 0.599482
0.460535 0.35755
0.461052 0.668495
0.461823 0.147085
0.461991 0.40695
0.462026 0.916826
0.462062 0.258101
0.462627 0.811232
0.462667 0.110357
0.462719 0.397633
0.463082 0.0877779
0.463388 0.103266
0.463425 0.330617
0.46344 0.569893
0.463618 0.138236
0.463643 0.272539
0.463914 0.927079
0.464109 0.563215
0.464158 0.266678
0.464222 0.804183
0.46463 0.72065
0.465881 0.220514
0.466276 0.216582
0.466386 0.632403
0.466718 0.887102
0.466779 0.303006
0.467033 0.0624394
0.467116 0.35682
0.467951 0.0927916
0.468239 0.426566
0.468326 0.0595491
0.468589 0.645811
0.46903 0.186219
0.469353 0.879608
0.469459 0.372635
0.469548 0.759433
0.470674 0.669288
0.470806 0.710642
0.471065 0.0896003
0.471194 0.70725
0.47122 0.159949
0.471399 0.877815
0.471578 0.446097
0.47187 0.335376
0.47216 0.396689
0.472271 0.288615
0.473691 0.786256
0.473798 0.269524
0.47388 0.126852
0.474254 0.803233
0.474257 0.37083
0.474346 0.255948
0.474363 0.754597
0.474391 0.526791
0.474394 0.444972
0.474771 0.902758
0.474951 0.70473
0.474955 0.084116
0.475302 0.41667
0.475615 0.713724
0.475667 0.82123
0.475941 0.524252
0.476029 0.847795
0.476112 0.329855
0.47664 0.759333
0.477489 0.331198
0.477763 0.134188
0.477978 0.854442
0.478626 0.745315
0.479087 0.626315
0.480019 0.258125
0.480084 0.0872554
0.480338 0.246281
0.480364 0.208006
0.48053 0.413319
0.481093 0.0216591
0.481515 0.562742
0.481665 0.560882
0.48198 0.702606
0.48221 0.867291
0.482435 0.369061
0.482438 0.773109
0.48266 0.769625
0.482687 0.477516
0.482835 0.196298
0.482899 0.254496
0.483133 0.430773
0.48329 0.486172
0.483301 0.726671
0.483455 0.730927
0.483772 0.645407
0.483819 0.643746
0.484131 0.801722
0.484166 0.720889
0.484261 0.668482
0.484342 0.144007
0.484549 0.696363
0.484591 0.0641236
0.484805 0.0464208
0.48533 0.0207124
0.485366 0.826513
0.485737 0.327288
0.485784 0.0822898
0.485825 0.661387
0.485862 0.874266
0.485957 0.808654
0.48701 0.357433
0.487354 0.138147
0.487615 0.413069
0.487904 0.0357108
0.488302 0.29871
0.488356 0.245951
0.488754 0.71379
0.488815 0.309675
0.488826 0.852239
0.488847 0.428082
0.489617 0.707522
0.490187 0.485341
0.490277 0.470749
0.490782 0.104091
0.490986 0.206831
0.491239 0.615195
0.491424 0.976627
0.491581 0.803823
0.491584 0.540835
0.49216 0.29627
0.492446 0.205596
0.492562 0.873434
0.49303 0.377554
0.49336 0.895049
0.493714 0.555258
0.493888 0.469139
0.494465 0.770366
0.494803 0.425844
0.494837 0.536274
0.49484 0.35394
0.495535 0.482919
0.49555 0.602297
0.495859 0.59948
0.496129 0.323913
0.496382 0.989899
0.496736 0.0199083
0.496739 0.669171
0.496931 0.166653
0.49731 0.66087
0.497504 0.323912
0.4976 0.909144
0.497755 0.706758
0.497804 0.523227
0.497851 0.205875
0.498064 0.820786
0.498308 0.516395
0.498386 0.0195583
0.498458 0.499841
0.498768 0.203777
0.498964 0.573894
0.499072 0.0337858
0.499292 0.101188
0.499366 0.816527
0.49937 0.956751
0.499815 0.422196
0.499831 0.264459
0.499858 0.977825
0.499956 0.0189987
0.500002 0.704599
0.500198 0.564605
0.500214 0.711337
0.500375 0.122418
0.500463 0.0188676
0.500668 0.346204
0.500709 0.0527117
0.501167 0.647449
0.501323 0.647429
0.501504 0.552908
0.501561 0.639796
0.501576 0.0275359
0.501806 0.547896
0.502198 0.374226
0.50249 0.706709
0.503138 0.121591
0.503634 0.64314
0.503812 0.200196
0.503816 0.635067
0.504914 0.162269
0.505143 0.024825
0.505696 0.341371
0.505999 0.0600202
0.506205 0.814938
0.506537 0.544222
0.506887 0.765947
0.507327 0.0592086
0.507361 0.473519
0.507462 0.185227
0.507493 0.482396
0.507612 0.695546
0.507668 0.0526688
0.508391 0.318582
0.508469 0.761012
0.508551 0.679568
0.508774 0.096822
0.509079 0.260435
0.509627 0.467293
0.509649 0.013131
0.509724 0.803503
0.509974 0.626352
0.51023 0.441942
0.510459 0.763253
0.510539 0.70352
0.510865 0.368848
0.510951 0.803469
0.511 0.679327
0.511132 0.283357
0.511215 0.357974
0.511311 0.165837
0.511718 0.668053
0.511799 0.296162
0.512579 0.280307
0.512955 0.464298
0.513045 0.159397
0.513063 0.24202
0.513461 0.543767
0.513584 0.972829
0.514195 0.272436
0.514506 0.387278
0.514818 0.808922
0.514828 0.0766591
0.515429 0.456784
0.51569 0.472717
0.516377 0.0179351
0.516415 0.326376
0.516848 0.658863
0.516886 0.655615
0.517251 0.540642
0.51737 0.0576711
0.517422 0.433518
0.517585 0.45594
0.517611 0.382907
0.517629 0.134448
0.517866 0.876083
0.517904 0.77749
0.517925 0.164786
0.518035 0.0340554
0.518087 0.896668
0.518309 0.228935
0.518864 0.205266
0.518892 0.108566
0.518908 0.379854
0.518941 0.0255088
0.519032 0.698073
0.519471 0.445014
0.519674 0.695807
0.519746 0.306343
0.520361 0.404746
0.52075 0.106398
0.521214 0.296084
0.521233 0.389554
0.521372 0.129162
0.521432 0.745295
0.521548 0.934011
0.521551 0.654969
0.521587 0.0618941
0.522149 0.375228
0.52221 0.64458
0.522467 0.218981
0.52274 0.268387
0.523417 0.409197
0.523543 0.405787
0.52361 0.32246
0.523745 0.468156
0.524046 0.3062
0.524453 0.280538
0.525103 0.029442
0.525546 0.796599
0.526451 0.466395
0.526854 0.0720096
0.527072 0.642806
0.527601 0.950191
0.527802 0.0501203
0.528079 0.642433
0.528416 0.874
0.528571 0.637317
0.528739 0.269416
0.528943 0.844433
0.528971 0.789704
0.52905 0.112255
0.529403 0.636127
0.529608 0.177954
0.529708 0.969514
0.529981 0.585674
0.530776 0.0947816
0.531257 0.744637
0.531688 0.0357509
0.531778 0.508372
0.531919 0.264746
0.532493 0.716401
0.532513 0.492498
0.532536 0.0708726
0.532773 0.926043
0.53306 0.404858
0.533551 0.0657351
0.534366 0.349117
0.534397 0.296277
0.534546 0.523426
0.535671 0.26009
0.536982 0.349067
0.537368 0.699272
0.537805 0.662021
0.538047 0.924166
0.538455 0.137492
0.538578 0.296198
0.539141 0.829378
0.539201 0.86117
0.539843 0.922272
0.540038 0.859491
0.540082 0.823354
0.540423 0.4027
0.540536 0.191593
0.540541 0.0935342
0.540888 0.346609
0.541101 0.128003
0.541621 0.444519
0.541765 0.280927
0.542014 0.67874
0.542432 0.951824
0.542436 0.698089
0.543153 0.278212
0.5433 0.844558
0.543605 0.671372
0.543655 0.424839
0.543784 0.843167
0.544104 0.420754
0.544244 0.23943
0.544363 0.741512
0.544378 0.614703
0.54449 0.890241
0.544713 0.859171
0.544834 0.180071
0.544879 0.303583
0.544974 0.490841
0.544989 0.0603512
0.545618 0.271952
0.546701 0.63505
0.547065 0.3081
0.547439 0.0930202
0.547986 0.465513
0.548139 0.462835
0.548778 0.574348
0.548816 0.179696
0.549515 0.252286
0.549594 0.405094
0.549639 0.178028
0.550101 0.153185
0.550829 0.844007
0.550898 0.81281
0.551178 0.874278
0.551543 0.307561
0.55161 0.749993
0.551639 0.303102
0.551744 0.88782
0.552023 0.388787
0.552212 0.559296
0.552447 0.719091
0.552625 0.733366
0.552729 0.0891029
0.552851 0.79885
0.552947 0.761642
0.55298 0.526967
0.553488 0.524892
0.553954 0.219147
0.554094 0.884191
0.554186 0.413496
0.554214 0.15288
0.554764 0.94428
0.554834 0.513027
0.554929 0.725661
0.555256 0.797336
0.55551 0.653551
0.555654 0.0780485
0.555767 0.0599883
0.555975 0.282699
0.556018 0.0635322
0.556099 0.604851
0.556135 0.840628
0.556197 0.833165
0.55623 0.592239
0.556348 0.829777
0.55642 0.793271
0.556687 0.177044
0.556871 0.437159
0.557175 0.836827
0.557254 0.0960294
0.557951 0.614312
0.558956 0.23503
0.558986 0.455953
0.559542 0.606727
0.559631 0.605623
0.559848 0.36564
0.559903 0.380977
0.560094 0.575646
0.56032 0.413234
0.560395 0.856424
0.561321 0.0954603
0.561799 0.149715
0.562033 0.231728
0.562475 0.0883298
0.562851 0.437071
0.562941 0.808686
0.563947 0.627166
0.563972 0.234611
0.564363 0.232834
0.564411 0.116598
0.564794 0.485332
0.564872 0.398178
0.565114 0.203795
0.56534 0.290104
0.565437 0.934427
0.565607 0.793373
0.56575 0.903066
0.565901 0.397421
0.566376 0.686929
0.566578 0.508842
0.566692 0.852786
0.566732 0.174351
0.56683 0.575538
0.567226 0.328944
0.567295 0.369793
0.567745 0.308119
0.567856 0.60433
0.568162 0.307798
0.568482 0.771647
0.56859 0.845239
0.569044 0.232002
0.569085 0.867222
0.569281 0.116483
0.569724 0.891872
0.570112 0.302223
0.570119 0.668269
0.570142 0.103397
0.5705 0.808736
0.570712 0.169337
0.57088 0.749391
0.571136 0.484415
0.57122 0.764076
0.57132 0.435822
0.571375 0.74598
0.571518 0.394009
0.571562 0.510169
0.571827 0.74407
0.57185 0.395707
0.571873 0.203539
0.57192 0.116157
0.572108 0.230933
0.572186 0.658483
0.572312 0.891455
0.572532 0.366169
0.57305 0.887687
0.573265 0.142088
0.573562 0.349874
0.573886 0.824913
0.574538 0.542157
0.575248 0.503995
0.575776 0.391793
0.576435 0.16283
0.578099 0.420274
0.578213 0.836529
0.578236 0.222688
0.579252 0.420201
0.579352 0.644842
0.579754 0.909666
0.579887 0.126953
0.580298 0.339324
0.580789 0.572959
0.580807 0.278562
0.580888 0.218113
0.58163 0.277966
0.581747 0.513431
0.582227 0.899446
0.582314 0.505743
0.582473 0.742112
0.582499 0.121425
0.582529 0.808622
0.582728 0.104636
0.584268 0.43923
0.584341 0.11976
0.58448 0.294997
0.585058 0.52205
0.585218 0.374821
0.58559 0.785186
0.585647 0.623573
0.586013 0.789565
0.586262 0.784161
0.586328 0.225776
0.586768 0.371808
0.587077 0.409903
0.587732 0.114241
0.587778 0.189542
0.588433 0.2523
0.588799 0.819667
0.589444 0.906504
0.589542 0.335382
0.589542 0.367334
0.589611 0.496366
0.589698 0.250462
0.589771 0.679625
0.589999 0.558503
0.59001 0.540771
0.59026 0.174167
0.590301 0.804165
0.590503 0.550861
0.590834 0.187582
0.59188 0.528557
0.592639 0.256016
0.592854 0.294657
0.592905 0.844968
0.592982 0.461846
0.593299 0.218078
0.593434 0.176586
0.593581 0.671701
0.593729 0.876149
0.593744 0.173798
0.593824 0.51089
0.593937 0.40543
0.594198 0.692228
0.594552 0.892297
0.594585 0.332008
0.594646 0.843183
0.594651 0.735277
0.595482 0.549414
0.595814 0.644936
0.596145 0.850898
0.596241 0.635162
0.596598 0.882137
0.596614 0.34621
0.596771 0.729233
0.5973 0.201803
0.597328 0.83044
0.597487 0.172857
0.597574 0.728072
0.597805 0.344647
0.597989 0.456318
0.598112 0.113993
0.598889 0.8191
0.59907 0.44013
0.599214 0.239056
0.599447 0.657594
0.599674 0.799068
0.60009 0.169875
0.600158 0.78488
0.600221 0.439688
0.600285 0.365381
0.600882 0.681241
0.600941 0.117774
0.601545 0.218072
0.601718 0.597223
0.601738 0.249708
0.602022 0.34351
0.602586 0.200397
0.602624 0.628033
0.602879 0.278052
0.603703 0.176554
0.604119 0.486277
0.604522 0.478985
0.604932 0.297157
0.605139 0.493883
0.605276 0.357482
0.605349 0.248391
0.605363 0.63491
0.605517 0.623037
0.6056 0.828114
0.605793 0.761287
0.606461 0.879939
0.606536 0.810038
0.60663 0.610573
0.607441 0.196916
0.607959 0.852691
0.608088 0.194941
0.608681 0.569579
0.608798 0.215304
0.608905 0.759023
0.608943 0.174548
0.609055 0.817654
0.609231 0.163075
0.609396 0.565105
0.609607 0.696644
0.609893 0.139988
0.610076 0.781135
0.61018 0.3935
0.610491 0.539812
0.610544 0.80315
0.611072 0.799514
0.61133 0.588366
0.61154 0.470961
0.611601 0.192893
0.612109 0.717902
0.61217 0.489774
0.612593 0.304347
0.613086 0.264274
0.613301 0.263769
0.613868 0.348999
0.613994 0.796141
0.614149 0.391693
0.614172 0.756484
0.614775 0.867885
0.615193 0.861555
0.615254 0.884464
0.615625 0.861498
0.615909 0.386887
0.616962 0.858952
0.617331 0.169452
0.617862 0.43484
0.6179 0.79073
0.618096 0.214242
0.618103 0.455756
0.618103 0.555827
0.618186 0.381694
0.618431 0.705165
0.619141 0.752397
0.619147 0.138318
0.619718 0.839263
0.619901 0.272007
0.619911 0.737089
0.620295 0.207119
0.620972 0.519786
0.621085 0.257647
0.621261 0.835803
0.621341 0.734955
0.621474 0.812983
0.621916 0.48957
0.622163 0.425689
0.622442 0.740669
0.623337 0.237738
0.624544 0.26971
0.625568 0.767094
0.625692 0.670521
0.62643 0.253528
0.626543 0.269064
0.626681 0.850356
0.626851 0.257543
0.62706 0.135394
0.627418 0.780717
0.627544 0.464747
0.627798 0.197399
0.627911 0.253206
0.628144 0.192893
0.628903 0.417766
0.629038 0.859464
0.629405 0.731414
0.63064 0.414138
0.630838 0.253095
0.630845 0.828498
0.631187 0.399504
0.631391 0.670186
0.632662 0.529246
0.63291 0.218094
0.632935 0.198495
0.632936 0.151577
0.633503 0.555684
0.634198 0.359754
0.634702 0.513454
0.63471 0.351342
0.63484 0.62917
0.635305 0.846289
0.63559 0.441983
0.637129 0.440936
0.637391 0.841947
0.638127 0.252804
0.638199 0.833977
0.638463 0.251201
0.638476 0.614284
0.638524 0.166206
0.63864 0.254604
0.638921 0.152121
0.639127 0.828468
0.639227 0.842742
0.639262 0.593869
0.639403 0.770974
0.639565 0.377517
0.639693 0.751783
0.639894 0.151479
0.640227 0.230458
0.641082 0.458303
0.641219 0.76876
0.641404 0.829546
0.641559 0.248188
0.642428 0.759257
0.643506 0.692129
0.643826 0.250559
0.644151 0.212881
0.644752 0.317415
0.644914 0.663708
0.645265 0.515558
0.645407 0.15151
0.645659 0.439961
0.645897 0.377335
0.646631 0.24978
0.647054 0.713711
0.647409 0.592695
0.648212 0.639277
0.648267 0.604295
0.648419 0.530707
0.648427 0.510975
0.648791 0.304761
0.648793 0.37836
0.648967 0.750768
0.648992 0.748054
0.649108 0.598199
0.649225 0.627241
0.649588 0.303727
0.649898 0.424033
0.649941 0.182002
0.649997 0.671486
0.650062 0.249245
0.65022 0.297421
0.650394 0.567051
0.650608 0.341617
0.65071 0.566625
0.651218 0.809505
0.651276 0.644009
0.651662 0.199695
0.65172 0.395115
0.652287 0.776308
0.653028 0.685763
0.653958 0.584743
0.653961 0.576297
0.653976 0.730882
0.654373 0.270573
0.654724 0.720223
0.655612 0.37175
0.655946 0.369644
0.656078 0.752377
0.656152 0.452175
0.6562 0.641925
0.65621 0.555777
0.656252 0.257602
0.656375 0.50342
0.656418 0.698885
0.656647 0.392874
0.657147 0.696833
0.657211 0.80352
0.657824 0.503249
0.657911 0.841676
0.658364 0.294827
0.658558 0.166216
0.659438 0.449742
0.659455 0.797505
0.660122 0.807656
0.660292 0.794746
0.660369 0.357718
0.660382 0.664501
0.66075 0.348482
0.660815 0.421434
0.661203 0.3754
0.661342 0.789918
0.661608 0.257867
0.66168 0.746393
0.661734 0.705474
0.661897 0.193957
0.662763 0.513424
0.662793 0.785531
0.663353 0.715721
0.663371 0.482001
0.663622 0.177193
0.663947 0.689774
0.664262 0.556242
0.665344 0.374792
0.665635 0.417915
0.666306 0.585118
0.66651 0.629663
0.666873 0.36929
0.668178 0.795956
0.66832 0.614168
0.668587 0.382172
0.66918 0.662013
0.669601 0.340514
0.669957 0.612161
0.669993 0.792408
0.670732 0.572395
0.670879 0.536223
0.671538 0.612098
0.671658 0.306444
0.671824 0.417361
0.671834 0.246054
0.671846 0.770224
0.672248 0.686944
0.672631 0.276676
0.67304 0.457279
0.673196 0.353527
0.673498 0.826117
0.673731 0.610983
0.675377 0.283523
0.67541 0.452288
0.675476 0.410289
0.675538 0.805553
0.675668 0.348281
0.675671 0.489138
0.675714 0.441065
0.676111 0.822728
0.676783 0.722082
0.677003 0.48295
0.677511 0.691921
0.678186 0.192711
0.679062 0.33953
0.679404 0.581073
0.679439 0.577246
0.680661 0.785245
0.681689 0.239662
0.681706 0.251592
0.681945 0.480623
0.682304 0.50818
0.683334 0.634209
0.684411 0.503658
0.684951 0.497565
0.685028 0.489848
0.685499 0.618127
0.686017 0.551977
0.686287 0.612844
0.686327 0.439937
0.686342 0.591098
0.686977 0.758418
0.687444 0.678838
0.688078 0.619468
0.688321 0.545026
0.688954 0.449709
0.689189 0.27509
0.68963 0.190994
0.689723 0.44923
0.689825 0.322241
0.690254 0.51838
0.690752 0.318145
0.69076 0.577086
0.691064 0.380146
0.692724 0.754021
0.692728 0.245306
0.693265 0.290532
0.693332 0.267829
0.693333 0.340492
0.6934 0.361464
0.693561 0.766699
0.694036 0.285727
0.694316 0.781567
0.694473 0.758963
0.695242 0.732164
0.695532 0.243016
0.695582 0.580926
0.696152 0.728515
0.696403 0.429647
0.69711 0.778627
0.697288 0.573408
0.697376 0.792682
0.697871 0.226915
0.69789 0.569392
0.698036 0.285202
0.698184 0.358902
0.698408 0.609183
0.698434 0.507485
0.698916 0.318477
0.698935 0.473243
0.699227 0.680423
0.699657 0.60546
0.700517 0.726329
0.701047 0.35342
0.701058 0.578952
0.701336 0.424076
0.702123 0.274945
0.702436 0.679974
0.702715 0.214477
0.702821 0.674903
0.703313 0.786684
0.703313 0.472701
0.70335 0.716485
0.704835 0.213814
0.704845 0.534925
0.704969 0.209249
0.705843 0.604583
0.706555 0.757551
0.706649 0.774205
0.707219 0.421897
0.707267 0.435461
0.707683 0.555672
0.707841 0.454821
0.70811 0.296656
0.708564 0.504943
0.708576 0.532074
0.708942 0.75588
0.708944 0.431836
0.709006 0.501197
0.709191 0.489614
0.709415 0.69323
0.709927 0.334602
0.711116 0.435357
0.711286 0.669417
0.711476 0.517527
0.711513 0.565214
0.711559 0.689546
0.712074 0.575323
0.71247 0.451012
0.71264 0.238701
0.71474 0.263783
0.714797 0.444622
0.714805 0.487698
0.715183 0.217721
0.715417 0.759674
0.71562 0.378237
0.716209 0.246221
0.717075 0.521524
0.717926 0.58317
0.718203 0.763516
0.718769 0.390831
0.718942 0.363374
0.719984 0.572673
0.720159 0.481629
0.721121 0.386395
0.721538 0.571387
0.722008 0.571134
0.722141 0.652476
0.722778 0.262603
0.72321 0.563801
0.723554 0.734843
0.723704 0.521497
0.723762 0.477574
0.723935 0.313497
0.723996 0.756108
0.724189 0.4329
0.724335 0.304354
0.724673 0.486128
0.724708 0.561267
0.724901 0.582814
0.724953 0.432653
0.725581 0.361505
0.725726 0.715275
0.725733 0.731765
0.726169 0.536266
0.726352 0.361289
0.727206 0.244712
0.728361 0.74876
0.728559 0.725147
0.728702 0.517965
0.728868 0.235691
0.729298 0.57068
0.729498 0.527136
0.729649 0.242139
0.730173 0.540969
0.730446 0.512907
0.730581 0.69148
0.731213 0.296608
0.732567 0.474987
0.733232 0.68203
0.733419 0.289701
0.733641 0.746678
0.734263 0.457279
0.73459 0.723799
0.735142 0.65032
0.735383 0.455562
0.735597 0.393172
0.736324 0.293572
0.73634 0.630306
0.736768 0.500648
0.737163 0.391262
0.738606 0.534713
0.738814 0.413765
0.73888 0.749936
0.738996 0.630076
0.739189 0.746947
0.739296 0.288973
0.739545 0.723786
0.740273 0.637225
0.740524 0.719725
0.740882 0.708857
0.740965 0.548619
0.741464 0.472354
0.741489 0.445013
0.741551 0.532571
0.742116 0.686176
0.742285 0.389155
0.742839 0.539359
0.74388 0.398741
0.744124 0.569308
0.744839 0.724695
0.74489 0.388524
0.744937 0.260805
0.745398 0.291886
0.74557 0.30721
0.74562 0.615916
0.745725 0.412297
0.746398 0.352608
0.746763 0.523767
0.747688 0.568283
0.747772 0.620312
0.748275 0.660736
0.749632 0.471468
0.749688 0.741456
0.749792 0.346913
0.750532 0.46565
0.750649 0.402
0.751238 0.50077
0.752193 0.607903
0.752195 0.520044
0.752782 0.600466
0.753264 0.660355
0.755375 0.536805
0.755636 0.467799
0.756074 0.525075
0.756316 0.325212
0.756894 0.563424
0.758385 0.542263
0.75866 0.576255
0.759307 0.570238
0.759368 0.560757
0.759519 0.375921
0.760663 0.736004
0.760976 0.726816
0.761051 0.522649
0.761379 0.34669
0.761594 0.584846
0.761755 0.317302
0.762199 0.467422
0.762297 0.346503
0.762636 0.34365
0.762957 0.584134
0.763641 0.719703
0.764105 0.724382
0.764174 0.710251
0.764728 0.462341
0.765015 0.462064
0.765106 0.486772
0.766462 0.501617
0.766838 0.68669
0.767077 0.368704
0.767613 0.486727
0.767659 0.55915
0.768025 0.705882
0.768297 0.500241
0.768372 0.624836
0.768756 0.523945
0.769175 0.642622
0.770261 0.583003
0.770267 0.411765
0.770869 0.716608
0.771242 0.275864
0.771311 0.411595
0.771489 0.364475
0.774092 0.707838
0.774303 0.697533
0.774829 0.546032
0.775807 0.35077
0.776199 0.411425
0.776734 0.661072
0.777632 0.660881
0.77787 0.408809
0.778057 0.296249
0.778266 0.392515
0.778912 0.694655
0.779392 0.616883
0.779628 0.31466
0.780563 0.453894
0.780922 0.52271
0.781247 0.572668
0.781772 0.379938
0.782501 0.687058
0.782647 0.294272
0.782786 0.635039
0.782915 0.632321
0.784222 0.616751
0.78438 0.584922
0.784451 0.407975
0.784538 0.57621
0.784706 0.312284
0.784868 0.571858
0.785485 0.494823
0.785877 0.60771
0.78638 0.603126
0.786605 0.346636
0.787787 0.419161
0.788183 0.379362
0.788227 0.702148
0.7884 0.362928
0.788443 0.628723
0.789094 0.69477
0.790104 0.492392
0.790563 0.407834
0.790752 0.599424
0.791161 0.649013
0.791956 0.415421
0.79221 0.411405
0.793152 0.626879
0.793162 0.474695
0.793522 0.363649
0.79438 0.360091
0.795031 0.560379
0.795188 0.593505
0.795693 0.406299
0.796695 0.556457
0.796871 0.46441
0.798622 0.575843
0.799788 0.589374
0.800325 0.661658
0.800655 0.587233
0.800742 0.660966
0.801693 0.647511
0.804094 0.505813
0.804132 0.319641
0.805204 0.312678
0.805791 0.335247
0.806239 0.444515
0.806558 0.312518
0.807154 0.685603
0.810703 0.682061
0.812233 0.317717
0.812734 0.674172
0.812989 0.333906
0.813091 0.670023
0.813309 0.328807
0.813462 0.46355
0.814554 0.575559
0.815916 0.516698
0.816359 0.551797
0.816704 0.573943
0.817796 0.53485
0.817799 0.572584
0.818099 0.326566
0.818694 0.668721
0.819061 0.508901
0.819122 0.468868
0.819175 0.48121
0.819225 0.63876
0.819886 0.667118
0.820281 0.606179
0.820496 0.426671
0.820782 0.462191
0.82159 0.370096
0.82183 0.599376
0.821992 0.39549
0.823046 0.480907
0.826778 0.664701
0.827679 0.443559
0.82771 0.479828
0.828046 0.564814
0.82979 0.356833
0.830918 0.45797
0.831158 0.454983
0.831251 0.354993
0.83192 0.542481
0.833288 0.560314
0.833408 0.497174
0.834527 0.568877
0.835308 0.355949
0.835409 0.628197
0.835827 0.42933
0.837461 0.35535
0.839629 0.63709
0.839635 0.634862
0.840232 0.457437
0.840656 0.456825
0.842824 0.516562
0.843141 0.633883
0.843738 0.631879
0.846656 0.467198
0.847002 0.350248
0.847113 0.434706
0.847718 0.625426
0.848369 0.466366
0.848467 0.396272
0.848554 0.503109
0.849172 0.43713
0.850124 0.430246
0.850958 0.40732
0.851015 0.393806
0.852244 0.374947
0.852672 0.357295
0.85268 0.476485
0.854291 0.476355
0.856152 0.533075
0.856659 0.436291
0.85719 0.484543
0.858831 0.552836
0.85896 0.393882
0.859295 0.504881
0.859882 0.530706
0.860169 0.429333
0.861133 0.469336
0.862604 0.390232
0.864075 0.621567
0.864744 0.526482
0.866584 0.452282
0.867717 0.512404
0.868632 0.497253
0.86958 0.419921
0.869708 0.527811
0.869822 0.492239
0.870597 0.449836
0.871917 0.613565
0.872555 0.578686
0.872585 0.46642
0.873233 0.419421
0.873649 0.525564
0.877777 0.472824
0.877867 0.53458
0.877996 0.443446
0.878132 0.472689
0.878312 0.556126
0.878535 0.38418
0.878637 0.593439
0.87885 0.383893
0.879283 0.605104
0.879636 0.555608
0.879744 0.534269
0.881786 0.529874
0.883055 0.61336
0.884908 0.452961
0.885322 0.491897
0.885367 0.467884
0.885819 0.599551
0.88753 0.389834
0.888898 0.563933
0.889215 0.566017
0.890434 0.562791
0.890918 0.466811
0.891024 0.456494
0.892425 0.596643
0.892434 0.433089
0.893675 0.589703
0.895329 0.519446
0.896104 0.580677
0.896123 0.429819
0.89638 0.491064
0.899661 0.479717
0.89983 0.50819
0.900569 0.537986
0.900634 0.563703
0.900704 0.463803
0.90278 0.588612
0.903334 0.410728
0.904917 0.501014
0.905429 0.563353
0.906344 0.420818
0.910138 0.535287
0.910907 0.532358
0.911069 0.429366
0.911381 0.576055
0.915153 0.46031
0.919826 0.454973
0.920816 0.426361
0.920967 0.44831
0.923466 0.510459
0.925475 0.499653
0.926268 0.524885
0.9274 0.488863
0.927464 0.56427
0.927483 0.506914
0.929439 0.505616
0.93198 0.551359
0.940058 0.54562
0.940298 0.441266
0.940299 0.536693
0.940872 0.488136
0.945555 0.529043
0.947188 0.519397
0.948261 0.514634
0.950414 0.513406
0.951935 0.502988
0.95639 0.483858
0.957441 0.493395
0.960246 0.505417
0.961103 0.468048
0.962164 0.492963
0.973031 0.512647
0.976451 0.507142
0.978673 0.488368
0.979286 0.48238
0.987703 0.499621
0.988152 0.490549
