0.031787 0.521721
0.0409572 0.534292
0.0461659 0.489431
0.0646808 0.459382
0.0761929 0.525285
0.082415 0.518812
0.0904566 0.480412
0.0935856 0.589854
0.098371 0.439046
0.104912 0.421109
0.110876 0.419845
0.111412 0.414662
0.112255 0.573215
0.115374 0.470973
0.11818 0.467033
0.119036 0.408048
0.11937 0.399998
0.121275 0.399595
0.121297 0.545013
0.12202 0.584183
0.127454 0.568944
0.128997 0.62454
0.137481 0.614408
0.139972 0.623253
0.144807 0.630444
0.150296 0.379898
0.152845 0.379613
0.157565 0.565339
0.161173 0.377412
0.162375 0.404297
0.166424 0.396407
0.168013 0.562296
0.168048 0.556828
0.171118 0.593468
0.172043 0.370068
0.173549 0.643562
0.178208 0.542713
0.178448 0.585738
0.179801 0.39565
0.183558 0.352768
0.189374 0.511052
0.189798 0.542186
0.18981 0.623251
0.19192 0.380584
0.19295 0.317183
0.19312 0.406746
0.195833 0.69007
0.197885 0.558251
0.20096 0.545325
0.206113 0.69551
0.206714 0.620551
0.208002 0.597077
0.208937 0.508161
0.215511 0.618767
0.219973 0.704694
0.22049 0.376483
0.220534 0.518516
0.2229 0.581141
0.224284 0.512019
0.227215 0.500595
0.231026 0.704318
0.236603 0.617339
0.239699 0.72866
0.239772 0.365561
0.240299 0.496791
0.242373 0.494537
0.243591 0.453374
0.245785 0.424256
0.247941 0.39904
0.248446 0.7404
0.248576 0.420893
0.250002 0.361918
0.250085 0.292027
0.251301 0.655213
0.253072 0.615758
0.253868 0.728453
0.255989 0.398865
0.256459 0.435941
0.256886 0.396213
0.258194 0.627512
0.25942 0.523449
0.260239 0.592536
0.261859 0.397438
0.263449 0.378588
0.264488 0.361855
0.265488 0.616368
0.265494 0.588461
0.267487 0.499481
0.269159 0.765891
0.270885 0.26898
0.273404 0.262758
0.276907 0.369677
0.276943 0.491615
0.277157 0.671749
0.277819 0.331557
0.278111 0.486668
0.278398 0.393712
0.278663 0.237086
0.280612 0.614405
0.280799 0.733537
0.281104 0.380133
0.28111 0.765816
0.281237 0.589431
0.281305 0.776545
0.281546 0.369243
0.282875 0.291809
0.282983 0.613157
0.2835 0.48114
0.283518 0.585011
0.283736 0.476857
0.284292 0.265066
0.28501 0.390135
0.285449 0.582782
0.285553 0.696395
0.287647 0.455789
0.287748 0.56276
0.291603 0.354875
0.292321 0.217884
0.295688 0.372693
0.297724 0.489913
0.299433 0.725264
0.300236 0.48146
0.301341 0.50585
0.301913 0.348506
0.303073 0.216386
0.306802 0.748201
0.307085 0.346777
0.307307 0.653019
0.307908 0.469616
0.313878 0.69272
0.316429 0.638609
0.317162 0.250419
0.317851 0.242596
0.3194 0.813699
0.321596 0.328749
0.321836 0.607169
0.323385 0.407563
0.325249 0.593768
0.325459 0.466866
0.328033 0.544613
0.328133 0.606695
0.328404 0.68013
0.328991 0.262844
0.330202 0.804728
0.330741 0.533192
0.332567 0.626902
0.333595 0.72421
0.334756 0.650197
0.335453 0.549623
0.335544 0.68731
0.335863 0.215192
0.336058 0.466488
0.337169 0.704535
0.338941 0.309655
0.339427 0.167401
0.339737 0.770136
0.339943 0.378999
0.340436 0.257941
0.340576 0.495178
0.341255 0.36234
0.341455 0.258688
0.342111 0.207233
0.343508 0.624139
0.34417 0.19135
0.347531 0.725972
0.348867 0.328
0.349058 0.475329
0.349249 0.602011
0.349615 0.428939
0.351095 0.721226
0.352618 0.684162
0.35267 0.419223
0.35323 0.667197
0.354369 0.542888
0.355218 0.18226
0.356383 0.651016
0.35694 0.499177
0.357564 0.6889
0.357922 0.850592
0.35959 0.165651
0.360257 0.41817
0.36127 0.402656
0.361721 0.314346
0.363113 0.647182
0.363277 0.453087
0.365043 0.600038
0.368224 0.866482
0.369051 0.683546
0.36914 0.149269
0.369298 0.826311
0.37013 0.577165
0.3704 0.86146
0.371904 0.619782
0.372047 0.331304
0.372793 0.638248
0.373117 0.856393
0.373603 0.687982
0.373622 0.60138
0.373692 0.143163
0.374006 0.307821
0.374037 0.243893
0.375232 0.804224
0.376172 0.18098
0.377236 0.31509
0.378844 0.824195
0.37917 0.297747
0.380628 0.142325
0.380674 0.675253
0.381461 0.462133
0.382424 0.607557
0.382671 0.821925
0.382913 0.26382
0.383118 0.535862
0.383212 0.711093
0.383555 0.438465
0.385288 0.533128
0.385437 0.179265
0.385712 0.812954
0.386707 0.448144
0.391596 0.297113
0.391639 0.345097
0.391974 0.140049
0.392998 0.606593
0.393496 0.123825
0.395727 0.263204
0.396104 0.765443
0.396948 0.786424
0.398197 0.585254
0.399228 0.604917
0.401891 0.847162
0.402853 0.223114
0.403254 0.584717
0.404263 0.764308
0.406387 0.603126
0.406626 0.599879
0.40839 0.437328
0.408752 0.770817
0.410055 0.566555
0.410481 0.585493
0.410748 0.614529
0.410813 0.174749
0.412767 0.124305
0.413324 0.561793
0.414488 0.33782
0.418442 0.263545
0.420438 0.659618
0.420828 0.248246
0.422305 0.550524
0.423172 0.344072
0.425476 0.613485
0.426417 0.7409
0.426588 0.316861
0.428226 0.514422
0.429298 0.738724
0.429789 0.584941
0.430524 0.546474
0.432601 0.365859
0.433986 0.313967
0.43411 0.810856
0.434134 0.634542
0.436448 0.726982
0.440809 0.297929
0.441217 0.26105
0.442364 0.537084
0.442958 0.579082
0.443362 0.506766
0.44442 0.839667
0.444534 0.504623
0.445203 0.362637
0.44645 0.907974
0.446492 0.706014
0.447288 0.25878
0.450292 0.215727
0.450497 0.205992
0.451183 0.704543
0.453576 0.530434
0.453954 0.650882
0.454199 0.20505
0.45429 0.575409
0.455028 0.198291
0.455555 0.354358
0.456042 0.0794462
0.460591 0.294491
0.460803 0.622241
0.461375 0.523592
0.462704 0.823677
0.463129 0.0662095
0.463242 0.384969
0.463662 0.496239
0.464025 0.822292
0.466064 0.496122
0.466266 0.51995
0.466403 0.289808
0.466577 0.904321
0.466671 0.483932
0.467414 0.341394
0.469543 0.197567
0.470047 0.370048
0.471017 0.577614
0.473346 0.9703
0.474422 0.895132
0.476868 0.312507
0.477978 0.279331
0.478702 0.0856346
0.478797 0.345308
0.48089 0.802253
0.482202 0.456126
0.482931 0.655573
0.48355 0.645613
0.48361 0.430058
0.483712 0.413987
0.487262 0.634918
0.490887 0.158146
0.492488 0.254654
0.493047 0.845389
0.493059 0.460496
0.493107 0.961965
0.493465 0.405757
0.494645 0.734418
0.496692 0.826667
0.496768 0.564932
0.497141 0.817599
0.498098 0.633399
0.498495 0.810068
0.498785 0.340822
0.500088 0.797246
0.500181 0.456591
0.500338 0.315697
0.500695 0.24759
0.502295 0.199707
0.50248 0.0580803
0.504113 0.396154
0.504125 0.0195701
0.505542 0.520556
0.506175 0.616248
0.506779 0.0458807
0.508279 0.96418
0.508385 0.274863
0.51117 0.61554
0.513876 0.492437
0.514787 0.949355
0.515931 0.957107
0.515998 0.732294
0.516696 0.730012
0.517676 0.72295
0.517843 0.393092
0.518541 0.188861
0.519155 0.87186
0.519448 0.860225
0.520313 0.608678
0.52068 0.946531
0.523368 0.95079
0.523507 0.699249
0.525331 0.642499
0.5264 0.386179
0.527265 0.943378
0.528023 0.795846
0.528766 0.53639
0.529093 0.1635
0.529887 0.939062
0.530162 0.911217
0.531643 0.795651
0.533117 0.385815
0.535172 0.853869
0.535724 0.127789
0.536368 0.636465
0.537233 0.514591
0.537953 0.0437862
0.538072 0.512385
0.54125 0.572584
0.541546 0.317652
0.542787 0.106392
0.544005 0.852309
0.544055 0.189673
0.546468 0.652583
0.547298 0.59999
0.547948 0.381887
0.54913 0.763548
0.54932 0.637637
0.54987 0.312143
0.550487 0.753473
0.551997 0.939756
0.552657 0.570336
0.552745 0.709022
0.55293 0.704206
0.553247 0.803203
0.553276 0.0827209
0.553357 0.692638
0.554426 0.187314
0.556755 0.933572
0.556826 0.633667
0.557155 0.90141
0.557518 0.774147
0.558084 0.403647
0.558126 0.543469
0.558187 0.509069
0.558358 0.300551
0.558958 0.773105
0.560102 0.17604
0.560226 0.165502
0.560793 0.598251
0.563888 0.476192
0.565334 0.150782
0.566603 0.145064
0.567595 0.37346
0.569706 0.693877
0.57034 0.429851
0.572428 0.921213
0.573061 0.581314
0.574477 0.227086
0.574864 0.111079
0.575998 0.56034
0.576818 0.629621
0.57758 0.671288
0.578148 0.899577
0.57839 0.50992
0.57866 0.767173
0.579288 0.353778
0.58035 0.752605
0.582324 0.172773
0.582543 0.109817
0.58292 0.166869
0.583112 0.508066
0.583192 0.726372
0.583811 0.201465
0.584893 0.884384
0.585155 0.352131
0.587858 0.642157
0.588681 0.13582
0.59042 0.288863
0.591325 0.33287
0.594719 0.318306
0.594877 0.13581
0.595328 0.269723
0.595372 0.220895
0.595377 0.713886
0.595552 0.50925
0.596566 0.267863
0.597258 0.877887
0.598417 0.781323
0.599765 0.8405
0.600021 0.868457
0.600889 0.335568
0.602008 0.239074
0.602868 0.255782
0.603465 0.751694
0.605363 0.662688
0.605701 0.215783
0.605868 0.712342
0.606108 0.115775
0.607039 0.820146
0.607057 0.181712
0.607426 0.110022
0.607447 0.166587
0.609749 0.468885
0.609772 0.464434
0.60986 0.113606
0.61108 0.593051
0.611299 0.298733
0.61415 0.805558
0.614322 0.247416
0.614916 0.577124
0.617332 0.863414
0.618963 0.859025
0.619776 0.217709
0.62111 0.580862
0.622536 0.244117
0.623402 0.837729
0.623411 0.572289
0.623768 0.827669
0.624722 0.792043
0.62512 0.789672
0.62675 0.542646
0.62712 0.735854
0.628154 0.39785
0.628558 0.231538
0.629259 0.288391
0.629862 0.208903
0.629916 0.733926
0.630268 0.480812
0.630548 0.82634
0.630802 0.224038
0.638603 0.195157
0.640118 0.285398
0.641832 0.817601
0.642329 0.264
0.642504 0.245855
0.643246 0.787848
0.643809 0.154252
0.64552 0.654966
0.648085 0.508664
0.650668 0.2396
0.651032 0.505912
0.651439 0.729689
0.652395 0.72676
0.652415 0.152937
0.65369 0.615126
0.654262 0.224131
0.654464 0.59946
0.656411 0.339927
0.658472 0.815828
0.660707 0.3383
0.663092 0.572751
0.663791 0.177548
0.665164 0.33742
0.666851 0.519106
0.668527 0.51457
0.669605 0.616187
0.671671 0.32798
0.672087 0.269454
0.672586 0.776257
0.676833 0.512755
0.683269 0.647693
0.683443 0.267323
0.685044 0.535752
0.685595 0.495081
0.685814 0.423701
0.686498 0.491678
0.687277 0.305288
0.687301 0.774997
0.687686 0.787638
0.690336 0.266669
0.690346 0.463168
0.692979 0.460629
0.694694 0.621338
0.694897 0.281787
0.695122 0.783994
0.697987 0.607549
0.698549 0.280236
0.699431 0.251469
0.701221 0.6925
0.702063 0.688004
0.702839 0.35569
0.704341 0.631549
0.705331 0.223345
0.705591 0.517219
0.707065 0.498638
0.708571 0.582174
0.710941 0.573257
0.712504 0.480366
0.712641 0.56972
0.7139 0.35115
0.713972 0.555229
0.714379 0.685871
0.715878 0.511225
0.717132 0.455831
0.717198 0.325329
0.717674 0.464078
0.719264 0.277056
0.720173 0.276022
0.723591 0.444227
0.723977 0.453798
0.724645 0.418569
0.724646 0.452729
0.729486 0.679615
0.731348 0.418286
0.734935 0.723237
0.735459 0.413789
0.735817 0.414206
0.736066 0.410247
0.744651 0.396295
0.74518 0.409344
0.745477 0.51122
0.745755 0.716429
0.745877 0.456839
0.74772 0.322347
0.748701 0.250621
0.749593 0.666907
0.751693 0.552948
0.753516 0.403898
0.755798 0.42532
0.757348 0.385729
0.757852 0.416103
0.758152 0.661112
0.758668 0.508175
0.768192 0.561308
0.769898 0.555222
0.769938 0.376662
0.770977 0.271098
0.77628 0.506029
0.781872 0.549296
0.781949 0.538208
0.783442 0.352336
0.787474 0.497156
0.788681 0.589858
0.788964 0.652603
0.792665 0.347112
0.795352 0.451085
0.798763 0.412889
0.803003 0.334529
0.80355 0.439705
0.805492 0.477016
0.807079 0.349938
0.808873 0.346468
0.809243 0.679049
0.809259 0.501382
0.809879 0.675287
0.813411 0.41614
0.814732 0.53824
0.817628 0.671292
0.822886 0.530927
0.823416 0.414425
0.823674 0.595177
0.824815 0.669029
0.825861 0.563482
0.825866 0.3293
0.826249 0.464639
0.829585 0.334053
0.830931 0.459405
0.83134 0.499822
0.831592 0.412688
0.832576 0.649663
0.835424 0.41259
0.837536 0.549503
0.839106 0.407459
0.839479 0.542827
0.839656 0.403022
0.8399 0.634047
0.840591 0.408783
0.841223 0.52906
0.843244 0.60978
0.844071 0.561299
0.84429 0.463873
0.845259 0.486054
0.845763 0.456197
0.847448 0.405913
0.847744 0.623723
0.8486 0.444301
0.84965 0.479534
0.851875 0.459937
0.852544 0.519319
0.853974 0.476461
0.858308 0.401927
0.8586 0.455601
0.858814 0.475886
0.860416 0.37298
0.861463 0.393571
0.862544 0.506733
0.863578 0.439142
0.863823 0.400531
0.864997 0.525758
0.867772 0.5224
0.868318 0.37736
0.868944 0.397959
0.879308 0.50149
0.880375 0.470428
0.882487 0.455671
0.885164 0.426892
0.886083 0.426631
0.886292 0.391053
0.889092 0.454976
0.892389 0.559487
0.895858 0.495787
0.901719 0.487183
0.907558 0.407919
0.909065 0.548207
0.909441 0.458468
0.910105 0.486513
0.910744 0.48306
0.911014 0.433689
0.919568 0.453602
0.926251 0.547649
0.930276 0.441648
0.943243 0.507802
0.945519 0.495433
0.949325 0.471005
0.961769 0.520751
0.966489 0.517485
