0.00241785 0.499022
0.0112833 0.50563
0.0199191 0.513127
0.0205737 0.504595
0.0208476 0.497796
0.0214783 0.496811
0.0216496 0.491653
0.0229217 0.503768
0.0254361 0.484218
0.0265079 0.520005
0.0295722 0.481049
0.0315093 0.502968
0.0344117 0.516385
0.0373792 0.473747
0.0387361 0.493871
0.038748 0.535828
0.0389466 0.467375
0.0393234 0.463926
0.0404554 0.460173
0.0419789 0.526998
0.0439889 0.515612
0.0453801 0.53911
0.0472077 0.532074
0.0482891 0.544509
0.049122 0.500051
0.0530089 0.456904
0.0543198 0.45374
0.0566727 0.448497
0.0584564 0.46673
0.0586686 0.556931
0.0600331 0.504104
0.0627917 0.444434
0.0628799 0.462341
0.0652287 0.438836
0.0656562 0.481755
0.0669422 0.459467
0.0676737 0.435551
0.0693701 0.53662
0.069778 0.533329
0.0701273 0.520966
0.070471 0.503118
0.0757335 0.480911
0.0763115 0.5193
0.0776699 0.478912
0.0799808 0.430463
0.0810854 0.489904
0.0816753 0.485549
0.0834836 0.448526
0.0849073 0.448348
0.0868521 0.51284
0.0879359 0.435438
0.0882918 0.424187
0.0891519 0.42407
0.0895347 0.517683
0.0900988 0.511961
0.0911458 0.467624
0.091163 0.493405
0.0913478 0.420247
0.0917198 0.417657
0.0927319 0.473632
0.093005 0.492263
0.0938064 0.577157
0.0955343 0.442204
0.0958135 0.516528
0.0963045 0.417022
0.100553 0.463876
0.103291 0.416368
0.104764 0.497291
0.107185 0.542017
0.108202 0.600175
0.109648 0.428296
0.111959 0.405
0.112502 0.58886
0.112522 0.40359
0.11409 0.396752
0.114469 0.423554
0.115794 0.472617
0.116238 0.58751
0.119105 0.615912
0.122197 0.513084
0.122453 0.58627
0.122676 0.391433
0.124302 0.405919
0.125264 0.57378
0.125873 0.456534
0.127378 0.403729
0.12858 0.403561
0.128719 0.624027
0.129375 0.612342
0.129535 0.389276
0.130283 0.608762
0.130401 0.623203
0.130779 0.561915
0.130986 0.453087
0.13112 0.533965
0.132102 0.467641
0.133367 0.464018
0.13385 0.58391
0.134505 0.537895
0.134872 0.575397
0.135114 0.431475
0.136629 0.366166
0.136809 0.36441
0.136858 0.481044
0.1377 0.512102
0.137855 0.505964
0.13903 0.448922
0.140153 0.446305
0.141235 0.437626
0.14154 0.57455
0.142011 0.611585
0.142341 0.60163
0.143224 0.53226
0.144434 0.357322
0.144501 0.470032
0.144547 0.371602
0.144557 0.639038
0.145159 0.632969
0.146561 0.369225
0.14731 0.515473
0.148667 0.545175
0.150051 0.629432
0.151263 0.551622
0.151308 0.623707
0.15179 0.512176
0.151915 0.373982
0.152448 0.498804
0.152579 0.368133
0.154247 0.400702
0.154647 0.435448
0.156481 0.484765
0.156573 0.497874
0.156795 0.35479
0.156922 0.594453
0.157691 0.510507
0.158042 0.484616
0.158122 0.543263
0.158573 0.348247
0.158842 0.549724
0.158852 0.573926
0.159256 0.393505
0.159425 0.537158
0.160312 0.345828
0.160651 0.545266
0.160766 0.433764
0.161459 0.345805
0.161732 0.343195
0.162033 0.66134
0.163056 0.541472
0.16471 0.655883
0.165201 0.588021
0.166331 0.481388
0.166401 0.565796
0.16694 0.562235
0.167442 0.456066
0.168131 0.360779
0.168266 0.338925
0.169478 0.360724
0.170438 0.424795
0.17059 0.351725
0.171096 0.58604
0.171455 0.351927
0.172385 0.635771
0.172557 0.347088
0.172901 0.350273
0.173006 0.472012
0.173046 0.46896
0.173689 0.441811
0.173695 0.470245
0.173753 0.486446
0.174365 0.461551
0.174393 0.659663
0.174881 0.631126
0.175216 0.583512
0.175902 0.65132
0.17604 0.334445
0.176141 0.371487
0.176289 0.334386
0.176354 0.527145
0.176391 0.36958
0.176596 0.461313
0.177081 0.389987
0.177492 0.667267
0.178517 0.540798
0.178896 0.333378
0.179548 0.440981
0.180411 0.663703
0.180444 0.672681
0.180484 0.512132
0.180546 0.384075
0.18121 0.398961
0.181441 0.596836
0.181798 0.65346
0.182114 0.338826
0.18276 0.454915
0.182915 0.43831
0.18293 0.445987
0.183026 0.462422
0.183832 0.673936
0.184496 0.623914
0.184827 0.444156
0.185068 0.617591
0.185092 0.556136
0.185287 0.648323
0.185369 0.534931
0.185725 0.647935
0.186007 0.548817
0.18622 0.332404
0.186944 0.662724
0.187179 0.619535
0.18779 0.384809
0.187861 0.401718
0.187863 0.401009
0.18843 0.426369
0.188512 0.611628
0.188649 0.448912
0.188804 0.660638
0.188954 0.632655
0.189724 0.624479
0.189861 0.608705
0.190499 0.68921
0.190951 0.50802
0.190953 0.503634
0.191185 0.490037
0.191215 0.605015
0.192237 0.501593
0.192331 0.338129
0.192341 0.654457
0.192375 0.595513
0.192784 0.431223
0.193093 0.650215
0.193135 0.486971
0.193286 0.661837
0.193998 0.485245
0.194067 0.681097
0.194151 0.347214
0.194185 0.334833
0.194191 0.649452
0.194836 0.506319
0.195327 0.343922
0.195554 0.308059
0.195814 0.591964
0.195826 0.691102
0.195955 0.590762
0.195985 0.332381
0.197196 0.367063
0.19851 0.496547
0.19868 0.68037
0.198751 0.67782
0.199485 0.623967
0.199927 0.583111
0.199986 0.325416
0.20089 0.618804
0.20092 0.556528
0.201524 0.546782
0.201902 0.670441
0.202904 0.48429
0.203169 0.504309
0.203202 0.476054
0.204513 0.580858
0.204528 0.554232
0.205078 0.674558
0.205287 0.443948
0.205387 0.547383
0.205728 0.61071
0.205739 0.385749
0.206093 0.54719
0.206684 0.703677
0.206856 0.643534
0.207614 0.665868
0.207777 0.685764
0.208144 0.361737
0.209641 0.511874
0.210255 0.543243
0.210291 0.620854
0.210341 0.404169
0.210394 0.361679
0.210576 0.531978
0.210684 0.505588
0.210805 0.35372
0.211506 0.697681
0.212574 0.47496
0.212804 0.616504
0.213898 0.658126
0.214083 0.585583
0.214156 0.652775
0.214341 0.662263
0.214561 0.611371
0.214569 0.613608
0.215415 0.353047
0.215849 0.499138
0.216113 0.486823
0.216357 0.715075
0.21649 0.291911
0.216611 0.713594
0.217141 0.483356
0.21789 0.493464
0.218002 0.477974
0.218931 0.350756
0.21946 0.66221
0.220458 0.361328
0.221288 0.428647
0.221376 0.677599
0.22197 0.610226
0.222011 0.476494
0.222224 0.670061
0.22242 0.441245
0.222566 0.590646
0.222933 0.414009
0.223045 0.652053
0.223491 0.462164
0.224609 0.338533
0.224784 0.580697
0.227553 0.656486
0.228138 0.318377
0.228187 0.710809
0.229027 0.579993
0.2303 0.662998
0.230598 0.61357
0.230921 0.294375
0.230995 0.293901
0.231004 0.350299
0.231555 0.652683
0.232549 0.423077
0.232647 0.609708
0.233298 0.470274
0.233536 0.350259
0.233927 0.412696
0.234045 0.691364
0.234243 0.411863
0.234557 0.424325
0.235048 0.417312
0.23523 0.509079
0.235236 0.418454
0.236354 0.496106
0.236441 0.650623
0.236542 0.502279
0.236606 0.311644
0.236663 0.379081
0.236692 0.718576
0.237367 0.594799
0.238 0.266869
0.238404 0.37408
0.239224 0.620763
0.239316 0.316432
0.239495 0.261939
0.239805 0.68385
0.239852 0.416165
0.240666 0.304674
0.240877 0.70961
0.240968 0.454632
0.241385 0.373397
0.241661 0.413429
0.241928 0.395532
0.241952 0.739101
0.241959 0.554209
0.242309 0.709419
0.242489 0.698103
0.242522 0.737879
0.242661 0.26051
0.242948 0.453202
0.243373 0.258956
0.243935 0.411091
0.244559 0.432311
0.244826 0.397907
0.244929 0.72677
0.244932 0.726185
0.245062 0.66871
0.245713 0.422484
0.245818 0.373112
0.246328 0.722357
0.246436 0.289708
0.247946 0.363394
0.248717 0.741307
0.24903 0.32896
0.24942 0.740558
0.249879 0.490604
0.25067 0.269577
0.25086 0.41387
0.251973 0.579789
0.252022 0.380581
0.252662 0.419488
0.253825 0.40821
0.254403 0.645915
0.254769 0.448049
0.254806 0.445682
0.255142 0.606188
0.255183 0.402569
0.255333 0.736539
0.255434 0.635958
0.255505 0.32657
0.256489 0.602825
0.257375 0.602217
0.258183 0.331908
0.258315 0.3253
0.258456 0.362635
0.258624 0.525808
0.258695 0.395032
0.258808 0.518803
0.2603 0.517008
0.260483 0.330642
0.260516 0.747467
0.261241 0.683474
0.261304 0.490377
0.262063 0.735829
0.262915 0.72713
0.263185 0.680345
0.263263 0.479875
0.263269 0.393035
0.264004 0.255221
0.264347 0.410776
0.26545 0.38031
0.265793 0.319481
0.266395 0.318416
0.266491 0.515964
0.2667 0.739102
0.266767 0.306423
0.267334 0.670483
0.267387 0.292076
0.267665 0.667139
0.267713 0.509488
0.267748 0.735251
0.267988 0.251181
0.268673 0.768323
0.269479 0.503637
0.269666 0.530246
0.269878 0.666405
0.270964 0.519363
0.271271 0.327094
0.271325 0.495553
0.271451 0.445297
0.271701 0.367999
0.27189 0.392879
0.272096 0.230883
0.272249 0.34835
0.272311 0.701155
0.272617 0.686069
0.272657 0.631124
0.272735 0.717017
0.272954 0.24466
0.273225 0.405381
0.273453 0.437228
0.273766 0.683606
0.273919 0.478696
0.274146 0.694214
0.274406 0.389352
0.275424 0.38186
0.275642 0.239928
0.276389 0.674047
0.276628 0.324797
0.276941 0.340073
0.277016 0.23543
0.277028 0.256696
0.277292 0.546758
0.278008 0.548034
0.278458 0.517241
0.278511 0.250594
0.279079 0.395726
0.279336 0.517045
0.279577 0.318729
0.279674 0.48924
0.279682 0.324258
0.280079 0.692599
0.280206 0.247896
0.281426 0.378144
0.281718 0.474493
0.282235 0.27736
0.282716 0.3804
0.282954 0.392644
0.283362 0.487568
0.283417 0.779085
0.283549 0.298723
0.284049 0.582804
0.284087 0.662451
0.284947 0.715948
0.285247 0.270439
0.285329 0.413271
0.285859 0.311477
0.286121 0.490164
0.286228 0.269189
0.28646 0.571182
0.287006 0.765248
0.287065 0.243976
0.287132 0.452027
0.287387 0.340093
0.287506 0.441706
0.287833 0.403162
0.287877 0.728413
0.287986 0.642504
0.288146 0.311045
0.288341 0.437414
0.288781 0.597996
0.28886 0.450078
0.288948 0.722014
0.290118 0.258382
0.290174 0.507453
0.290671 0.446775
0.290742 0.564924
0.290998 0.35679
0.291063 0.682603
0.291488 0.486243
0.291537 0.719634
0.291876 0.790888
0.29189 0.545546
0.292227 0.38381
0.292758 0.335603
0.292856 0.376996
0.292981 0.463284
0.294678 0.705934
0.294816 0.773613
0.295278 0.762197
0.295484 0.731746
0.295552 0.502782
0.295597 0.354375
0.295672 0.230287
0.296055 0.669827
0.296097 0.397741
0.296224 0.479791
0.296397 0.629832
0.296398 0.459503
0.296443 0.699726
0.296746 0.357546
0.2968 0.219673
0.296809 0.708962
0.296893 0.571596
0.296901 0.424501
0.297514 0.497577
0.298091 0.329518
0.298629 0.611736
0.299025 0.650056
0.299081 0.588587
0.299449 0.725308
0.299775 0.567229
0.299874 0.442257
0.300576 0.717632
0.300894 0.458252
0.301037 0.228863
0.301048 0.395185
0.301067 0.712531
0.301192 0.415267
0.301615 0.309465
0.301721 0.249962
0.301746 0.379586
0.301813 0.6694
0.301826 0.756746
0.301908 0.348718
0.30196 0.574552
0.302069 0.458128
0.302384 0.56689
0.30243 0.414893
0.302959 0.315557
0.303071 0.439722
0.303498 0.345536
0.303818 0.700283
0.30385 0.46342
0.303956 0.783974
0.30487 0.493573
0.304999 0.35691
0.305267 0.561373
0.306087 0.517315
0.30636 0.367075
0.306664 0.217772
0.306939 0.588495
0.307262 0.450416
0.307282 0.379019
0.307606 0.60185
0.307702 0.365006
0.308457 0.344497
0.308596 0.22056
0.308968 0.310937
0.308972 0.806457
0.309092 0.6842
0.309538 0.280585
0.310095 0.434862
0.310139 0.491991
0.310218 0.26012
0.310279 0.683545
0.310398 0.630756
0.310601 0.354365
0.310754 0.480854
0.311154 0.343135
0.311224 0.789292
0.311609 0.460518
0.311778 0.206
0.311898 0.250392
0.311922 0.710631
0.312373 0.324181
0.312537 0.245394
0.312583 0.781812
0.312892 0.656182
0.313139 0.228013
0.313372 0.756515
0.314046 0.798304
0.314106 0.355084
0.314229 0.315519
0.31468 0.750484
0.314858 0.33299
0.315023 0.373597
0.315208 0.22779
0.315507 0.244455
0.316149 0.709188
0.316629 0.568012
0.316879 0.194059
0.317023 0.544511
0.317335 0.346509
0.3177 0.227067
0.318949 0.345343
0.319005 0.572391
0.319333 0.478753
0.319491 0.746642
0.319532 0.709168
0.319588 0.645591
0.319613 0.323264
0.319777 0.761417
0.319807 0.697021
0.320225 0.692987
0.320359 0.772165
0.320565 0.715812
0.321048 0.755307
0.321475 0.754989
0.322112 0.679204
0.324475 0.345985
0.324972 0.391991
0.325077 0.6376
0.325887 0.242314
0.326248 0.513087
0.326447 0.505025
0.326849 0.664662
0.327244 0.796131
0.327539 0.745576
0.32836 0.337981
0.328364 0.213802
0.328724 0.752916
0.328889 0.444692
0.329073 0.4126
0.329138 0.30033
0.329141 0.390568
0.329841 0.409055
0.329913 0.795711
0.330061 0.659809
0.330085 0.34757
0.330181 0.704001
0.33024 0.545732
0.331378 0.229332
0.331485 0.7685
0.331665 0.658006
0.332027 0.793401
0.3323 0.726384
0.332589 0.382325
0.332916 0.540663
0.333091 0.652126
0.33319 0.741455
0.333302 0.68426
0.333316 0.566787
0.333405 0.831256
0.333637 0.629186
0.334006 0.701467
0.334022 0.824924
0.334435 0.594789
0.334454 0.642542
0.334482 0.26911
0.334816 0.174365
0.334838 0.461041
0.335549 0.33207
0.336019 0.2048
0.336092 0.225601
0.336361 0.700756
0.33653 0.482951
0.336852 0.765705
0.336871 0.604378
0.336912 0.74047
0.336993 0.758289
0.337147 0.674635
0.337398 0.401422
0.337612 0.473988
0.33763 0.473153
0.337785 0.682225
0.338088 0.737517
0.338568 0.224706
0.338642 0.40074
0.338686 0.562688
0.339055 0.389111
0.339183 0.724177
0.339245 0.707071
0.339287 0.200152
0.339826 0.700493
0.34007 0.568142
0.340077 0.768442
0.34042 0.699381
0.340576 0.474129
0.340604 0.657838
0.340953 0.195957
0.341067 0.832529
0.341268 0.816342
0.341618 0.504322
0.342012 0.763604
0.342321 0.519282
0.342557 0.515473
0.343171 0.739902
0.343208 0.514587
0.343381 0.463499
0.344087 0.563453
0.344192 0.793653
0.344448 0.443596
0.344637 0.424891
0.344743 0.52905
0.344785 0.680813
0.344805 0.347334
0.34489 0.833029
0.344981 0.36434
0.345496 0.440791
0.345761 0.190461
0.346101 0.548856
0.346301 0.461014
0.346719 0.207243
0.3468 0.424557
0.346919 0.604285
0.346984 0.602895
0.347865 0.458082
0.348068 0.716035
0.348644 0.691043
0.348848 0.204033
0.349059 0.415477
0.349237 0.512816
0.349353 0.307832
0.349598 0.828252
0.350562 0.509928
0.350775 0.438189
0.350783 0.815731
0.351225 0.307625
0.351408 0.621621
0.351631 0.364202
0.351959 0.411957
0.351999 0.174574
0.352623 0.755613
0.352758 0.274229
0.352874 0.452491
0.353144 0.36151
0.353443 0.703247
0.353936 0.792413
0.353978 0.840733
0.354065 0.267649
0.354291 0.284425
0.354762 0.249466
0.355221 0.339489
0.355949 0.360459
0.356357 0.147273
0.356422 0.3036
0.357071 0.707753
0.357767 0.233674
0.357811 0.408496
0.358225 0.266469
0.358275 0.264364
0.358644 0.50856
0.358759 0.620453
0.358781 0.210877
0.359128 0.373805
0.359885 0.230365
0.360028 0.618687
0.360144 0.618225
0.360145 0.596859
0.360346 0.656174
0.360391 0.820516
0.360714 0.243978
0.360999 0.736153
0.361258 0.383183
0.361524 0.503277
0.361727 0.551485
0.361784 0.499045
0.361845 0.293648
0.362545 0.760771
0.36267 0.519888
0.362778 0.531498
0.362835 0.524605
0.363469 0.337736
0.363731 0.290118
0.363828 0.811435
0.364048 0.817135
0.364537 0.790224
0.364701 0.336655
0.365194 0.797269
0.36643 0.664815
0.366645 0.731959
0.366765 0.753877
0.366896 0.752398
0.367063 0.791783
0.367677 0.273179
0.367848 0.698668
0.367881 0.689255
0.368708 0.463323
0.368763 0.815731
0.368847 0.575133
0.368886 0.270965
0.36945 0.441545
0.369458 0.453166
0.369712 0.556726
0.370001 0.765722
0.370161 0.641715
0.370173 0.363333
0.37019 0.472382
0.370597 0.662984
0.371253 0.494267
0.371326 0.655975
0.371371 0.573301
0.371486 0.603013
0.371529 0.653135
0.371669 0.591193
0.371828 0.42928
0.371868 0.42839
0.371876 0.397263
0.371937 0.176354
0.37214 0.747816
0.372477 0.565081
0.372526 0.164975
0.372596 0.826215
0.372752 0.250646
0.372762 0.811227
0.373089 0.197241
0.373432 0.248614
0.373791 0.688268
0.374001 0.32764
0.374737 0.27041
0.37508 0.491959
0.375161 0.263252
0.375252 0.68778
0.375403 0.746797
0.375874 0.152669
0.375922 0.305528
0.376676 0.287718
0.376884 0.875416
0.377267 0.28713
0.378082 0.797169
0.378165 0.238265
0.378602 0.652611
0.379133 0.822616
0.379171 0.357415
0.379402 0.675458
0.37983 0.51305
0.379861 0.875032
0.38031 0.262952
0.380465 0.602128
0.380552 0.741608
0.381229 0.712348
0.381267 0.258354
0.381292 0.552405
0.381326 0.868036
0.382023 0.73741
0.382107 0.20018
0.382137 0.163496
0.382173 0.158688
0.382334 0.731083
0.38241 0.199989
0.38269 0.207985
0.382865 0.595137
0.383239 0.68549
0.383522 0.722604
0.383788 0.395537
0.384696 0.257811
0.385005 0.673846
0.385032 0.884902
0.38514 0.589676
0.385303 0.783465
0.385556 0.867341
0.385568 0.852484
0.385801 0.830484
0.38616 0.873181
0.386199 0.156738
0.386528 0.883306
0.386731 0.28518
0.38716 0.672518
0.387179 0.12802
0.387713 0.869996
0.387923 0.152957
0.388099 0.198241
0.388542 0.843962
0.389148 0.687962
0.389387 0.386501
0.389517 0.383712
0.389684 0.275372
0.389851 0.464944
0.389979 0.396845
0.390072 0.514998
0.390079 0.854826
0.390097 0.498534
0.390342 0.870797
0.39053 0.535215
0.391168 0.624122
0.391301 0.747661
0.391419 0.79516
0.391626 0.832473
0.391729 0.703566
0.391968 0.588868
0.392036 0.435706
0.39218 0.824814
0.392836 0.284955
0.392844 0.378043
0.392981 0.126842
0.393169 0.107553
0.393494 0.363108
0.39351 0.369309
0.39385 0.270291
0.394316 0.85256
0.394567 0.359941
0.395181 0.427852
0.395632 0.791025
0.395649 0.822408
0.395684 0.70924
0.396231 0.4985
0.396373 0.85144
0.396398 0.686138
0.396512 0.237278
0.396888 0.549079
0.396946 0.648752
0.396976 0.654672
0.397445 0.882564
0.397661 0.672985
0.397736 0.483655
0.397753 0.334517
0.397792 0.519563
0.397859 0.251099
0.398084 0.785134
0.398157 0.861866
0.39834 0.635296
0.398586 0.667894
0.398755 0.896509
0.398795 0.315679
0.398902 0.314271
0.399196 0.118219
0.399592 0.861677
0.400055 0.82125
0.400124 0.249272
0.400819 0.542133
0.401212 0.1102
0.401317 0.323541
0.40146 0.780996
0.401503 0.100724
0.401788 0.826505
0.401981 0.330439
0.402037 0.284792
0.402143 0.425675
0.402707 0.679034
0.402745 0.322324
0.402777 0.895991
0.402834 0.367565
0.402919 0.628969
0.403333 0.728793
0.403406 0.852526
0.40344 0.292305
0.403689 0.425148
0.403822 0.496494
0.404107 0.321659
0.404145 0.216026
0.404631 0.289001
0.404685 0.30431
0.404688 0.211407
0.404861 0.280193
0.405387 0.323304
0.405541 0.210857
0.405599 0.382533
0.405857 0.545562
0.406351 0.865452
0.406672 0.543762
0.40704 0.241843
0.407297 0.647867
0.407443 0.698993
0.407652 0.156392
0.407982 0.21827
0.407997 0.125793
0.408008 0.776304
0.408434 0.436482
0.408486 0.416859
0.408933 0.668578
0.408979 0.192356
0.40899 0.268828
0.409182 0.736715
0.40945 0.121055
0.410507 0.650999
0.410606 0.571659
0.410893 0.355661
0.410968 0.649433
0.411327 0.77708
0.41149 0.213853
0.411494 0.688516
0.411621 0.167908
0.411987 0.798522
0.411988 0.762059
0.413008 0.761046
0.413179 0.347003
0.41331 0.638726
0.414197 0.891334
0.414235 0.284723
0.414329 0.274195
0.414641 0.442233
0.414653 0.485669
0.414719 0.735738
0.414746 0.164185
0.414789 0.411905
0.414801 0.149131
0.415095 0.847747
0.415291 0.688406
0.41544 0.272919
0.415468 0.50546
0.415602 0.717138
0.415614 0.31507
0.41592 0.905762
0.416702 0.133191
0.41709 0.884795
0.417246 0.117575
0.417724 0.238151
0.417901 0.824876
0.417952 0.755497
0.418017 0.0858025
0.418354 0.3556
0.418383 0.832427
0.418405 0.0824746
0.418614 0.592675
0.418687 0.302102
0.419008 0.115512
0.419285 0.203808
0.419353 0.676041
0.419714 0.712722
0.420254 0.213492
0.420526 0.0823648
0.420917 0.88278
0.421234 0.559944
0.421365 0.469231
0.421927 0.815591
0.421941 0.26915
0.421979 0.347843
0.422347 0.785915
0.422483 0.300627
0.422496 0.80985
0.422659 0.296521
0.422865 0.741187
0.42288 0.156252
0.42324 0.267673
0.423385 0.130612
0.423862 0.376678
0.423928 0.233875
0.423943 0.259002
0.423997 0.287555
0.424485 0.863103
0.424946 0.104232
0.425174 0.732564
0.425251 0.807816
0.425277 0.600484
0.425473 0.505581
0.425569 0.814361
0.425602 0.880295
0.425985 0.807727
0.426124 0.738788
0.426763 0.781034
0.426783 0.466832
0.426883 0.7729
0.42691 0.264512
0.426994 0.850362
0.427029 0.590184
0.427116 0.498744
0.427201 0.320954
0.427337 0.75547
0.428167 0.277917
0.428263 0.807067
0.428502 0.755089
0.428564 0.437599
0.42882 0.670954
0.428824 0.456048
0.429014 0.190529
0.429092 0.208072
0.429211 0.748805
0.429229 0.768065
0.430012 0.224403
0.430025 0.347014
0.430292 0.346103
0.430451 0.588893
0.43061 0.359485
0.430924 0.0785302
0.431167 0.534472
0.43129 0.447898
0.431339 0.187174
0.431517 0.431732
0.431953 0.10295
0.432088 0.0721406
0.432141 0.358063
0.432583 0.0825378
0.432865 0.533895
0.432891 0.310584
0.433167 0.532395
0.433207 0.211498
0.433359 0.849163
0.433433 0.207881
0.433476 0.902002
0.433549 0.0705873
0.433701 0.529849
0.433822 0.485441
0.433972 0.308197
0.434274 0.806673
0.434291 0.528686
0.434471 0.934341
0.434754 0.371574
0.434822 0.0818156
0.435062 0.494791
0.435143 0.239273
0.4354 0.803058
0.435625 0.933805
0.435714 0.283965
0.43606 0.371217
0.436662 0.308031
0.436713 0.234841
0.436914 0.844153
0.437077 0.582949
0.437211 0.764345
0.437674 0.126604
0.437864 0.561394
0.437958 0.800957
0.437998 0.717956
0.4381 0.835139
0.438233 0.899623
0.438735 0.866309
0.439075 0.635526
0.439325 0.735097
0.439487 0.341666
0.439531 0.88358
0.43956 0.576702
0.439945 0.525562
0.440008 0.521591
0.440998 0.180032
0.441318 0.832839
0.441526 0.302682
0.441588 0.663673
0.441891 0.745994
0.442411 0.174568
0.442428 0.431171
0.442648 0.71283
0.442653 0.830355
0.442765 0.207282
0.443314 0.0755149
0.443406 0.0881716
0.443552 0.776231
0.443604 0.780991
0.443896 0.732798
0.44399 0.253055
0.444043 0.742326
0.444598 0.0692763
0.445166 0.301618
0.445247 0.317785
0.445808 0.400676
0.446243 0.0870345
0.44631 0.307713
0.44696 0.273152
0.447622 0.559982
0.447897 0.191976
0.448279 0.872226
0.44848 0.732422
0.448689 0.34606
0.449239 0.166638
0.449573 0.459974
0.449578 0.594093
0.449615 0.269633
0.449755 0.830252
0.449869 0.42899
0.449931 0.11809
0.450413 0.185177
0.450615 0.591788
0.450617 0.694442
0.451031 0.0671169
0.451374 0.660329
0.451474 0.633826
0.451751 0.65824
0.451897 0.0842866
0.452016 0.0566442
0.452672 0.821845
0.452692 0.810874
0.452717 0.936194
0.452764 0.576136
0.452884 0.686089
0.453226 0.247166
0.453249 0.456442
0.453328 0.771908
0.453772 0.684931
0.453774 0.803564
0.453983 0.878909
0.454025 0.206508
0.454025 0.651666
0.454514 0.829798
0.455015 0.724926
0.455086 0.448423
0.455197 0.621275
0.455444 0.619543
0.455791 0.732966
0.456087 0.780571
0.456267 0.230362
0.456403 0.643035
0.456814 0.73727
0.456875 0.302485
0.456997 0.554068
0.457019 0.0653761
0.457487 0.77968
0.457495 0.768158
0.457529 0.246381
0.45796 0.179295
0.458559 0.0624232
0.458565 0.486697
0.459122 0.917304
0.459609 0.262349
0.459757 0.258877
0.460389 0.661734
0.460723 0.844274
0.460963 0.617211
0.461108 0.155685
0.461162 0.875135
0.461342 0.898836
0.461566 0.239817
0.461717 0.424392
0.461832 0.331198
0.462123 0.0463771
0.462525 0.553461
0.46258 0.166214
0.462892 0.642003
0.462927 0.824057
0.463092 0.870559
0.463143 0.139051
0.46321 0.939046
0.463417 0.389621
0.463474 0.202172
0.463927 0.34425
0.464366 0.580895
0.464379 0.921904
0.464515 0.674655
0.464559 0.27928
0.464639 0.196237
0.464802 0.823868
0.464884 0.18998
0.465096 0.957872
0.465361 0.608328
0.465564 0.23724
0.465578 0.256861
0.465661 0.957011
0.466098 0.60734
0.466347 0.187827
0.466462 0.246692
0.466487 0.158647
0.466596 0.395221
0.46661 0.57085
0.467026 0.330501
0.467089 0.897471
0.467505 0.6612
0.467882 0.0542475
0.468036 0.672601
0.468546 0.95417
0.468571 0.627131
0.468581 0.481804
0.468814 0.213978
0.46882 0.530008
0.468856 0.527517
0.469522 0.721676
0.469959 0.132035
0.470034 0.832954
0.470323 0.271936
0.470481 0.233953
0.470873 0.792634
0.470887 0.0530293
0.471258 0.206208
0.471422 0.899996
0.471435 0.330369
0.471613 0.255043
0.471653 0.147171
0.472038 0.88701
0.472248 0.0876812
0.4723 0.926285
0.472325 0.551664
0.472451 0.896621
0.472983 0.660773
0.473264 0.606756
0.473461 0.741257
0.473549 0.319509
0.473564 0.125513
0.473729 0.37687
0.47414 0.803114
0.47421 0.393859
0.474328 0.163917
0.474673 0.347573
0.475145 0.633029
0.475199 0.258286
0.475203 0.231704
0.47526 0.542925
0.475356 0.772858
0.475424 0.917482
0.476113 0.113589
0.47614 0.61394
0.476223 0.669223
0.476271 0.56695
0.476292 0.715697
0.476347 0.285413
0.476509 0.915451
0.476766 0.875915
0.476838 0.284101
0.476897 0.534747
0.476909 0.973008
0.477064 0.774679
0.477099 0.758682
0.47763 0.363751
0.477779 0.278496
0.478543 0.884344
0.478698 0.915141
0.478734 0.0818209
0.478938 0.876703
0.478975 0.594891
0.479081 0.66886
0.479181 0.118186
0.479462 0.72228
0.479616 0.766327
0.479724 0.914156
0.480064 0.317528
0.480316 0.126365
0.480353 0.250832
0.480358 0.841954
0.481803 0.898958
0.482031 0.533438
0.482062 0.57577
0.482076 0.889019
0.482167 0.0993895
0.482512 0.0445292
0.482951 0.162342
0.483225 0.876146
0.483359 0.751027
0.484273 0.250438
0.484491 0.0816958
0.484571 0.257217
0.48475 0.788038
0.484993 0.33194
0.485052 0.721033
0.485184 0.094232
0.485566 0.847133
0.485709 0.306108
0.486125 0.767753
0.486174 0.29765
0.486276 0.492284
0.486403 0.384484
0.486584 0.273141
0.48685 0.585828
0.486864 0.266349
0.486939 0.594434
0.486949 0.973342
0.487291 0.862663
0.48736 0.202164
0.487556 0.0425219
0.487645 0.408397
0.487943 0.242096
0.487984 0.263453
0.488066 0.0685115
0.488083 0.575638
0.488369 0.801028
0.488545 0.0573538
0.488575 0.224763
0.48863 0.0319289
0.489283 0.0429024
0.489441 0.214744
0.489622 0.256999
0.489767 0.720373
0.48983 0.214633
0.489895 0.797879
0.490115 0.0526631
0.490372 0.526559
0.490564 0.401737
0.490862 0.66588
0.490908 0.278599
0.491192 0.19892
0.491238 0.869382
0.491338 0.52367
0.491405 0.911318
0.491655 0.754991
0.491713 0.757778
0.491716 0.642928
0.492011 0.515131
0.492197 0.50289
0.492291 0.572715
0.492374 0.237292
0.492406 0.6522
0.492451 0.832318
0.49259 0.74646
0.492934 0.704044
0.493038 0.0267106
0.493123 0.867248
0.493362 0.408637
0.493457 0.926811
0.493812 0.274854
0.494328 0.749992
0.49461 0.66424
0.494733 0.324262
0.49477 0.0416667
0.495056 0.723695
0.495788 0.608484
0.49583 0.267392
0.495931 0.60685
0.496027 0.993879
0.49603 0.98861
0.496505 0.556912
0.496575 0.882518
0.496612 0.249
0.496682 0.717558
0.49685 0.191927
0.496968 0.262106
0.497323 0.964685
0.498137 0.567092
0.498143 0.0255819
0.49822 0.175389
0.49822 0.555994
0.498696 0.267147
0.499065 0.860486
0.499253 0.317585
0.499531 0.254865
0.49976 0.74529
0.499775 0.962435
0.499825 0.796924
0.499971 0.985071
0.499989 0.647449
0.500115 0.495839
0.500148 0.436332
0.500276 0.0749075
0.500636 0.239153
0.500723 0.659385
0.501171 0.143315
0.501409 0.292868
0.501522 0.222831
0.501651 0.847045
0.501686 0.221934
0.501961 0.87215
0.502001 0.796887
0.502016 0.137785
0.502383 0.112793
0.502439 0.219979
0.502537 0.249293
0.502559 0.961292
0.502638 0.284794
0.502668 0.814066
0.502826 0.795258
0.503296 0.914163
0.503514 0.426736
0.503668 0.744709
0.504366 0.911533
0.504398 0.54946
0.504406 0.0381271
0.504408 0.540907
0.504456 0.647664
0.504613 0.393709
0.504994 0.953461
0.505183 0.600682
0.505237 0.786989
0.505392 0.248229
0.505418 0.245634
0.505636 0.10564
0.505698 0.0274075
0.505825 0.294453
0.506045 0.827847
0.506088 0.104609
0.506642 0.0973701
0.506712 0.15829
0.506767 0.133342
0.507138 0.71619
0.507632 0.0961876
0.507693 0.299704
0.507847 0.249979
0.5079 0.0722376
0.508113 0.271527
0.50829 0.149445
0.508535 0.229811
0.508623 0.863396
0.508871 0.878548
0.50913 0.952046
0.509162 0.308674
0.509309 0.0250615
0.509535 0.434797
0.509914 0.480507
0.509917 0.301236
0.510068 0.242777
0.510276 0.599468
0.510321 0.647581
0.510374 0.187858
0.511481 0.626545
0.511681 0.0138593
0.511689 0.682312
0.511786 0.523469
0.512251 0.531978
0.512519 0.613853
0.51258 0.285153
0.512684 0.680155
0.512793 0.148008
0.512888 0.211796
0.512906 0.642562
0.513328 0.730511
0.513331 0.93893
0.513501 0.229196
0.513622 0.740301
0.51366 0.274715
0.513751 0.426527
0.514029 0.814545
0.514033 0.247187
0.514042 0.825568
0.51417 0.471389
0.514281 0.366604
0.514288 0.738218
0.514387 0.467059
0.514702 0.051824
0.51511 0.421237
0.515261 0.877199
0.51532 0.983901
0.515432 0.556685
0.515563 0.227596
0.515591 0.0840781
0.515957 0.809911
0.516123 0.195161
0.516225 0.0231283
0.516336 0.147404
0.516345 0.554114
0.516406 0.824466
0.516656 0.160095
0.516667 0.766393
0.516674 0.907532
0.516906 0.454716
0.517508 0.449411
0.517517 0.182724
0.517737 0.750111
0.517775 0.115083
0.518011 0.788074
0.518062 0.661655
0.518148 0.210446
0.518348 0.965391
0.518419 0.0410761
0.518575 0.224083
0.518899 0.626153
0.519258 0.928292
0.519295 0.220549
0.519377 0.721868
0.519806 0.787169
0.519906 0.113709
0.519946 0.513579
0.5202 0.138758
0.520614 0.145645
0.520651 0.63867
0.520804 0.794021
0.520922 0.190871
0.521098 0.299415
0.521107 0.667904
0.521335 0.793781
0.521457 0.963924
0.521575 0.707215
0.521612 0.155294
0.52167 0.755866
0.522033 0.436473
0.522239 0.135268
0.522463 0.564958
0.522496 0.523369
0.522633 0.590669
0.522654 0.691815
0.522678 0.51277
0.522842 0.690861
0.522915 0.747112
0.522923 0.386366
0.523004 0.662233
0.523199 0.0383739
0.523278 0.151185
0.523313 0.220001
0.523521 0.252608
0.524004 0.0824691
0.524049 0.654436
0.524059 0.0328956
0.524082 0.461972
0.524165 0.381451
0.52445 0.184661
0.52456 0.813398
0.524864 0.290512
0.525009 0.416605
0.525024 0.294283
0.525032 0.820733
0.525089 0.449168
0.525255 0.93985
0.525278 0.752595
0.525387 0.917662
0.525389 0.357882
0.525476 0.110214
0.525552 0.213245
0.525593 0.136967
0.52614 0.771289
0.526206 0.932832
0.526465 0.29113
0.526802 0.52144
0.526953 0.631855
0.527125 0.357205
0.527459 0.644781
0.527563 0.513969
0.527905 0.0981645
0.528873 0.725286
0.529024 0.0811928
0.529191 0.535836
0.529352 0.535062
0.529514 0.59041
0.529664 0.777935
0.52969 0.474813
0.529831 0.932567
0.530012 0.587669
0.530224 0.355724
0.530251 0.773702
0.530564 0.351568
0.530792 0.907384
0.530807 0.0843404
0.530877 0.889284
0.530933 0.145529
0.530949 0.0453148
0.53111 0.0686592
0.531126 0.406444
0.531232 0.350673
0.53126 0.248178
0.531367 0.124885
0.531481 0.170664
0.532162 0.820358
0.532204 0.191954
0.532211 0.406255
0.532272 0.579982
0.532626 0.322256
0.532869 0.245839
0.533033 0.209853
0.533114 0.448078
0.533423 0.168156
0.533822 0.239933
0.533889 0.151337
0.53411 0.29386
0.534192 0.818339
0.534419 0.540756
0.534516 0.444415
0.53455 0.208723
0.534615 0.0523817
0.534701 0.505522
0.534999 0.79006
0.535215 0.888122
0.535272 0.526653
0.535294 0.0374802
0.535408 0.629918
0.535638 0.64931
0.53579 0.0519449
0.536103 0.805283
0.536195 0.336243
0.536245 0.733634
0.53634 0.120475
0.536434 0.101226
0.536513 0.330222
0.536627 0.644558
0.537195 0.231366
0.537247 0.799924
0.537313 0.268559
0.537397 0.0833564
0.537449 0.262314
0.538025 0.854229
0.538411 0.37767
0.538481 0.637663
0.538599 0.83303
0.538645 0.290939
0.538665 0.718322
0.539177 0.51644
0.539273 0.535357
0.539333 0.49949
0.539338 0.0659868
0.539634 0.03985
0.539775 0.901294
0.539799 0.364187
0.540421 0.0998911
0.540854 0.829698
0.541683 0.356305
0.541785 0.187296
0.542154 0.228256
0.542163 0.386865
0.542422 0.569274
0.542994 0.544566
0.543055 0.152844
0.54398 0.725298
0.544096 0.492315
0.544184 0.806539
0.544187 0.145392
0.544225 0.0794194
0.544284 0.881285
0.544303 0.715589
0.544378 0.403989
0.544397 0.315338
0.5448 0.690767
0.544889 0.606611
0.544973 0.225984
0.545574 0.120964
0.545707 0.239138
0.546007 0.709189
0.546109 0.635439
0.546134 0.663717
0.546223 0.235277
0.546415 0.401091
0.546436 0.0765534
0.54646 0.721871
0.546583 0.661696
0.546638 0.605554
0.546656 0.300341
0.54666 0.77628
0.547167 0.186772
0.547311 0.438089
0.547487 0.185255
0.547583 0.565315
0.547672 0.215264
0.547851 0.270111
0.548011 0.908887
0.548234 0.812838
0.548301 0.586485
0.548552 0.64864
0.548805 0.688199
0.548921 0.105397
0.549187 0.184044
0.549249 0.766731
0.549368 0.626771
0.549389 0.645061
0.549482 0.115011
0.549599 0.427579
0.549757 0.0651654
0.549758 0.353958
0.550113 0.505187
0.550236 0.0697816
0.550488 0.947442
0.550638 0.788003
0.55069 0.498658
0.550802 0.266192
0.550984 0.144208
0.550989 0.493231
0.551055 0.104052
0.551323 0.294651
0.551368 0.655629
0.551547 0.905901
0.551558 0.687433
0.551736 0.220508
0.551907 0.683074
0.552052 0.637319
0.552064 0.774077
0.552069 0.637295
0.552174 0.633489
0.552184 0.0684724
0.552353 0.867911
0.552625 0.472656
0.552691 0.602802
0.552838 0.458118
0.55288 0.456116
0.552918 0.353149
0.55293 0.503189
0.553197 0.771149
0.55334 0.101696
0.553437 0.487214
0.55356 0.31165
0.553634 0.903749
0.55365 0.275792
0.553815 0.474653
0.553924 0.219739
0.554046 0.889265
0.554232 0.202494
0.554303 0.462637
0.554421 0.703893
0.554617 0.0852429
0.554806 0.45661
0.554857 0.197453
0.555172 0.0620378
0.555569 0.251247
0.555733 0.123468
0.55574 0.869127
0.555994 0.497578
0.556108 0.787319
0.55623 0.864286
0.5563 0.197204
0.556328 0.534018
0.556351 0.855013
0.556497 0.174534
0.556872 0.215061
0.557093 0.837232
0.557117 0.440182
0.55738 0.0861216
0.557479 0.507949
0.557709 0.591806
0.557879 0.939769
0.557883 0.740884
0.557971 0.058001
0.558223 0.790528
0.558359 0.436994
0.558386 0.654846
0.558486 0.493652
0.558565 0.634148
0.558787 0.0848115
0.559159 0.641174
0.55917 0.411196
0.559301 0.425339
0.559535 0.777196
0.559619 0.519595
0.559737 0.0852561
0.560285 0.493607
0.560387 0.410587
0.560839 0.576254
0.561029 0.227025
0.561052 0.352123
0.561225 0.226879
0.561409 0.591712
0.561428 0.831129
0.561734 0.250676
0.561792 0.878386
0.561978 0.340276
0.5622 0.629323
0.562214 0.711829
0.562346 0.701876
0.562832 0.654447
0.56307 0.493298
0.56319 0.1844
0.563257 0.41931
0.563378 0.226493
0.563379 0.876689
0.563585 0.617399
0.564072 0.504692
0.564233 0.826482
0.564857 0.339675
0.564941 0.772757
0.56532 0.64361
0.565359 0.297351
0.565662 0.417903
0.565704 0.932198
0.56614 0.18039
0.566407 0.14373
0.566508 0.281363
0.566524 0.551743
0.566955 0.931098
0.56704 0.327082
0.567169 0.212153
0.567193 0.296667
0.567254 0.746316
0.567571 0.0815094
0.567622 0.50457
0.567805 0.51557
0.568171 0.503952
0.568253 0.771624
0.568374 0.0807059
0.568398 0.383568
0.568483 0.416386
0.568653 0.209668
0.568677 0.177839
0.568711 0.486948
0.568776 0.679154
0.569272 0.164602
0.569293 0.400311
0.569452 0.927381
0.569602 0.896418
0.570258 0.51502
0.570261 0.124943
0.570331 0.540391
0.570414 0.380006
0.570444 0.475662
0.570519 0.502714
0.570596 0.0956097
0.571219 0.471287
0.571232 0.788736
0.57124 0.363733
0.571804 0.663914
0.57189 0.534165
0.572173 0.677142
0.572541 0.709595
0.572602 0.918479
0.572709 0.769609
0.572813 0.123528
0.572904 0.531865
0.573221 0.182588
0.573422 0.745152
0.573478 0.151959
0.573513 0.243512
0.573558 0.661125
0.573888 0.91478
0.573943 0.292967
0.57405 0.743161
0.574062 0.316155
0.574194 0.397301
0.574787 0.531716
0.575486 0.821054
0.575614 0.444418
0.575697 0.181988
0.575935 0.265129
0.575997 0.756086
0.576139 0.344818
0.57636 0.882384
0.576503 0.695474
0.576744 0.151455
0.577236 0.300319
0.577264 0.250668
0.577529 0.280647
0.578128 0.878515
0.578388 0.369091
0.579277 0.897586
0.579291 0.276252
0.57953 0.0849724
0.579543 0.806756
0.579595 0.0820014
0.57993 0.327076
0.58034 0.211845
0.580427 0.820169
0.580537 0.1412
0.581074 0.268116
0.581339 0.196724
0.581347 0.361933
0.581454 0.144305
0.581468 0.497408
0.581567 0.87502
0.582093 0.738676
0.582206 0.566298
0.582322 0.541585
0.582387 0.231478
0.582514 0.190754
0.582621 0.870861
0.582722 0.607499
0.582852 0.890506
0.583138 0.565011
0.583179 0.497264
0.583623 0.168312
0.584249 0.694484
0.584628 0.868388
0.584636 0.691723
0.585207 0.206159
0.585438 0.140671
0.58553 0.684455
0.5866 0.811079
0.586647 0.180962
0.587538 0.199746
0.587612 0.603603
0.587944 0.407304
0.587966 0.905722
0.588166 0.55888
0.588414 0.221735
0.58842 0.264297
0.588589 0.79531
0.588776 0.627683
0.588819 0.178241
0.589008 0.522446
0.589131 0.112669
0.589259 0.216481
0.589811 0.736516
0.589834 0.321997
0.589881 0.903575
0.590134 0.273157
0.590272 0.592008
0.590471 0.850771
0.590574 0.0949597
0.590834 0.1976
0.591197 0.659367
0.591207 0.830109
0.591824 0.177361
0.591951 0.808495
0.592243 0.727011
0.592429 0.497183
0.592472 0.237417
0.592545 0.315075
0.592684 0.707694
0.592884 0.16546
0.593271 0.882932
0.593563 0.134526
0.593745 0.530193
0.593925 0.900958
0.594033 0.214254
0.595668 0.263688
0.595854 0.877312
0.595855 0.111159
0.595893 0.393097
0.596068 0.582964
0.596095 0.898433
0.596127 0.0977548
0.596335 0.263069
0.596388 0.213171
0.596466 0.426017
0.597696 0.683842
0.597827 0.87569
0.598139 0.211359
0.598793 0.576061
0.599475 0.131765
0.599631 0.822248
0.599712 0.296041
0.599721 0.294142
0.599808 0.334989
0.599938 0.122096
0.599957 0.174198
0.600018 0.195101
0.600632 0.723587
0.600696 0.821734
0.600869 0.151756
0.601077 0.80761
0.60109 0.239862
0.6011 0.173088
0.601196 0.167733
0.60154 0.193332
0.602069 0.585552
0.602253 0.455497
0.602388 0.547234
0.602804 0.779825
0.602986 0.573285
0.603305 0.391598
0.603359 0.514944
0.603601 0.529337
0.603652 0.23883
0.603975 0.720761
0.604839 0.524588
0.604912 0.116688
0.60492 0.629687
0.605216 0.541896
0.60543 0.138335
0.605565 0.269129
0.605739 0.181708
0.605826 0.150926
0.606028 0.809882
0.606176 0.115675
0.606401 0.643513
0.606471 0.237746
0.606662 0.120952
0.606886 0.323227
0.607735 0.255791
0.607973 0.735772
0.608218 0.210273
0.608678 0.237137
0.60877 0.751372
0.610121 0.268597
0.610249 0.678657
0.610611 0.112562
0.61138 0.840238
0.611557 0.867285
0.611914 0.613057
0.612138 0.716744
0.612169 0.804851
0.612376 0.60845
0.612428 0.807273
0.612549 0.724504
0.61264 0.834315
0.61297 0.863503
0.613748 0.171363
0.613917 0.566058
0.61393 0.687543
0.613956 0.600867
0.614294 0.387724
0.614397 0.293621
0.614472 0.59712
0.614585 0.871422
0.614772 0.649354
0.61556 0.126087
0.615715 0.482645
0.615869 0.722012
0.615873 0.429329
0.616915 0.634918
0.617138 0.73293
0.617344 0.421781
0.617561 0.124348
0.617806 0.486884
0.617855 0.563273
0.617951 0.229679
0.618058 0.264991
0.619215 0.140449
0.619232 0.481002
0.619715 0.821243
0.620246 0.791121
0.620525 0.799385
0.620731 0.815673
0.620734 0.61785
0.6209 0.716002
0.621229 0.808422
0.621398 0.562982
0.621538 0.122145
0.621824 0.804829
0.622244 0.72008
0.622915 0.804426
0.62292 0.5125
0.623185 0.715678
0.623302 0.311857
0.623346 0.559027
0.623413 0.857546
0.624126 0.193697
0.624225 0.174948
0.624322 0.21972
0.624491 0.403725
0.624649 0.612717
0.625084 0.581573
0.62511 0.553046
0.625136 0.577805
0.625684 0.231552
0.625803 0.21392
0.625848 0.400731
0.626482 0.616825
0.626606 0.5332
0.627276 0.213946
0.627578 0.260534
0.627666 0.715237
0.628056 0.32033
0.6285 0.257882
0.628551 0.284351
0.628776 0.256851
0.629068 0.790525
0.629278 0.495111
0.629603 0.745592
0.629676 0.154085
0.629812 0.719217
0.630808 0.657522
0.631191 0.551515
0.631295 0.788464
0.631381 0.54937
0.6315 0.355222
0.631673 0.834647
0.63175 0.629054
0.632224 0.193237
0.632477 0.525411
0.632555 0.519841
0.632626 0.354738
0.632713 0.583552
0.633064 0.343355
0.633455 0.301749
0.633487 0.340494
0.633618 0.139179
0.633767 0.189014
0.634402 0.830944
0.634608 0.244054
0.634796 0.384055
0.635376 0.163934
0.635384 0.207549
0.635774 0.622754
0.636228 0.580917
0.636392 0.613351
0.636515 0.826829
0.637263 0.274168
0.637284 0.575368
0.637324 0.541193
0.637674 0.727507
0.638089 0.319651
0.638205 0.519651
0.638575 0.759154
0.6389 0.235931
0.639197 0.50796
0.63945 0.725664
0.639717 0.502062
0.640465 0.674794
0.64051 0.788082
0.640579 0.319175
0.640961 0.146754
0.641252 0.437793
0.641293 0.533507
0.641396 0.839847
0.641833 0.591639
0.641876 0.801948
0.642189 0.309973
0.642646 0.725475
0.642909 0.436417
0.643616 0.353514
0.643743 0.742663
0.64383 0.572104
0.643857 0.590313
0.643919 0.740493
0.644043 0.414059
0.644226 0.392021
0.644565 0.553132
0.644667 0.785975
0.645478 0.718319
0.645606 0.780463
0.645874 0.653587
0.64634 0.603736
0.646433 0.767697
0.64697 0.494087
0.647792 0.767661
0.648122 0.508742
0.648133 0.600841
0.648698 0.163326
0.649357 0.228042
0.649461 0.665625
0.649636 0.792897
0.650092 0.435482
0.650181 0.489928
0.650933 0.777249
0.65133 0.585162
0.651455 0.452675
0.651971 0.210014
0.652196 0.456893
0.652405 0.583582
0.652433 0.186117
0.652907 0.226732
0.653174 0.530247
0.653206 0.40434
0.65338 0.532925
0.653732 0.673345
0.654102 0.572861
0.654182 0.269849
0.654327 0.181492
0.654442 0.254639
0.654456 0.665456
0.654959 0.75922
0.654978 0.724997
0.655183 0.358599
0.655333 0.162395
0.65534 0.397333
0.655905 0.163954
0.656069 0.710519
0.656083 0.356364
0.6564 0.752539
0.656775 0.225067
0.65678 0.324555
0.656936 0.520475
0.657261 0.710175
0.657323 0.392574
0.65749 0.825337
0.657899 0.501151
0.658343 0.306538
0.658538 0.558427
0.658697 0.599754
0.658982 0.597664
0.659605 0.378131
0.659805 0.268303
0.660431 0.253555
0.661145 0.745699
0.661476 0.824467
0.661859 0.406326
0.662207 0.519777
0.662386 0.822865
0.664333 0.492194
0.66448 0.724765
0.664546 0.710013
0.664636 0.68521
0.665592 0.724951
0.666122 0.790579
0.666904 0.438784
0.666982 0.701196
0.667451 0.434677
0.667864 0.322457
0.668159 0.78265
0.668671 0.677495
0.669152 0.811373
0.669742 0.555081
0.669792 0.390283
0.670243 0.723092
0.670353 0.385165
0.670487 0.758725
0.670695 0.699359
0.670721 0.788661
0.670981 0.340511
0.671301 0.698078
0.673242 0.239318
0.67349 0.519204
0.675172 0.819009
0.675683 0.757941
0.676025 0.339517
0.677432 0.787179
0.677464 0.705271
0.677473 0.368183
0.677971 0.646764
0.678779 0.54843
0.679125 0.669547
0.67946 0.489591
0.679667 0.298026
0.679959 0.240909
0.680103 0.805698
0.68065 0.480553
0.680858 0.196525
0.681477 0.542747
0.681495 0.342977
0.681668 0.295884
0.681709 0.397778
0.682431 0.289423
0.682481 0.534571
0.682523 0.574801
0.682702 0.618701
0.683995 0.404913
0.684763 0.655869
0.684824 0.66234
0.684885 0.393429
0.685633 0.744884
0.685946 0.654167
0.686455 0.458979
0.687238 0.697859
0.687239 0.468324
0.687273 0.756253
0.687281 0.559479
0.687394 0.610676
0.687554 0.648983
0.687592 0.234546
0.687874 0.632878
0.688095 0.521202
0.688099 0.693547
0.688204 0.397805
0.688557 0.709613
0.68859 0.205959
0.688709 0.654376
0.689065 0.425863
0.689126 0.229821
0.689164 0.669139
0.689322 0.669024
0.689795 0.53126
0.690166 0.543464
0.690247 0.342575
0.691151 0.467854
0.691508 0.802862
0.692472 0.775721
0.692509 0.554321
0.693168 0.228459
0.693971 0.327853
0.694209 0.325937
0.694306 0.791891
0.694384 0.637151
0.694689 0.382414
0.696119 0.708127
0.696342 0.790752
0.696534 0.748635
0.696693 0.765245
0.696939 0.201945
0.697435 0.435024
0.697441 0.669579
0.698004 0.433918
0.698065 0.518865
0.698417 0.542885
0.699472 0.467247
0.69991 0.360209
0.700357 0.456058
0.700708 0.685489
0.701038 0.593767
0.701523 0.614941
0.701763 0.310618
0.701943 0.276872
0.702103 0.323919
0.702636 0.64747
0.702967 0.316615
0.703292 0.347483
0.704241 0.441336
0.704265 0.533841
0.70433 0.577526
0.704477 0.462056
0.704654 0.394369
0.704734 0.23574
0.704913 0.340454
0.707197 0.411465
0.707374 0.613645
0.707387 0.485898
0.707407 0.781307
0.708206 0.785595
0.708428 0.683485
0.708666 0.729706
0.709064 0.763171
0.709891 0.63249
0.710167 0.650279
0.710391 0.648265
0.710536 0.550324
0.711049 0.380083
0.71116 0.638159
0.711219 0.334792
0.711237 0.770145
0.711247 0.668175
0.711337 0.387453
0.711654 0.265668
0.71168 0.58962
0.711955 0.546491
0.712327 0.531196
0.712514 0.378834
0.712639 0.747581
0.712654 0.25572
0.712749 0.4841
0.712797 0.628966
0.712929 0.368911
0.713102 0.723622
0.713494 0.746889
0.713507 0.527785
0.713565 0.51997
0.714072 0.740301
0.714422 0.588068
0.714489 0.508879
0.714564 0.722113
0.714682 0.721295
0.715509 0.2499
0.715601 0.353424
0.715991 0.565434
0.716858 0.26556
0.717694 0.61561
0.718101 0.246348
0.718178 0.740029
0.720209 0.250207
0.720274 0.647991
0.720479 0.676336
0.720618 0.563711
0.720701 0.613769
0.721278 0.23875
0.721294 0.657323
0.721517 0.560044
0.721985 0.552563
0.722116 0.604077
0.722188 0.393515
0.722341 0.683001
0.722771 0.368732
0.723075 0.497731
0.723123 0.458142
0.723181 0.64281
0.723345 0.236265
0.723529 0.732903
0.72407 0.639578
0.724099 0.31497
0.724118 0.544807
0.724347 0.732698
0.724532 0.703313
0.724871 0.637325
0.72495 0.273659
0.725059 0.529106
0.725314 0.323782
0.726225 0.441716
0.726316 0.310095
0.727382 0.376158
0.727611 0.730933
0.727745 0.612319
0.728205 0.392419
0.729071 0.538116
0.729205 0.750839
0.730062 0.269357
0.730252 0.60368
0.730383 0.729946
0.730653 0.634546
0.730967 0.2641
0.730968 0.697164
0.731147 0.337865
0.731494 0.681492
0.731664 0.60877
0.731877 0.734064
0.731996 0.601133
0.732163 0.755948
0.733429 0.729203
0.733439 0.550502
0.73363 0.561914
0.733721 0.467511
0.734038 0.752479
0.73484 0.540221
0.735004 0.529026
0.736263 0.630569
0.736337 0.341379
0.736356 0.686542
0.736505 0.534355
0.7366 0.260064
0.736646 0.380672
0.736831 0.258168
0.738043 0.684057
0.738151 0.518848
0.738232 0.460834
0.738568 0.339863
0.738715 0.496786
0.738856 0.679657
0.739395 0.656293
0.740011 0.711773
0.740137 0.568908
0.740378 0.539989
0.740406 0.353983
0.740646 0.719423
0.740941 0.651569
0.740957 0.710518
0.741511 0.730091
0.74189 0.695452
0.742519 0.327902
0.74265 0.315934
0.743078 0.284463
0.744301 0.650189
0.744322 0.257699
0.744987 0.475603
0.744993 0.278934
0.745203 0.314015
0.745324 0.263508
0.745382 0.749358
0.745679 0.719369
0.74569 0.724607
0.745933 0.532814
0.746383 0.633264
0.746447 0.438136
0.747042 0.309926
0.747312 0.368702
0.747668 0.32461
0.747755 0.436729
0.748123 0.529494
0.74842 0.717039
0.748468 0.299269
0.748601 0.479884
0.748931 0.545816
0.748946 0.586002
0.749015 0.54205
0.749165 0.682036
0.750033 0.678608
0.750847 0.276438
0.750855 0.526305
0.752168 0.454991
0.752378 0.519787
0.752585 0.257879
0.753629 0.539736
0.754029 0.565944
0.754743 0.722889
0.75526 0.682379
0.755666 0.561773
0.755973 0.452357
0.756737 0.700885
0.756769 0.535525
0.757036 0.446098
0.757141 0.73834
0.757217 0.337016
0.757405 0.531889
0.758141 0.418007
0.758369 0.349904
0.758752 0.336905
0.758793 0.561239
0.759144 0.554453
0.759503 0.578104
0.759967 0.575195
0.761136 0.567803
0.761938 0.727587
0.762082 0.539825
0.762182 0.698241
0.7623 0.278087
0.762395 0.56715
0.763353 0.532381
0.763442 0.722001
0.763745 0.399271
0.763931 0.699519
0.764367 0.468694
0.76443 0.397191
0.764513 0.50596
0.764666 0.316392
0.764848 0.391559
0.765571 0.62134
0.766238 0.316318
0.766617 0.560277
0.766786 0.523675
0.766811 0.532135
0.767604 0.580809
0.767664 0.567244
0.767824 0.498043
0.768662 0.690714
0.768909 0.551809
0.769494 0.363234
0.769697 0.520009
0.769719 0.391057
0.769734 0.379216
0.770911 0.273613
0.771082 0.328182
0.771095 0.416573
0.77205 0.403734
0.772138 0.31491
0.772314 0.713149
0.772443 0.575139
0.773263 0.565602
0.773989 0.308701
0.774347 0.306851
0.774483 0.549752
0.774658 0.681812
0.775142 0.303556
0.775935 0.685721
0.775947 0.644047
0.77608 0.387144
0.776259 0.414274
0.776551 0.466646
0.776779 0.412312
0.776813 0.301539
0.777313 0.643939
0.777799 0.312367
0.777854 0.341336
0.778449 0.671176
0.778751 0.610794
0.778946 0.703806
0.779052 0.463056
0.779063 0.31117
0.779632 0.434058
0.779734 0.284458
0.779879 0.422208
0.780383 0.299313
0.780836 0.407681
0.780979 0.456448
0.78109 0.42692
0.781848 0.338037
0.782413 0.44509
0.78254 0.695646
0.782579 0.355933
0.78269 0.444973
0.782891 0.348171
0.782903 0.70799
0.783033 0.323022
0.783102 0.657126
0.783936 0.690566
0.784096 0.405874
0.784179 0.519053
0.78487 0.699736
0.784938 0.634895
0.785166 0.543531
0.785754 0.511042
0.786261 0.398866
0.786625 0.343283
0.786742 0.337594
0.787208 0.693879
0.787397 0.627967
0.78862 0.711208
0.788694 0.331726
0.788884 0.318124
0.788943 0.327372
0.788996 0.626107
0.789189 0.543474
0.789824 0.69558
0.790281 0.341791
0.790396 0.620631
0.790933 0.666903
0.791364 0.341516
0.791477 0.532437
0.792069 0.518609
0.792543 0.315165
0.792578 0.542726
0.793477 0.306134
0.794184 0.656635
0.79422 0.594326
0.794835 0.675107
0.795304 0.425379
0.796251 0.306546
0.79626 0.529348
0.796425 0.54822
0.796456 0.475589
0.796645 0.364554
0.796839 0.414844
0.796859 0.423029
0.796898 0.397646
0.797082 0.661492
0.797206 0.510179
0.79747 0.627442
0.797616 0.422343
0.798 0.487243
0.798104 0.618391
0.799311 0.691232
0.79965 0.421071
0.79971 0.411136
0.799764 0.541328
0.799827 0.540132
0.799925 0.50795
0.800531 0.510352
0.801576 0.506631
0.801806 0.520758
0.802327 0.604013
0.802335 0.506115
0.802707 0.499802
0.802935 0.435635
0.803258 0.470815
0.803346 0.679833
0.803484 0.468944
0.804069 0.305443
0.804255 0.645078
0.804957 0.656732
0.805222 0.655434
0.805288 0.4314
0.805419 0.310417
0.805638 0.420705
0.806053 0.339476
0.807082 0.508578
0.807105 0.54464
0.80823 0.550246
0.808914 0.602579
0.809028 0.407872
0.80923 0.395002
0.809403 0.359106
0.809416 0.629095
0.809631 0.601973
0.809956 0.687264
0.811244 0.353014
0.811244 0.600533
0.811334 0.390605
0.811619 0.664505
0.811992 0.398934
0.812126 0.34928
0.812151 0.528427
0.812293 0.417922
0.812663 0.448731
0.812893 0.427939
0.813232 0.507309
0.814897 0.555631
0.815087 0.664428
0.815652 0.68329
0.815893 0.65526
0.817414 0.638809
0.817807 0.385497
0.818078 0.519165
0.819132 0.655293
0.819165 0.658714
0.81932 0.623242
0.820228 0.389413
0.821533 0.636803
0.821723 0.504528
0.822165 0.404609
0.822178 0.676343
0.823118 0.397547
0.823244 0.645049
0.823679 0.504031
0.823766 0.643651
0.82417 0.38475
0.824443 0.373008
0.824508 0.545799
0.824568 0.421252
0.824601 0.614957
0.824958 0.668052
0.825368 0.656626
0.825702 0.642649
0.826245 0.551171
0.82641 0.418699
0.827366 0.543989
0.827614 0.390419
0.827621 0.436536
0.827826 0.411756
0.8279 0.525056
0.82826 0.614689
0.829824 0.619811
0.830067 0.383735
0.831927 0.550294
0.832136 0.360226
0.832191 0.585947
0.832962 0.48556
0.834592 0.616004
0.834662 0.377329
0.834673 0.358474
0.835158 0.389058
0.836229 0.387975
0.836376 0.63942
0.836787 0.643625
0.836931 0.476129
0.837419 0.522536
0.83763 0.526516
0.837805 0.438959
0.837922 0.639541
0.838796 0.458012
0.839455 0.46659
0.839972 0.404999
0.840147 0.521266
0.840295 0.53607
0.840571 0.404986
0.840802 0.519568
0.841434 0.548886
0.84156 0.404052
0.841925 0.462299
0.842194 0.393489
0.842939 0.547508
0.842987 0.417268
0.843814 0.563716
0.843865 0.37851
0.844047 0.370127
0.844237 0.488001
0.844363 0.614983
0.845241 0.459144
0.845995 0.359808
0.846142 0.438405
0.847215 0.546534
0.847228 0.607229
0.847565 0.544638
0.847929 0.638451
0.848279 0.447959
0.849036 0.614656
0.849566 0.368924
0.85042 0.633995
0.851139 0.390159
0.851268 0.401398
0.851321 0.357512
0.851333 0.571885
0.85138 0.629556
0.85158 0.44456
0.851762 0.400702
0.852081 0.628974
0.852298 0.59515
0.852814 0.457946
0.854665 0.357455
0.855228 0.442051
0.855614 0.393351
0.855921 0.357056
0.856155 0.385096
0.856462 0.441146
0.856563 0.60493
0.857771 0.550076
0.857771 0.59313
0.858249 0.449866
0.859172 0.587221
0.859185 0.540224
0.860215 0.5401
0.860833 0.457837
0.862069 0.446129
0.86465 0.442094
0.864932 0.388897
0.865695 0.532449
0.866752 0.598698
0.866891 0.563831
0.868066 0.609531
0.869665 0.451805
0.86977 0.542688
0.870096 0.392265
0.87033 0.52036
0.871746 0.594765
0.872266 0.448596
0.872633 0.580824
0.874246 0.594158
0.874373 0.37752
0.874425 0.4117
0.874509 0.391504
0.874528 0.57788
0.874691 0.574452
0.874887 0.562082
0.875023 0.380997
0.875415 0.510257
0.879191 0.567663
0.880857 0.563219
0.882566 0.551072
0.883526 0.564036
0.883836 0.5863
0.884717 0.545924
0.885371 0.559631
0.885487 0.569053
0.885642 0.455906
0.886353 0.439438
0.887702 0.563926
0.887915 0.542351
0.889854 0.561386
0.890359 0.509165
0.89088 0.507972
0.891467 0.493618
0.892087 0.601451
0.892175 0.539189
0.89419 0.524517
0.896142 0.534089
0.896741 0.444491
0.896919 0.503422
0.897571 0.559873
0.897975 0.474772
0.898516 0.558051
0.900509 0.518848
0.901321 0.47061
0.902751 0.440058
0.903458 0.442627
0.904318 0.562592
0.904738 0.515749
0.909062 0.497596
0.909381 0.529223
0.909894 0.514222
0.911275 0.524317
0.91206 0.49501
0.913344 0.562532
0.914638 0.512538
0.915892 0.509297
0.916084 0.426753
0.916634 0.49177
0.91825 0.50692
0.918734 0.426324
0.918902 0.555003
0.919577 0.489552
0.920081 0.447481
0.9213 0.441157
0.924106 0.522409
0.924224 0.480405
0.924934 0.529817
0.925759 0.430531
0.927154 0.567131
0.927505 0.442175
0.92881 0.43939
0.92921 0.524544
0.92965 0.558372
0.929658 0.502777
0.930054 0.473783
0.931816 0.437819
0.932919 0.514729
0.933495 0.492865
0.935053 0.436066
0.935267 0.462326
0.935723 0.495613
0.937225 0.461825
0.939175 0.476034
0.940164 0.486878
0.940705 0.449787
0.94073 0.469741
0.94145 0.467144
0.941463 0.4656
0.941572 0.545033
0.943807 0.469939
0.94585 0.495998
0.946062 0.469744
0.946787 0.534402
0.94718 0.529804
0.949019 0.461745
0.951202 0.528274
0.951275 0.540978
0.9523 0.512569
0.953192 0.498661
0.955131 0.474591
0.955271 0.525764
0.955553 0.458974
0.95609 0.52911
0.957485 0.471252
0.957506 0.498577
0.959604 0.494398
0.960727 0.469949
0.960768 0.526348
0.961444 0.467333
0.975099 0.515503
0.977451 0.517198
0.992589 0.494013
