0.00107032 0.187784
0.00136137 0.479897
0.00180013 0.756498
0.00182551 0.674617
0.00242543 0.310591
0.00282109 0.199622
0.00318829 0.872488
0.00340113 0.934787
0.00402959 0.466291
0.0043885 0.623049
0.00452946 0.716207
0.00491752 0.731118
0.00515741 0.942937
0.00558452 0.593161
0.00573069 0.919614
0.00580008 0.352202
0.00597735 0.354606
0.00616152 0.729907
0.00648874 0.705561
0.00659389 0.609268
0.00676901 0.845638
0.00732112 0.291963
0.00736449 0.143115
0.00744552 0.352814
0.00751581 0.0423121
0.0076223 0.423391
0.00805212 0.885017
0.00815802 0.403651
0.00836248 0.76875
0.00868151 0.468608
0.0087057 0.965728
0.00899973 0.658708
0.00911564 0.907508
0.0100987 0.947312
0.0101941 0.878501
0.0104019 0.248955
0.0105386 0.893774
0.0111397 0.517162
0.0112802 0.828301
0.01139 0.348852
0.0117038 0.978737
0.0123959 0.855066
0.0131748 0.456237
0.0136936 0.304809
0.0138837 0.88771
0.0139393 0.719105
0.0146385 0.604291
0.0146773 0.834957
0.0150461 0.974085
0.0158089 0.470287
0.0158754 0.357712
0.016522 0.799536
0.0166318 0.833093
0.0172036 0.369778
0.0175702 0.194231
0.0176496 0.831126
0.018667 0.985907
0.019034 0.898646
0.0194161 0.95322
0.0195779 0.883742
0.019788 0.84238
0.0201466 0.181815
0.0202929 0.27124
0.0213178 0.565458
0.0219777 0.325941
0.0226771 0.248486
0.0235352 0.455361
0.0237148 0.775944
0.0237684 0.849641
0.0253158 0.81234
0.0253961 0.298772
0.0256358 0.574153
0.0256663 0.274508
0.026058 0.956592
0.0263433 0.0283609
0.0269312 0.188983
0.026947 0.373427
0.0272035 0.57739
0.0275704 0.929217
0.0276158 0.999425
0.0276307 0.518779
0.0288839 0.506567
0.028972 0.546095
0.0291319 0.540487
0.0296074 0.638195
0.0297854 0.0416778
0.030116 0.512244
0.0302282 0.900386
0.0303882 0.69382
0.0304687 0.77752
0.0306145 0.992571
0.0320456 0.572858
0.0324143 0.974708
0.03256 0.49951
0.0330701 0.320574
0.0331633 0.939366
0.0335393 0.640349
0.0335952 0.588242
0.0337366 0.708319
0.0344552 0.897562
0.0346223 0.248773
0.0346377 0.838188
0.0362593 0.0224899
0.0364047 0.742885
0.0370126 0.819762
0.0370657 0.848764
0.0376815 0.686409
0.038699 0.927584
0.0390726 0.387814
0.0395928 0.759933
0.0398713 0.844819
0.0399239 0.538655
0.0399862 0.910927
0.0400965 0.613878
0.0401435 0.462032
0.0401508 0.51119
0.0401751 0.534717
0.040368 0.505135
0.0408235 0.472483
0.0416089 0.943819
0.0421585 0.522869
0.0424922 0.459372
0.0430889 0.994558
0.0432962 0.504534
0.0435873 0.691279
0.0438416 0.272731
0.0440546 0.80321
0.0442298 0.345045
0.0445762 0.919841
0.0447199 0.380177
0.0448735 0.572326
0.0454048 0.739855
0.0454102 0.948025
0.0461243 0.879886
0.0470233 0.781984
0.0477815 0.326015
0.0484441 0.512797
0.0493082 0.269323
0.0493948 0.212176
0.0494837 0.218467
0.0505263 0.0804896
0.0507821 0.279768
0.0508393 0.576996
0.0510224 0.0312301
0.051089 0.719456
0.0511636 0.799889
0.0523556 0.433286
0.0529705 0.985154
0.053151 0.608115
0.0533662 0.633797
0.053935 0.78798
0.0540995 0.463833
0.0543176 0.373993
0.0543864 0.328903
0.0546077 0.74985
0.0547671 0.548635
0.0551932 0.316829
0.0552621 0.767774
0.0558585 0.955384
0.0560126 0.698686
0.0591924 0.466197
0.0592846 0.815184
0.0593184 0.524716
0.0607828 0.671729
0.0611441 0.309231
0.0614658 0.582193
0.0618333 0.441385
0.0618451 0.506243
0.061895 0.237414
0.0619746 0.784184
0.0620102 0.906671
0.0622107 0.666714
0.0624005 0.18907
0.0625957 0.600533
0.0627138 0.552869
0.0629414 0.546494
0.0630017 0.480869
0.0632984 0.956408
0.06354 0.450656
0.0637242 0.889725
0.0637811 0.634197
0.0645524 0.386919
0.0654324 0.831638
0.0671304 0.571547
0.0671496 0.263582
0.0673726 0.964647
0.0677124 0.234778
0.0679545 0.716363
0.0687983 0.71743
0.069117 0.526363
0.069184 0.361073
0.0696586 0.680364
0.0710174 0.744134
0.0710972 0.930472
0.0715787 0.993563
0.0717161 0.300735
0.0718439 0.44565
0.0723301 0.451829
0.0723587 0.824468
0.0725737 0.2961
0.0732398 0.903481
0.0735376 0.255562
0.0738736 0.370934
0.0738825 0.736428
0.0739944 0.777069
0.0744291 0.356483
0.0744651 0.698941
0.0745437 0.217375
0.0752569 0.546876
0.0754759 0.329939
0.0756121 0.898172
0.0758403 0.446988
0.0760589 0.768292
0.0762991 0.20803
0.0764935 0.860082
0.0766276 0.924364
0.0767642 0.864384
0.07743 0.00433365
0.0780881 0.200065
0.0786006 0.0776318
0.0800246 0.444523
0.0800333 0.0707222
0.0807087 0.944282
0.0812073 0.282435
0.0816555 0.614158
0.0817931 0.598573
0.0824735 0.0531652
0.0827959 0.662267
0.0831308 0.0307659
0.083322 0.939292
0.083715 0.365217
0.0839386 0.752318
0.0856042 0.254437
0.0856694 0.405928
0.0860737 0.764457
0.0861554 0.700172
0.0863163 0.67409
0.0874609 0.607456
0.0876013 0.526535
0.0878941 0.457761
0.089415 0.58145
0.0902904 0.685825
0.0905572 0.244461
0.0906711 0.220032
0.0906787 0.552003
0.0908888 0.739806
0.091186 0.540311
0.0913484 0.410869
0.0913777 0.858757
0.0916588 0.226284
0.0918585 0.497906
0.0940607 0.976588
0.0945598 0.305277
0.0947801 0.0413416
0.0974909 0.599897
0.0981201 0.141739
0.098526 0.900291
0.0986802 0.387359
0.0989276 0.218198
0.0996818 0.195773
0.100234 0.0394015
0.102103 0.972678
0.103833 0.576041
0.104456 0.853972
0.104538 0.828436
0.105002 0.478413
0.106178 0.778199
0.107276 0.843723
0.108412 0.772711
0.10856 0.614472
0.108666 0.565803
0.109938 0.812973
0.110634 0.690125
0.11102 0.859482
0.111308 0.867283
0.111384 0.71372
0.111627 0.285465
0.111715 0.308402
0.111905 0.610063
0.112145 0.838848
0.112371 0.133331
0.114023 0.935394
0.114299 0.684441
0.114727 0.948756
0.115684 0.95766
0.116495 0.638341
0.11717 0.873163
0.117404 0.266315
0.117606 0.761485
0.11766 0.448974
0.117676 0.621072
0.118053 0.57725
0.11851 0.864662
0.118782 0.00669823
0.119299 0.0193824
0.119859 0.453069
0.120107 0.682065
0.120138 0.815343
0.120269 0.895876
0.120283 0.95018
0.12054 0.707843
0.120769 0.893711
0.121184 0.624142
0.121551 0.533774
0.122352 0.575192
0.122541 0.611043
0.122827 0.513888
0.123592 0.430058
0.123959 0.74054
0.123979 0.603722
0.1241 0.881816
0.124536 0.887589
0.124777 0.593239
0.126215 0.846788
0.126769 0.727482
0.126836 0.55992
0.12702 0.745005
0.127159 0.775245
0.127373 0.670106
0.127921 0.46797
0.129388 0.39051
0.130264 0.105549
0.130497 0.814537
0.131351 0.896053
0.132448 0.293029
0.133567 0.287315
0.134284 0.552231
0.134397 0.160728
0.134456 0.380281
0.134607 0.843018
0.134657 0.994978
0.134759 0.946065
0.135083 0.749733
0.135302 0.875001
0.136286 0.3936
0.137308 0.619546
0.137685 0.60724
0.138114 0.110013
0.138787 0.72186
0.138841 0.388616
0.139872 0.443501
0.140444 0.679337
0.140479 0.556703
0.141002 0.65276
0.141148 0.757368
0.14168 0.544569
0.142134 0.844782
0.142946 0.576313
0.143231 0.849457
0.143351 0.73344
0.143489 0.894666
0.144348 0.812773
0.144668 0.672218
0.145145 0.633935
0.145821 0.728153
0.145917 0.669565
0.146515 0.608354
0.147659 0.509183
0.147814 0.703335
0.148458 0.359875
0.148845 0.356318
0.150809 0.435753
0.151097 0.631765
0.151664 0.820525
0.151881 0.93102
0.152547 0.399529
0.152753 0.47756
0.152991 0.662166
0.154072 0.285897
0.154729 0.385195
0.1549 0.398798
0.15513 0.342773
0.155462 0.492319
0.157564 0.684749
0.158318 0.0283816
0.158503 0.250621
0.159338 0.96915
0.159684 0.377219
0.160118 0.575311
0.160255 0.971356
0.160778 0.661037
0.160801 0.849522
0.160884 0.8843
0.160918 0.30298
0.161909 0.464483
0.163092 0.226632
0.163578 0.902336
0.165084 0.888895
0.165097 0.559096
0.165398 0.997264
0.16567 0.811723
0.165884 0.376765
0.166334 0.607143
0.16648 0.721457
0.167088 0.383358
0.167188 0.720006
0.167399 0.594599
0.16776 0.840631
0.168145 0.573548
0.168918 0.360906
0.169477 0.12358
0.172605 0.952135
0.173653 0.0222561
0.173765 0.613201
0.17429 0.844567
0.17564 0.936162
0.175844 0.775608
0.176314 0.821233
0.177362 0.00505408
0.177435 0.902077
0.177485 0.29416
0.1779 0.973222
0.178118 0.914983
0.178534 0.902201
0.179111 0.524617
0.179678 0.571026
0.179953 0.791488
0.179964 0.0216649
0.181446 0.467252
0.181468 0.612679
0.181502 0.292135
0.18169 0.876267
0.182668 0.0185959
0.183552 0.740662
0.18379 0.789287
0.183792 0.396616
0.184257 0.0292579
0.185111 0.967245
0.1857 0.579765
0.185701 0.0235363
0.186579 0.121173
0.186595 0.93846
0.186638 0.672672
0.186707 0.931491
0.187021 0.012557
0.187297 0.617835
0.187975 0.395391
0.190949 0.822099
0.192026 0.611224
0.192788 0.616227
0.193171 0.845933
0.193394 0.861742
0.193621 0.106139
0.194001 0.88432
0.194202 0.713862
0.19462 0.0105559
0.19506 0.661592
0.195438 0.466417
0.19673 0.908737
0.198549 0.0506588
0.199303 0.73098
0.20086 0.952111
0.201199 0.455231
0.201974 0.64391
0.202092 0.924753
0.202911 0.837125
0.202932 0.543766
0.202936 0.84733
0.202947 0.494264
0.203132 0.289277
0.204627 0.433992
0.205251 0.800784
0.206043 0.258291
0.207286 0.557294
0.207309 0.10658
0.207339 0.984883
0.207645 0.273592
0.208521 0.339245
0.208723 0.671029
0.210205 0.975249
0.210482 0.904212
0.211786 0.87089
0.211792 0.533878
0.212858 0.0333544
0.214862 0.637557
0.216019 0.425581
0.216253 0.537114
0.216559 0.988513
0.216984 0.586378
0.217049 0.289356
0.217583 0.242623
0.217608 0.992888
0.217694 0.722704
0.218008 0.706397
0.218147 0.604509
0.218699 0.794523
0.219133 0.408821
0.219946 0.434856
0.220119 0.37573
0.22012 0.347494
0.220579 0.478129
0.221241 0.883567
0.221837 0.525609
0.222036 0.476874
0.222703 0.241218
0.223064 0.869795
0.223944 0.470629
0.226795 0.00499217
0.226858 0.782888
0.227468 0.621133
0.228451 0.397697
0.22886 0.340189
0.229496 0.332763
0.229693 0.0111171
0.230252 0.664993
0.23128 0.914971
0.231288 0.852838
0.231518 0.297702
0.233168 0.295053
0.233324 0.391496
0.23337 0.591016
0.233414 0.275177
0.23366 0.545206
0.234056 0.893791
0.234056 0.598239
0.235166 0.967694
0.235746 0.903106
0.235952 0.0964421
0.237456 0.0928563
0.238752 0.746143
0.238789 0.878239
0.238856 0.793501
0.239028 0.978704
0.239271 0.656879
0.239902 0.461134
0.242421 0.89002
0.242882 0.921163
0.244978 0.516973
0.245818 0.0901631
0.245996 0.224188
0.246209 0.164183
0.247093 0.53143
0.247685 0.935658
0.248405 0.940813
0.248651 0.653784
0.248938 0.628133
0.249894 0.828217
0.250088 0.629295
0.250724 0.499424
0.252724 0.734802
0.253137 0.277212
0.25444 0.719598
0.254551 0.266356
0.256025 0.404507
0.257128 0.743793
0.25719 0.386636
0.257296 0.0262257
0.257495 0.529366
0.258135 0.888514
0.258633 0.612507
0.259076 0.692634
0.259809 0.430948
0.260509 0.908292
0.260991 0.0786596
0.261303 0.5432
0.261737 0.609846
0.261756 0.878183
0.261804 0.958681
0.262078 0.458263
0.262158 0.972219
0.26232 0.261108
0.262995 0.778835
0.263066 0.812777
0.263756 0.494117
0.264074 0.971166
0.265002 0.552677
0.265155 0.889397
0.265608 0.353423
0.266418 0.939228
0.266666 0.00222394
0.27142 0.652327
0.271677 0.614773
0.272962 0.760703
0.27306 0.818245
0.273782 0.733395
0.273914 0.115995
0.274698 0.816971
0.275605 0.861482
0.275855 0.24314
0.276383 0.92218
0.277166 0.718505
0.277738 0.0582919
0.279491 0.211226
0.280203 0.612261
0.280472 0.732911
0.280472 0.531989
0.280494 0.958423
0.281436 0.81093
0.281444 0.0914462
0.281579 0.426415
0.281881 0.486103
0.282319 0.0880634
0.28304 0.00316896
0.283465 0.301349
0.285067 0.933292
0.285102 0.0177575
0.285305 0.599678
0.28668 0.892636
0.287007 0.186018
0.28918 0.560743
0.290593 0.0566808
0.291813 0.263864
0.293571 0.945476
0.294822 0.856338
0.295649 0.918465
0.295957 0.862213
0.29625 0.0877075
0.296379 0.538526
0.296531 0.728877
0.297054 0.832748
0.298182 0.721014
0.29845 0.964004
0.299481 0.14035
0.300045 0.927015
0.301362 0.853356
0.301911 0.333437
0.303611 0.810099
0.303929 0.935855
0.304314 0.15364
0.305182 0.93124
0.307277 0.956356
0.308072 0.984081
0.308829 0.909561
0.309046 0.889935
0.309684 0.902636
0.309819 0.989552
0.312601 0.501955
0.31273 0.607324
0.313549 0.0676509
0.314102 0.83464
0.314115 0.755515
0.314583 0.499115
0.314662 0.220716
0.315609 0.407921
0.316684 0.796171
0.317215 0.968395
0.317914 0.684351
0.318588 0.120909
0.319246 0.831634
0.319448 0.818755
0.320218 0.750326
0.320494 0.781217
0.321543 0.482665
0.32179 0.581744
0.321819 0.919936
0.323109 0.763567
0.323491 0.971681
0.323707 0.569352
0.32389 0.927442
0.324128 0.550682
0.324294 0.90928
0.325606 0.748395
0.325873 0.720732
0.326383 0.383534
0.328004 0.359263
0.328372 0.654457
0.329242 0.680652
0.329314 0.964808
0.331973 0.329969
0.332562 0.19991
0.333707 0.138268
0.3348 0.222327
0.335884 0.459753
0.336137 0.90748
0.336268 0.199578
0.336896 0.528775
0.337428 0.674373
0.337653 0.0617649
0.337957 0.260923
0.338581 0.50722
0.339539 0.931766
0.340793 0.535846
0.341521 0.992761
0.341982 0.909853
0.342559 0.486607
0.343134 0.382532
0.343383 0.934238
0.34581 0.354145
0.346498 0.0603342
0.346839 0.998034
0.35039 0.253889
0.350411 0.197299
0.350978 0.452121
0.351317 0.548811
0.351502 0.923503
0.352592 0.0952013
0.35282 0.373409
0.353204 0.00631882
0.353297 0.525907
0.354024 0.596495
0.354038 0.0527367
0.355508 0.990905
0.355673 0.193005
0.356275 0.21152
0.356592 0.34817
0.358959 0.886503
0.359744 0.961666
0.360294 0.341757
0.361072 0.984188
0.362217 0.651411
0.362226 0.149843
0.363386 0.817515
0.363548 0.327118
0.363797 0.280906
0.365782 0.93283
0.368377 0.887696
0.368978 0.114869
0.369119 0.0381537
0.3695 0.896157
0.369973 0.590311
0.370072 0.566411
0.370186 0.963358
0.370666 0.368254
0.37154 0.253666
0.371834 0.62853
0.372036 0.10986
0.372154 0.89323
0.373494 0.0195494
0.373674 0.427728
0.373735 0.458393
0.374532 0.824192
0.376465 0.794921
0.377108 0.664664
0.377373 0.792972
0.379183 0.45744
0.380443 0.249813
0.380524 0.916863
0.382086 0.283486
0.382257 0.522178
0.382903 0.438329
0.384433 0.944208
0.385124 0.879492
0.385468 0.437768
0.385701 0.817743
0.386561 0.879676
0.387742 0.507292
0.390172 0.874795
0.390325 0.959766
0.390417 0.959489
0.391473 0.847441
0.391862 0.4311
0.39195 0.205429
0.392354 0.47577
0.39353 0.771433
0.393593 0.673681
0.393952 0.766594
0.39429 0.379556
0.394692 0.942903
0.396209 0.244713
0.397275 0.0240753
0.397287 0.617572
0.397622 0.473734
0.398505 0.536781
0.398649 0.0562789
0.399071 0.569124
0.400613 0.524189
0.401198 0.276937
0.402703 0.75135
0.40289 0.988995
0.402904 0.810271
0.402941 0.0374067
0.403418 0.652588
0.403645 0.0331617
0.404246 0.205372
0.40441 0.860927
0.404654 0.119143
0.405593 0.991349
0.405595 0.741407
0.407137 0.400852
0.40715 0.837497
0.409138 0.0106696
0.409195 0.885595
0.4092 0.108039
0.409312 0.397805
0.409347 0.507299
0.409408 0.659175
0.409954 0.630758
0.410065 0.725473
0.411366 0.629491
0.413694 0.14446
0.414087 0.497405
0.414827 0.142992
0.416303 0.938071
0.416349 0.969346
0.417503 0.798802
0.417647 0.984043
0.418101 0.975841
0.41814 0.00357644
0.418397 0.71934
0.419112 0.0637396
0.419494 0.882986
0.419886 0.1429
0.421036 0.712387
0.421143 0.516901
0.421288 0.909314
0.422288 0.36387
0.422728 0.83448
0.423211 0.599409
0.423314 0.626204
0.42361 0.967054
0.423771 0.913788
0.426342 0.657714
0.426497 0.620632
0.426552 0.960764
0.42751 0.20182
0.428385 0.753301
0.428487 0.142478
0.428521 0.638746
0.428752 0.35749
0.428846 0.398722
0.429651 0.397148
0.42977 0.244166
0.429863 0.443564
0.430111 0.158879
0.430193 0.904947
0.4333 0.0496686
0.433314 0.293603
0.433433 0.0483102
0.433923 0.922204
0.43466 0.784005
0.434952 0.246609
0.435389 0.734452
0.435529 0.360598
0.436812 0.336274
0.437107 0.693504
0.437129 0.726926
0.43774 0.971488
0.441001 0.667746
0.441333 0.31982
0.441423 0.781961
0.442311 0.441247
0.443093 0.00881859
0.443406 0.810397
0.44349 0.342648
0.444291 0.5027
0.44477 0.585603
0.44609 0.954544
0.446166 0.655503
0.446568 0.882348
0.447424 0.898531
0.447486 0.0468513
0.4475 0.0622912
0.447664 0.921572
0.447763 0.63233
0.448075 0.565535
0.448977 0.0933114
0.449348 0.516732
0.449497 0.292667
0.449593 0.154501
0.451027 0.0467918
0.451862 0.901538
0.453297 0.430658
0.453444 0.494248
0.454218 0.260462
0.455114 0.257027
0.455416 0.319785
0.456825 0.491734
0.457206 0.561747
0.457298 0.889732
0.457918 0.429099
0.461452 0.485389
0.462516 0.627683
0.463429 0.975508
0.464412 0.150395
0.464494 0.939157
0.465036 0.855643
0.465152 0.0198561
0.46522 0.0618376
0.467037 0.128235
0.467176 0.86351
0.467342 0.150196
0.467557 0.426031
0.470405 0.474227
0.471013 0.895038
0.472401 0.0090919
0.472494 0.171986
0.473376 0.894265
0.473841 0.223781
0.473953 0.831147
0.4747 0.973959
0.474802 0.791759
0.475235 0.78597
0.475238 0.42936
0.475576 0.224119
0.476629 0.215793
0.476819 0.937483
0.478351 0.81617
0.479154 0.700097
0.479717 0.40261
0.479756 0.055725
0.480612 0.505166
0.480629 0.701484
0.482116 0.994385
0.482413 0.0160008
0.484279 0.414148
0.485715 0.094027
0.486296 0.140218
0.486813 0.25431
0.486836 0.0191524
0.48876 0.199345
0.489395 0.131771
0.489757 0.892106
0.490329 0.90669
0.490835 0.790739
0.491521 0.879529
0.492726 0.92323
0.494019 0.0223041
0.49405 0.194798
0.495215 0.0382235
0.49527 0.557203
0.496556 0.530728
0.49961 0.589761
0.500196 0.0017853
0.500204 0.862543
0.501006 0.466155
0.501196 0.000974365
0.501296 0.148241
0.502449 0.344347
0.503755 0.590365
0.504431 0.984054
0.504991 0.971477
0.506062 0.696963
0.50638 0.807938
0.506544 0.0763423
0.50673 0.997246
0.506906 0.89665
0.507502 0.787585
0.507763 0.803042
0.508119 0.738591
0.508197 0.25973
0.508984 0.286615
0.509536 0.223716
0.511214 0.412266
0.511487 0.0986578
0.512179 0.111658
0.512225 0.680191
0.512243 0.267004
0.513962 0.873687
0.515031 0.998411
0.515143 0.219865
0.515338 0.827569
0.515421 0.165108
0.515712 0.366551
0.516281 0.061977
0.516665 0.886522
0.517368 0.557542
0.517387 0.672007
0.517562 0.250876
0.518042 0.012269
0.518717 0.990517
0.518916 0.142423
0.519076 0.188278
0.519927 0.586799
0.520163 0.77927
0.520616 0.19857
0.520646 0.52982
0.520839 0.733193
0.522454 0.801235
0.522834 0.0687061
0.524218 0.819969
0.524457 0.093076
0.524781 0.0723984
0.524921 0.666954
0.525321 0.235596
0.525672 0.024132
0.525939 0.0195723
0.52796 0.911007
0.528341 0.992507
0.528381 0.54958
0.529048 0.0468819
0.530036 0.846646
0.530199 0.156407
0.530503 0.544972
0.531249 0.014758
0.531795 0.000207897
0.532598 0.450311
0.532733 0.192211
0.533595 0.448688
0.534222 0.256049
0.534319 0.576972
0.535876 0.888984
0.536756 0.0656941
0.537723 0.114143
0.537802 0.588952
0.538548 0.098902
0.538843 0.73884
0.539178 0.014773
0.539531 0.261925
0.540024 0.795561
0.540299 0.554034
0.541534 0.792801
0.542069 0.55022
0.544089 0.336214
0.54638 0.365083
0.54683 0.526653
0.547071 0.226823
0.548047 0.0838156
0.548868 0.319594
0.548885 0.52806
0.549296 0.509213
0.549415 0.641241
0.549504 0.95865
0.550009 0.88189
0.550425 0.80887
0.551509 0.984241
0.552295 0.554392
0.552834 0.989504
0.554362 0.773188
0.55467 0.192012
0.555522 0.935982
0.555759 0.29327
0.556242 0.239003
0.556777 0.503916
0.558857 0.161731
0.559404 0.980018
0.560739 0.255582
0.56311 0.437671
0.563199 0.550603
0.563604 0.585486
0.563992 0.0890805
0.564703 0.235114
0.565091 0.0602423
0.565898 0.597888
0.567149 0.580886
0.569841 0.690192
0.569939 0.502715
0.570304 0.477431
0.572433 0.124114
0.572648 0.870685
0.572658 0.195328
0.572825 0.00316041
0.574922 0.16976
0.575053 0.311522
0.575613 0.229091
0.576217 0.915199
0.577321 0.569715
0.577812 0.212744
0.579533 0.799443
0.580864 0.25142
0.582102 0.250753
0.582383 0.847392
0.582913 0.0575818
0.585289 0.949366
0.586094 0.968593
0.586463 0.160886
0.586683 0.483109
0.586865 0.623171
0.587404 0.543961
0.588095 0.180527
0.588188 0.0884719
0.588459 0.0406302
0.588807 0.063822
0.588899 0.0157226
0.588976 0.296947
0.589838 0.948155
0.590764 0.93614
0.592468 0.742001
0.592579 0.998664
0.595212 0.0130457
0.596367 0.132633
0.596425 0.913453
0.598269 0.342476
0.598446 0.965822
0.599266 0.368379
0.599877 0.120993
0.600554 0.290325
0.601252 0.33329
0.601771 0.759232
0.602637 0.881168
0.603225 0.649441
0.603637 0.32838
0.604134 0.248808
0.605855 0.914634
0.605863 0.960756
0.605954 0.520332
0.60833 0.0254638
0.608966 0.0266863
0.609959 0.956776
0.610171 0.214803
0.610647 0.0265374
0.610958 0.687725
0.61149 0.752272
0.613205 0.326814
0.614358 0.210526
0.614719 0.587425
0.614944 0.317508
0.615404 0.00594827
0.616773 0.386366
0.616969 0.348181
0.617623 0.220715
0.618251 0.0351779
0.618375 0.83267
0.618813 0.0937367
0.61892 0.0397426
0.619212 0.540904
0.619349 0.105953
0.619637 0.970201
0.621154 0.552239
0.622671 0.877355
0.622969 0.92342
0.623178 0.0842741
0.62518 0.312611
0.626201 0.0338865
0.628969 0.365514
0.628992 0.0624259
0.629931 0.0664984
0.631582 0.364619
0.633499 0.623417
0.63355 0.830991
0.634678 0.351602
0.635298 0.635952
0.635322 0.87646
0.63628 0.0470087
0.63653 0.547541
0.639344 0.955533
0.639402 0.545973
0.639642 0.271275
0.640031 0.0519075
0.640426 0.817047
0.641263 0.996049
0.643856 0.8087
0.64433 0.467881
0.645067 0.57195
0.648195 0.859705
0.648911 0.92139
0.649309 0.258305
0.649481 0.184263
0.649499 0.982646
0.649742 0.464095
0.650371 0.517741
0.650991 0.637958
0.651627 0.0797398
0.653329 0.506838
0.653909 0.484593
0.654245 0.103609
0.654325 0.413991
0.654431 0.406497
0.65514 0.849247
0.657418 0.622678
0.658183 0.611419
0.659484 0.834185
0.660629 0.878175
0.661529 0.300036
0.661942 0.900227
0.662181 0.599723
0.664253 0.52957
0.665629 0.0200173
0.665977 0.103379
0.66752 0.281138
0.667531 0.629096
0.667792 0.380387
0.668052 0.998321
0.670776 0.369611
0.671016 0.00845299
0.671282 0.987669
0.671452 0.364132
0.671518 0.243858
0.673635 0.0610969
0.674754 0.361134
0.674902 0.598779
0.675228 0.995833
0.675793 0.420287
0.677398 0.463874
0.677655 0.498399
0.677837 0.495485
0.678185 0.667132
0.6783 0.87641
0.678416 0.279945
0.678655 0.0284151
0.679083 0.0598038
0.680765 0.348616
0.681836 0.233355
0.681935 0.226145
0.682694 0.225895
0.683493 0.492132
0.683551 0.222185
0.683836 0.526081
0.685863 0.0554851
0.687208 0.0857594
0.687337 0.913304
0.68764 0.161179
0.687943 0.18138
0.687963 0.00875938
0.688482 0.368039
0.688718 0.0827521
0.689606 0.253743
0.689945 0.589451
0.691703 0.0256022
0.693412 0.8825
0.693446 0.986752
0.693708 0.272231
0.693856 0.823779
0.695476 0.401468
0.696784 0.637641
0.697149 0.250408
0.697187 0.0382588
0.69762 0.823738
0.697958 0.246994
0.697987 0.0645566
0.69888 0.678629
0.699509 0.215024
0.699677 0.866165
0.700336 0.246803
0.700585 0.0354967
0.700649 0.214352
0.700846 0.44837
0.701161 0.156226
0.702387 0.440527
0.70302 0.129794
0.705157 0.00893849
0.705392 0.214871
0.705438 0.0997007
0.706437 0.584739
0.707773 0.623784
0.709101 0.0426767
0.709627 0.516094
0.709951 0.00525923
0.710183 0.184807
0.710241 0.263102
0.710598 0.145518
0.710993 0.19662
0.711095 0.731608
0.713646 0.663643
0.713911 0.0632989
0.714908 0.326348
0.715011 0.788399
0.715516 0.0957099
0.716136 0.32099
0.717754 0.671472
0.72172 0.0128715
0.721886 0.258218
0.723108 0.316251
0.723221 0.299556
0.723672 0.0146946
0.723955 0.976451
0.724002 0.548793
0.724334 0.43594
0.724445 0.542761
0.724709 0.00264803
0.725051 0.00508014
0.725223 0.944665
0.725439 0.0224022
0.727935 0.425796
0.728468 0.424796
0.728625 0.272015
0.728751 0.140616
0.729875 0.819677
0.730293 0.167525
0.730632 0.140227
0.731199 0.105042
0.731236 0.579303
0.731509 0.267674
0.731669 0.193424
0.731675 0.505421
0.732278 0.876638
0.732569 0.0202115
0.73265 0.367778
0.734178 0.513018
0.735176 0.139049
0.73518 0.584376
0.735642 0.615972
0.735851 0.164393
0.735999 0.424053
0.736417 0.178904
0.737876 0.238134
0.738677 0.576519
0.738923 0.234207
0.741277 0.223873
0.741419 0.509288
0.74145 0.871574
0.741839 0.213043
0.742242 0.261834
0.742685 0.609256
0.74314 0.0574914
0.745377 0.921343
0.745804 0.483988
0.748656 0.119116
0.749372 0.196657
0.749476 0.357867
0.749626 0.116921
0.750071 0.0339937
0.750268 0.261048
0.75109 0.37167
0.751249 0.917278
0.752802 0.175459
0.753279 0.377917
0.753356 0.133953
0.753599 0.67677
0.754134 0.00793748
0.757594 0.0118281
0.757842 0.0973135
0.758275 0.979545
0.758433 0.0823864
0.75853 0.559998
0.759162 0.964963
0.759514 0.46737
0.759741 0.316373
0.760155 0.724842
0.760762 0.0989912
0.762121 0.369898
0.762194 0.286627
0.762584 0.64802
0.762652 0.718127
0.762882 0.126364
0.764983 0.114183
0.765974 0.951181
0.766285 0.0385613
0.766742 0.673066
0.766909 0.647515
0.767155 0.0422728
0.768891 0.3585
0.77029 0.141368
0.771756 0.197433
0.77305 0.111894
0.77306 0.449651
0.774565 0.672816
0.775822 0.15973
0.776594 0.520498
0.777463 0.770109
0.777582 0.768414
0.777838 0.488627
0.778725 0.660213
0.779566 0.842362
0.780159 0.233918
0.78171 0.282611
0.782833 0.114104
0.782883 0.0965526
0.783177 0.892412
0.783849 0.150176
0.784326 0.147892
0.785413 0.0768569
0.785801 0.304657
0.786309 0.129209
0.787845 0.943737
0.787937 0.0995854
0.789198 0.264623
0.789319 0.977646
0.789398 0.19368
0.789737 0.253947
0.790194 0.123443
0.79096 0.0674139
0.791225 0.00901695
0.791574 0.222099
0.791912 0.299914
0.792604 0.0848345
0.793419 0.9583
0.793659 0.134482
0.794313 0.666955
0.794633 0.652142
0.795761 0.0637138
0.796347 0.987752
0.796866 0.99064
0.797587 0.0205237
0.798068 0.430123
0.798091 0.666407
0.798388 0.0268364
0.79977 0.0661299
0.800136 0.943586
0.801311 0.211208
0.801981 0.125781
0.802137 0.131857
0.80224 0.177711
0.80224 0.966162
0.803214 0.929257
0.803888 0.0762999
0.804256 0.635458
0.80446 0.177581
0.804571 0.00664247
0.804757 0.402606
0.80714 0.382002
0.807369 0.0153037
0.808017 0.202108
0.809647 0.643788
0.81064 0.162055
0.811602 0.303515
0.812633 0.0252966
0.812787 0.567697
0.814212 0.527713
0.815503 0.554105
0.815593 0.990539
0.815621 0.515339
0.815639 0.069614
0.818504 0.743042
0.819369 0.15796
0.819372 0.32965
0.819493 0.38029
0.81966 0.610252
0.820714 0.0521858
0.82098 0.458893
0.822066 0.513866
0.826466 0.101609
0.826507 0.147443
0.828665 0.103671
0.828798 0.344722
0.830246 0.634869
0.830355 0.63945
0.83106 0.05826
0.831852 0.208671
0.831918 0.719205
0.832121 0.181742
0.832277 0.17365
0.832875 0.553967
0.833397 0.292372
0.833495 0.567274
0.833539 0.044727
0.834115 0.0803201
0.8346 0.480794
0.834659 0.712584
0.835372 0.330229
0.835774 0.0618571
0.836673 0.266523
0.837415 0.0389644
0.839111 0.263854
0.839116 0.248072
0.839651 0.153518
0.83976 0.113273
0.83986 0.108299
0.84063 0.015424
0.840661 0.119626
0.840867 0.23607
0.841663 0.0100749
0.842921 0.293622
0.844021 0.147825
0.844452 0.692669
0.844665 0.958869
0.845447 0.424066
0.845512 0.566825
0.84607 0.258779
0.847138 0.256295
0.847532 0.012448
0.848524 0.190128
0.850041 0.406239
0.850592 0.560618
0.851964 0.535758
0.85265 0.108248
0.853151 0.439643
0.853855 0.675868
0.853973 0.653664
0.854917 0.136063
0.855002 0.671127
0.855061 0.124536
0.855328 0.510422
0.857873 0.609797
0.858563 0.474943
0.858932 0.60915
0.859762 0.124025
0.860757 0.244493
0.861138 0.453775
0.861367 0.193475
0.862438 0.314421
0.862534 0.12966
0.863511 0.637729
0.864393 0.269557
0.866671 0.429394
0.866776 0.263435
0.867755 0.289025
0.868399 0.451787
0.868441 0.318503
0.869012 0.861933
0.870581 0.905043
0.870744 0.633548
0.871093 0.0611672
0.871517 0.384315
0.872184 0.0819631
0.872273 0.501888
0.872577 0.289541
0.873044 0.198394
0.873158 0.365741
0.873849 0.447741
0.874436 0.478336
0.875391 0.229924
0.877465 0.98717
0.879304 0.566593
0.879375 0.845444
0.880141 0.394869
0.880229 0.431575
0.880276 0.825098
0.881142 0.610689
0.88121 0.44529
0.883063 0.359199
0.884328 0.405394
0.884441 0.54021
0.884691 0.232188
0.884874 0.00242835
0.885357 0.650109
0.885403 0.192624
0.885641 0.634207
0.885974 0.172745
0.886719 0.45089
0.886886 0.368764
0.888021 0.133084
0.888773 0.444118
0.890067 0.986123
0.890688 0.15185
0.890709 0.66905
0.890753 0.0547277
0.890757 0.0145131
0.891097 0.438147
0.891718 0.818632
0.892451 0.793481
0.892967 0.18766
0.893508 0.523361
0.894409 0.163566
0.895062 0.634421
0.895258 0.881852
0.895353 0.659566
0.89554 0.489068
0.896098 0.680031
0.896653 0.0452525
0.897386 0.388866
0.897557 0.0105205
0.897753 0.314519
0.897948 0.875085
0.89931 0.601959
0.899511 0.648701
0.900026 0.361426
0.900628 0.431007
0.901821 0.141202
0.90287 0.0151558
0.903505 0.131962
0.904122 0.633014
0.904452 0.430477
0.904498 0.159545
0.905282 0.151406
0.905871 0.276757
0.905967 0.461585
0.906242 0.129312
0.907111 0.148843
0.908448 0.621496
0.908674 0.622934
0.908824 0.816417
0.909013 0.551077
0.909491 0.375045
0.909874 0.529112
0.910038 0.587257
0.910559 0.479696
0.910637 0.972308
0.910665 0.453884
0.910859 0.67311
0.910957 0.337754
0.911164 0.612841
0.911357 0.35137
0.911539 0.670231
0.912358 0.342162
0.913365 0.32723
0.913987 0.704187
0.914301 0.0573279
0.914351 0.385086
0.91518 0.441746
0.915407 0.517644
0.915797 0.659457
0.916054 0.186051
0.916252 0.586481
0.916483 0.420007
0.917693 0.175302
0.918167 0.142857
0.918405 0.571738
0.918805 0.282215
0.919163 0.176326
0.919522 0.0488457
0.920598 0.169883
0.921313 0.464785
0.921488 0.237183
0.922266 0.197568
0.922411 0.61547
0.922589 0.380256
0.922843 0.179546
0.923124 0.311055
0.923593 0.436861
0.923645 0.133211
0.925542 0.19069
0.926504 0.380556
0.92676 0.187498
0.92694 0.747753
0.927063 0.083137
0.927864 0.0839454
0.927872 0.693667
0.928143 0.196129
0.928357 0.736547
0.928723 0.309766
0.930117 0.270218
0.931977 0.091859
0.932899 0.583362
0.933166 0.402611
0.933734 0.0342114
0.93392 0.26816
0.933984 0.145454
0.934031 0.260858
0.934534 0.0977093
0.935045 0.0475254
0.935131 0.731059
0.935407 0.693068
0.935754 0.303531
0.936294 0.580294
0.936529 0.239267
0.937287 0.300697
0.937452 0.477166
0.93762 0.399204
0.938139 0.657903
0.938295 0.41609
0.938505 0.762583
0.939108 0.17555
0.939272 0.438337
0.940169 0.159925
0.940189 0.0495013
0.940192 0.749183
0.941009 0.137583
0.941047 0.633289
0.941668 0.479581
0.942 0.431861
0.942074 0.722419
0.942738 0.609306
0.94295 0.692954
0.943016 0.226833
0.9431 0.711177
0.943154 0.244384
0.943421 0.867923
0.943869 0.453448
0.944151 0.0360766
0.944632 0.169938
0.94541 0.0887655
0.945673 0.00249916
0.94591 0.804801
0.946696 0.10729
0.947294 0.0410707
0.947498 0.598094
0.947676 0.354698
0.947844 0.79959
0.947896 0.148316
0.948121 0.257448
0.949228 0.545516
0.950804 0.384547
0.950916 0.85099
0.951023 0.395892
0.95184 0.0654857
0.953793 0.446622
0.953844 0.0772227
0.953917 0.132187
0.954543 0.227627
0.954637 0.409318
0.954951 0.821775
0.955122 0.047501
0.955455 0.819217
0.955757 0.578735
0.95581 0.0899184
0.956782 0.253681
0.957114 0.966898
0.957278 0.146628
0.95744 0.748669
0.957762 0.744973
0.95791 0.114326
0.957938 0.203087
0.95851 0.574553
0.959216 0.0995026
0.961541 0.357637
0.962762 0.328408
0.963356 0.492812
0.963452 0.121915
0.963527 0.00611897
0.963581 0.0249255
0.964247 0.633841
0.964533 0.267614
0.964765 0.0435358
0.965201 0.24809
0.96533 0.987753
0.965675 0.466897
0.965702 0.187721
0.96683 0.0357625
0.96699 0.00760753
0.968041 0.507684
0.968065 0.432999
0.968483 0.132297
0.968695 0.460369
0.968764 0.633824
0.968909 0.138167
0.968977 0.131203
0.969373 0.412302
0.969922 0.0579775
0.97103 0.0721174
0.971259 0.500128
0.972274 0.388021
0.972697 0.330163
0.973512 0.692161
0.973956 0.150524
0.975368 0.369974
0.976204 0.359036
0.976948 0.567595
0.977352 0.199705
0.977565 0.783351
0.978084 0.68702
0.978436 0.431908
0.97867 0.464875
0.97959 0.983905
0.979843 0.816261
0.98021 0.527279
0.980866 0.342076
0.981558 0.524763
0.981745 0.559687
0.981833 0.375863
0.984145 0.0244223
0.984171 0.266348
0.985349 0.536441
0.985658 0.461507
0.985829 0.659924
0.98621 0.25672
0.987103 0.203612
0.987874 0.304739
0.987957 0.012101
0.988781 0.154805
0.989358 0.700697
0.990816 0.0374693
0.991365 0.255907
0.991495 0.589824
0.991495 0.586196
0.99238 0.517163
0.99295 0.0224351
0.992986 0.319218
0.993433 0.79865
0.994218 0.560745
0.994346 0.138116
0.995429 0.29058
0.995719 0.306421
0.995952 0.661203
0.996343 0.511669
0.996844 0.232322
0.997436 0.817774
0.99758 0.822648
0.998566 0.147822
0.998582 0.78828
0.99881 0.20235
0.998866 0.43024
0.998936 0.186342
0.999877 0.526551
