0.4139388218887671 0.1655983100800241
0.3798760444013405 0.4856342509319642
0.6192489790774212 0.3396584333385169
0.7723587231538275 0.3026228897196173
0.8669824660188727 0.5577885330121133
0.3573852233309963 0.4701275833024284
0.8625778289646319 0.3909813734101336
0.5203087152483025 0.2529240949571424
0.7407748444401354 0.389105152876326
0.4167278992882332 0.6844133192280714
0.6346767478267074 0.3511690979527327
0.4353615418903872 0.3655372405761076
0.2466320254214051 0.43981337955082
0.3187463119322357 0.6632224334176655
0.5571266184833752 0.1020100889359141
0.5832725869544511 0.3400992397802068
0.4977620464024297 0.3935740320999738
0.4778894418790922 0.7929538843143624
0.05062249491236548 0.4545700553966351
0.1158328488757695 0.5097338489671357
0.4880979348102382 0.7068965517363677
0.6613046988164049 0.6239252279617281
0.2502812361099197 0.4978840484689333
0.5002466693227791 0.4982396921962247
0.7003283447397116 0.2957305918849782
0.9431642658142249 0.4524198383521246
0.502756710163047 0.9291817700673736
0.5317549413984544 0.3881853308213523
0.8937836628190836 0.4976179512396719
0.906148345906874 0.577906971427221
0.1989981284270157 0.4119075456993762
0.6906551183557111 0.6590148887654138
0.4393173593383043 0.6270178618946963
0.606562466428487 0.7545529267157169
0.5235584079340116 0.8838439545183746
0.3178264793656673 0.6532790084401247
0.5941674817956195 0.5867096577255471
0.5262224991701892 0.5407595553842738
0.3200543764360717 0.3805547981193494
0.3684303667262748 0.503046603249743
0.3675775819207859 0.5211684210511
0.3139104497686559 0.5835689323992307
0.6341998761464376 0.6183247191023282
0.4751254816280365 0.9233145668793739
0.7915578157862434 0.6335660536690351
0.7001884677734984 0.3150691934205521
0.7135113931250415 0.5700502912948284
0.5702735289266452 0.3868767257587373
0.551924026831882 0.08448176298394539
0.4594345411834881 0.8977244873301705
0.547020990842864 0.5717474746468102
0.2776610030217218 0.3322871091124217
0.1450936336456906 0.6279486766102892
0.5731938954733905 0.1482629301125677
0.6075556940013737 0.5985334366793307
0.4914687126351254 0.9571660565092727
0.7316605446823156 0.2748824758936274
0.8471734147655481 0.5194645265356646
0.6301836254383663 0.7742973659503959
0.2641606395713725 0.5831047574654167
0.3048688834886495 0.4540477950088349
0.4256629732058839 0.7413345759340083
0.8816252991415323 0.5655914770672771
0.4060137129340111 0.4337669758073692
0.6515311574605456 0.8121937049419997
0.6802435423932702 0.5170296949562182
0.4494155886197375 0.8918589033238304
0.4220168550508111 0.6537022383902952
0.7452657713446438 0.6549316428437497
0.3900712394527109 0.2938008035695794
0.2147010400636862 0.6579305915074543
0.7334919053465133 0.2719300284659901
0.4410767034404102 0.7758072083694432
0.3816217305645405 0.5051848741658602
0.4584321057205687 0.7243517079359242
0.3812286486078944 0.8806298944070644
0.7260231712540078 0.6702565329161962
0.6255746410405745 0.7626091544868069
0.174518284173012 0.4217958094280071
0.5123210959473227 0.2390825845325411
0.5147980209797149 0.01577776963431943
0.6692516392541946 0.6387693706200224
0.6842514623778257 0.655473085352768
0.6836019075519109 0.5939328348901093
0.359806187814724 0.588825762268269
0.3889171181719284 0.6850282066502328
0.3831886024342965 0.2928025327339621
0.7194165114252729 0.2326401600274722
0.5399005747336103 0.8853723768113393
0.4661424485917569 0.3483272465674301
0.2472158781005777 0.3179336662424739
0.4311664716886949 0.6572969784058674
0.454841567502865 0.242387995647534
0.108753548344786 0.5062961456198685
0.7617118419681989 0.4865732388549141
0.3540618659998771 0.5153337037933815
0.5670237655269972 0.1684985698756671
0.8344268045991566 0.3472559359089439
0.3013069331949522 0.6630432833490002
0.6397758957367422 0.3806890621167252
0.6208173830672983 0.634918914405428
0.4179800586235953 0.8339473835192852
0.7702432796905256 0.6282468233476981
0.3657075997048429 0.1745780778399383
0.4302688159594272 0.9162620897936827
0.5549720444409638 0.4167013103635756
0.6371514497988927 0.612421930809684
0.6528454307550103 0.170231664194293
0.667051307128063 0.6943389924626977
0.5401398674787532 0.4851108707917779
0.7655962649143528 0.5742720357624675
0.2445777906121209 0.5189999934577495
0.2633604011383699 0.4505837549012043
0.09465837142354827 0.4696764843312105
0.511332988218172 0.7190558196180997
0.4071744567765175 0.4937388449353819
0.2821735516928672 0.7092198344985452
0.2362922691829958 0.2819483639427056
0.5059689218787935 0.05213225043546954
0.3376516473096935 0.513991227938144
0.3911680817998316 0.5458244730029678
0.673637463345933 0.4356704883417908
0.37024121281526 0.3548560862491467
0.2600794115007438 0.5833637697855181
0.7453990060068166 0.5214714429148903
0.4882989036038955 0.8945792913634674
0.4753864731642896 0.1462453509398733
0.729717387228944 0.5013189265366382
0.2914367637018436 0.6924333885270191
0.3370712348717105 0.603049205700881
0.3350367400671999 0.2829214672331553
0.3346699817784645 0.8333701896674643
0.3413082826543503 0.5459040119607954
0.4311449165653013 0.7741744756582688
0.3762778041141098 0.81754769045189
0.708844997798225 0.4811655582625095
0.6094668873381616 0.1463276274139915
0.6969984862005468 0.5068585975936486
0.3189292639634621 0.7093820289213941
0.4157930955559834 0.3254067308668902
0.4197801420901179 0.3969474330141052
0.3580891027834521 0.268529885122762
0.8440706195563015 0.4853462149611246
0.5319638389201923 0.2599142784372638
0.5569217265392482 0.1347807296608856
0.1886370932208901 0.5081972742819804
0.2613292715900762 0.5530457519037637
0.5886952583920815 0.4316860278992851
0.1562721971481262 0.4414667979263798
0.4307984886466616 0.1997199306656976
0.6175527142788422 0.1751951348751367
0.5350474536975105 0.225921930014309
0.5945669810888294 0.5939729811883251
0.3746976449567448 0.1753953673994669
0.8185491227897778 0.6222426261348376
0.4417462220271102 0.4690876659711258
0.3288256555288149 0.5013080462867593
0.3965262269346886 0.3121243102679803
0.4680540978180702 0.2936745490296325
0.4773948030682289 0.9371417782454319
0.4509210355992511 0.7662959470937724
0.9056835807585532 0.5739626654805463
0.5514233534205727 0.4062241265939212
0.589319982810781 0.5933460234411763
0.2965936215872007 0.5275791082425629
0.3656428126294536 0.2681962720006668
0.4954995968235152 0.819073513909762
0.5054237573936144 0.7826391332487642
0.2158968801969896 0.4841775634366079
0.5239042510444704 0.3711387963386582
0.631792627789698 0.5616492628720894
0.3741222249206456 0.2792222703639449
0.8791951402635965 0.5244744207814896
0.3744700366294682 0.7756144234453302
0.3539452547417137 0.7662355195512675
0.6972084450289355 0.6956811480943482
0.2653159538433983 0.5841319606182828
0.6183692273124265 0.6298330130723578
0.5767366049240279 0.7685046348459659
0.5593941337005478 0.5813580229984916
0.6066644918901026 0.5733879489089122
0.3054664915754272 0.3458317477565941
0.4764144618702792 0.5084598754936892
0.2994763429725716 0.3045701026936167
0.4967752788561881 0.3667208633512006
0.9524723448076331 0.4849008446807395
0.4586245941658694 0.7733841928789891
0.5141135342700595 0.5734828925226045
0.261465598845673 0.3450039887086596
0.4448434892879053 0.3637217421288702
0.3990918370417137 0.1872444239642463
0.2581817675174477 0.2687882208874792
0.3016685711336001 0.4238136234283597
0.7630967897538252 0.6070478785623727
0.6179643452380057 0.7429106170408962
0.5500104959767417 0.7422764434075019
0.5591173018683939 0.4380887470141507
0.7838433420399932 0.6510339134087663
0.4421248619195134 0.3584677395451384
0.6941899468213918 0.7568864405754916
0.1692102605553755 0.4023918573409475
0.4589150018442196 0.076122300114703
0.3727634272995248 0.4928653367831171
0.3496900610245585 0.3631742051145274
0.5203316288211645 0.4248422422489725
0.225485975664915 0.468383475649811
0.6430642555875405 0.2848699622756132
0.3346308623508284 0.4920214290192171
0.8988740038726869 0.4210695145905918
0.651024330167384 0.5775890895021042
0.5456402453219992 0.5529471965571742
0.3753589323968154 0.8468719197455161
0.3745079185461851 0.2027519722738597
0.4714941675450198 0.6448031136001522
0.6045000601946019 0.1453697848589154
0.4378425933979668 0.2351027740048475
0.6246488753548733 0.3122608689961542
0.1752889097621196 0.547792135615001
0.4864083214508634 0.3544328887745538
0.6383892980885064 0.4398144869024012
0.8612767543815223 0.6193522730880654
0.318934657044699 0.2684010689176951
0.3841636829617338 0.3577623445958684
0.06475785264098033 0.5390582961488586
0.2409939966417359 0.3211130187839225
0.8700231162496707 0.6070749504227662
0.3375333230280234 0.4357947793958883
0.8021485630019977 0.600410586868666
0.60689424369934 0.7600553695445966
0.3928064029448165 0.8544804721060858
0.8406622859904589 0.3530944152480163
0.08166977497604366 0.4318144126255772
0.2484056215376891 0.4400790283557104
0.4275235841716613 0.4614789177848695
0.7297663521631073 0.4530774185423752
0.5100158116474033 0.4452288968983517
0.3142960984039272 0.4115662513751226
0.516500647850772 0.7382020914737366
0.7010247254957331 0.4928312917672463
0.4459809373457027 0.8221154286715001
0.7626394995382797 0.6634872085636119
0.3730643975422011 0.1491469116025469
0.1535970781217711 0.618314302625236
0.611135415682162 0.7083981522821413
0.6349162070955794 0.2648201666205557
0.3022086692863938 0.5483776661937042
0.584750555359819 0.7771506277179047
0.5184873887042624 0.5965811741572024
0.7664243604864704 0.4920691688569784
0.3158113593364407 0.2965683020256177
0.8427204333086111 0.443720400147039
0.5326994327088034 0.06592511244385146
0.8158451739671216 0.6501119239165309
0.3116593255499075 0.6724909574742891
0.5701197311188783 0.3057739168959526
0.3352394043287207 0.3763389886907906
0.5640890137220673 0.2484571857355762
0.3182916491438885 0.4606709744172942
0.7608802689778035 0.5865510924372054
0.3323322307455376 0.7128174860254786
0.1829143130446014 0.6698428678845858
0.6624918537945504 0.2911710388944686
0.77745597816354 0.7203322215699796
0.3734662629232295 0.5141812042206094
0.4749338284754294 0.5889297821943488
0.698001766921198 0.5410211167484148
0.5946470513422091 0.6798828538697976
0.5086904825407466 0.09516659848622322
0.5340457471655731 0.2217329923759317
0.8508775575563339 0.594926045833926
0.3720904549320664 0.5180224980582117
0.3315420356436178 0.4112447065239002
0.4640908028600491 0.3579138205645391
0.09001676689998483 0.4849527347386841
0.7564770381747441 0.476374459928956
0.3113289584666455 0.4248187152859453
0.532021115674895 0.08146276326149504
0.4134656062028985 0.1665814663595395
0.3210501280604833 0.2600380794878286
0.5740414089441481 0.2611326756561653
0.4487972720944563 0.1751113369931263
0.7132381309672366 0.670736802791235
0.717826808062463 0.6197548119437983
0.3091687374196844 0.2940881417634063
0.6407750794037904 0.4152234579033706
0.03777711842404219 0.4853968112864226
0.5937805005133071 0.3855992864307337
0.7150027654005584 0.6436897263015731
0.2428293343119307 0.4695015290025646
0.7963942042237727 0.6139260886060462
0.6244828060172658 0.4154862263348734
0.8000649880712934 0.673277186777766
0.9129176195676277 0.439792200816253
0.4014076785921998 0.706370169097174
0.5499258834223314 0.1544435845045511
0.6463094728381616 0.4941195585062973
0.4144632629230425 0.8596960312676856
0.2005788145753807 0.3181229638106182
0.4123826210827829 0.8975621947463647
0.6466363849996736 0.7292553195200743
0.7085348531543314 0.77124013911121
0.1601583444567096 0.465782456426054
0.4256003771365343 0.1103034131717338
0.4662840232516609 0.0715679389314694
0.5782151998497129 0.8697306787861049
0.4555828898053331 0.8275922752283371
0.4714559868874656 0.9100658625553404
0.3465825312546094 0.4408461524950622
0.403344392071243 0.6973779772666194
0.5794908785708092 0.8820041490453943
0.4129960144585506 0.2357461093521923
0.6183618197830008 0.4493705461266463
0.3665453160739133 0.3782551216471577
0.6307034192998829 0.4863068462351902
0.9335199363235824 0.5659161523961708
0.1181114151504178 0.574961344598516
0.469037561384369 0.8028437712426684
0.5606058992311133 0.1951791248602438
0.4782471639697834 0.586469603061502
0.3305580630580279 0.6265031654928742
0.5292968128345216 0.6397485232197908
0.4054358973626825 0.3510551371883737
0.4666048392533244 0.07581227921666533
0.260767972980704 0.2753314751748899
0.9349204702831435 0.4548474654168564
0.6896856917429028 0.2468553597291022
0.3526914260714947 0.8523519522250187
0.3496697198286646 0.6970204830900694
0.8993843197628093 0.5078610081037247
0.6777742440238986 0.8211252244412418
0.6180477729180772 0.8457905323425391
0.3563856716539817 0.2694186481508023
0.5907645510071482 0.8340504893443118
0.4367417471764504 0.5694139551284759
0.7149773840746546 0.3818213596504419
0.7611227933378103 0.5404127661365953
0.2328442242113367 0.3596528715341092
0.6832688640492172 0.5334843255901199
0.8107266985529927 0.5076419540569743
0.214302153170693 0.3593945427500262
0.4794061819513169 0.3087898829466892
0.5181030329891853 0.3847579735541392
0.826647559694733 0.3719869938979126
0.1784258677422473 0.5055898593162355
0.9459089407184438 0.4991265457974347
0.2562232784360564 0.5727774220819131
0.6210467591682695 0.2810783367521169
0.8199125973198353 0.4833649760078986
0.5823824990092662 0.4818215783303521
0.4193719928040373 0.5020312641387207
0.5156328195766077 0.6024681921267463
0.4257606679167005 0.7683907664027632
0.7764870934467372 0.4834060009247233
0.4446209839286016 0.3547515250541524
0.4792657741500315 0.5630932519651141
0.5360440149677601 0.3601882513749477
0.2302411998601083 0.288046562348803
0.5307599390506608 0.4016909738419228
0.4400219137814938 0.8962197054596187
0.5691499503875536 0.5158132508529832
0.3386309139795556 0.5584922532404155
0.5766472347663965 0.2289304267167154
0.3001620399634545 0.72404708492151
0.6109696797127109 0.4047549461255118
0.5213905254952039 0.3813289943466694
0.336966022935685 0.271177931693461
0.5256714363560206 0.07487556306252563
0.4671898834404115 0.3760076426919915
0.5055425575255884 0.7769464311636922
0.4879445199911396 0.8830359181189377
0.6233211424771168 0.5683828668545517
0.64825012341555 0.3176560172913248
0.6135293076594106 0.2677708058545925
0.293370465737846 0.3741419781362768
0.5008161867554348 0.6905871438936434
0.5784111291473498 0.6839257839553957
0.1500244286456524 0.5124145351954743
0.5792458687686812 0.2596123658017296
0.6215110091148507 0.7450922345907857
0.8413284029645964 0.3608807996035405
0.6337170929029325 0.3522082683521985
0.6663080506189071 0.4384197795052162
0.6792522485576022 0.7015452050838052
0.361032530749871 0.5295447712313676
0.6865164108964819 0.7988454398919687
0.2082457720692817 0.2944269477074192
0.5296896274555559 0.7478181500322986
0.5665687890446419 0.5136728466783168
0.1263695342553776 0.4931420539384457
0.3487842136555571 0.6770148713471364
0.5797057439805975 0.1304922388873894
0.5720194568198363 0.3194121522544913
0.2479822128954839 0.5545691191060037
0.6126257457058736 0.8799605993905082
0.5330693720023991 0.4816262070446438
0.6894318845254718 0.8011064159565288
0.07728563905192631 0.4807016162958924
0.5550202484955752 0.1736330201252623
0.4063184143301893 0.3330056998267593
0.6138344628140353 0.8479179751952725
0.4289165771195141 0.2019202182668438
0.9280895681455027 0.5099107490918309
0.3221439252703148 0.8013159684989488
0.7369676150682395 0.3584086509304218
0.8499257839990405 0.4546091984729576
0.7631652447440384 0.4871147224308124
0.757310329144295 0.4375639131264435
0.5788593048242551 0.6924902395956622
0.2340297688240297 0.7276561128032016
0.7907794022872856 0.503801489149461
0.8344143260375351 0.5666256782295698
0.7183692910898467 0.2601034969671769
0.4225110664290764 0.4527275055100777
0.5128640330097411 0.958849682754893
0.515798157128266 0.2307831995284495
0.4740164408909141 0.3080973362377112
0.4695785195907833 0.04588758296451667
0.7420948527510605 0.678228615804055
0.06763944881288197 0.5096692548870949
0.6523190810459754 0.4078481012223367
0.6573598447970547 0.3653780209098269
0.2294701272645265 0.663225568050801
0.3201717785152337 0.2819593892754552
0.4376351571388628 0.8159665867445495
0.4827883457106503 0.4338488656704935
0.5931514493256996 0.3714711502765959
0.5791352365807869 0.8459222942932447
0.724675002878153 0.4466226921553049
0.8637010937668409 0.4690504823259269
0.3513690321123534 0.7194493524175256
0.6816651924487125 0.7482923805989014
0.3483743566066532 0.2204312643048991
0.1595632360590293 0.4717040691254982
0.5754872412608518 0.1057730719103505
0.275596313133211 0.6169906553408826
0.3148844330766545 0.5517359953274462
0.7651353264692852 0.5574038469935262
0.5495771196839782 0.9480937585011974
0.405409816019366 0.7201751472935386
0.7042662131607154 0.4729278561498585
0.5750764361793143 0.3132490320358818
0.5397914354657173 0.2394116608939848
0.5913828543188929 0.4177609886835881
0.302947391490903 0.6734686449130888
0.4749476915459845 0.7589724040277565
0.4986293227261652 0.3430189603729611
0.6000301015762748 0.7682505807043292
0.5184847011808575 0.4471275585302347
0.7356236073946195 0.7141279105263679
0.4804452955278947 0.3492433175059803
0.3474243209687412 0.2125614537423599
0.5603346401358544 0.4950257760872162
0.3696621529953826 0.4785504572016449
0.8621549683286658 0.4213678878031946
0.6513284806755791 0.2727235388173083
0.55208547503033 0.06315956048360738
0.7197005580983662 0.7493518787477477
0.2743420042404981 0.3654494134473448
0.4859079087482776 0.4550824661439261
0.598142568638604 0.463383673557809
0.3583516545071852 0.4556683726746567
0.6881255104946057 0.7516287817302687
0.9290939436059674 0.5381977200202952
0.664662850366192 0.6703424092734854
0.4461985004916741 0.9101195353414195
0.5949062812091499 0.4678785912847138
0.2130747396902924 0.5777622150856474
0.1273906291598298 0.6132755456974892
0.247207859162435 0.4707458458164505
0.2930730651683682 0.2900607750698854
0.2668925573711577 0.5377870370345728
0.6463836552056184 0.5411133977097023
0.5413481599512893 0.6356446599406549
0.3934504324114815 0.399858203249471
0.4835840417888855 0.6364404560806464
0.6731846390737337 0.5917426882616246
0.6003745561494255 0.5658334220128041
0.7538686537713474 0.6356134418049553
0.1800476163987139 0.5418987871428731
0.7061776426115408 0.6102754218247409
0.2616330630124071 0.4155090396545531
0.7569287986740754 0.5609861108545134
0.5551829508785371 0.6101751958851847
0.06488882030982923 0.4506334828439009
0.2691639586879025 0.6726429317395906
0.3712948983862958 0.151974108386202
0.3512199753139548 0.8113125512155699
0.3240572934765867 0.6671891918592286
0.2445588676288653 0.71392906450467
0.216305830863205 0.6401872723928043
0.5622979596565554 0.8312214928401617
0.627045463088992 0.4928019884375716
0.4578170624346621 0.3419918331862223
0.9124039677920966 0.5074763634763441
0.7824260665543619 0.3763638559087736
0.5881156478238276 0.8656208782051968
0.5291371941108468 0.7992069438120765
0.4675141352643386 0.2358472312173288
0.4031294124931882 0.2085112042346648
0.631901214167732 0.8667171126348967
0.3495257906232966 0.397074890426334
0.5844977991418844 0.552242334984979
0.3578156171012628 0.5031569142553197
0.6783866235208357 0.7420685167056487
0.4122941099042715 0.4918911435874461
0.359580107137601 0.4556057763695219
0.5676641056177307 0.7566947071286046
0.5845068480695216 0.7417348668143071
0.453049041718122 0.6687443268168259
0.1949022001085785 0.5669520784251586
0.7178934927659671 0.2600952655449214
0.5140776290278858 0.4929362285826965
0.3750873369221328 0.3532695093674343
0.4796123604146728 0.8469865719880318
0.2019996542095619 0.5206774779004821
0.3615499652512917 0.6358755470351325
0.2920553741224059 0.7639446994411782
0.2029707078268369 0.4241743250484592
0.53471131863258 0.2545330102030391
0.5595425414753923 0.8949574755414226
0.5204123315286692 0.2692970223651961
0.6480580849991182 0.2748147965740648
0.5955216321106813 0.417462373844862
0.3380076204107864 0.8312503636513267
0.4349108517325034 0.2507595907193426
0.5734292308033047 0.5907606709873777
0.6688692645909465 0.246580862654712
0.5201544095025381 0.8339029557909057
0.1302193540894797 0.3733267320533612
0.5157355948086247 0.55457018120035
0.7013872781585515 0.2785813048935527
0.4940160642786438 0.1561642001140346
0.7198515181022311 0.2449939693230533
0.7589616046786138 0.6562731037836348
0.5862450915156766 0.492697735794679
0.3445053289117608 0.6420549557808353
0.5060379051388247 0.01985916897576434
0.4199318525206244 0.7633710393980827
0.1066059949433639 0.5284696998296469
0.5295016698207891 0.5173292080984211
0.3859263737607885 0.7160003304659055
0.3101095698999145 0.4874270158630627
0.5851453296781403 0.7664280864621943
0.1430618004128135 0.4974244609263959
0.5531902476912889 0.8432318759194793
0.1725983000312734 0.6037520772568015
0.4602110998932396 0.3332117514638354
0.5014821613729739 0.6775580581912054
0.6176722906133449 0.7495732864456411
0.2459431981236395 0.6631624602897215
0.7856785082389047 0.5129127342930022
0.4318846094279808 0.4790983067233235
0.4776075237043245 0.1421485832404108
0.4321896467761024 0.3927264782860297
0.6263432880849793 0.1359584122869029
0.6158133398589577 0.2486583703449288
0.8278362868780204 0.5091725719422145
0.7366071437078837 0.2492577567434971
0.3437133538081916 0.6198077602031552
0.4398794534397593 0.9305436798180593
0.6206993265809081 0.4710702401446422
0.4095644481747235 0.1746231994335303
0.7881798954025234 0.6250322859133204
0.6612897136733865 0.7883673112306064
0.8087880672103466 0.383764152813762
0.6824262198359156 0.5163875199937014
0.5237339974466655 0.1855015861163883
0.6207674860837852 0.6452640716029854
0.5481446801011671 0.1966813028736739
0.2036014398251069 0.4293301149726575
0.5447640587545667 0.1779194279941405
0.3863035130377235 0.8659563586486299
0.2342569632801627 0.4160713123237033
0.6834008211959491 0.3807586969842526
0.6101181189458454 0.3254316202841185
0.8115716889876228 0.5913953201744928
0.4194753488843851 0.3357461848919062
0.2924970553864366 0.2081524275242383
0.5336139529369959 0.3854148400862903
0.6034387513094588 0.3533832976363609
0.6206480293642381 0.2833260666728675
0.2192996882056466 0.6616498067193172
0.4281233686245768 0.3633506883304558
0.2004051479184984 0.4789497111134228
0.4562050168321823 0.3338790024958329
0.6471384140266555 0.6564212557565573
0.5528992133264411 0.6309265736991734
0.7114114611542749 0.7822455226179124
0.5548777602844167 0.13611618864331
0.1571094411387907 0.6419018432696552
0.8773552838129426 0.4222557862732084
0.5260481477512018 0.06693037954301051
0.2458324713836942 0.5247469047610597
0.2075193230450653 0.4884985839295661
0.4885164933494613 0.2654522135022507
0.4921323032165137 0.4467633532123588
0.3975546018885513 0.1039833203427472
0.5105478598317708 0.8983244304739424
0.7124332238409854 0.4186268634354305
0.6816738198748166 0.2439352331404468
0.3561813893237887 0.2800207256911073
0.3676990812970364 0.6688456801867457
0.6914959138850925 0.7199007349622223
0.1885280097677969 0.6326522217534577
0.3250500894672551 0.7943037713969444
0.5952355260430082 0.5773304047808163
0.4074213767998948 0.4184623196776138
0.6756134240867675 0.7096624986444705
0.4413058280484756 0.3494898693266197
0.566525902254774 0.2614353068934798
0.3004005032378405 0.7510227460667576
0.183655094397371 0.5620616129030124
0.6920035693709347 0.4636035807252631
0.7738693730989118 0.5421252269735439
0.2959858851949158 0.2130305712954536
0.4767889865516201 0.8596925666276801
0.1322326040463196 0.6063984005887636
0.7319314043921802 0.6842906243222973
0.5114158404168146 0.2044664349680979
0.3605922136633835 0.6862712245190664
0.7386649943884773 0.2661497643337806
0.3055929481316505 0.5860196313515088
0.5625965221574161 0.890471496656962
0.7645111483458544 0.4874074465571462
0.5168940859735007 0.2194015059392332
0.5396885499184029 0.055303225362067
0.3613206684972625 0.151949434050931
0.2638178802846308 0.6557676828901788
0.4566402489353183 0.172011279307854
0.760731935660604 0.2895113478188248
0.5309168019108647 0.7410799690450307
0.4943727061540359 0.2660781361002508
0.2871058096018436 0.5129524989818048
0.5327721171816663 0.8793521813796935
0.7289529782214818 0.6542539274862009
0.7290959543658996 0.624578490642913
0.9228070681944816 0.5045860769692411
0.3420859598681979 0.5091007895708193
0.377388788687212 0.4302351762528178
0.4709146966876988 0.1559591377982772
0.4187774611147459 0.6244263628623943
0.9113333209585405 0.5267132463009794
0.3596011768554112 0.7394135851054271
0.8821118306544075 0.4154534412161011
0.2264744859885321 0.4093292840827623
0.3978812260696912 0.1550808183215695
0.834354884303751 0.5559331192968576
0.6404254855513103 0.767427782412802
0.7396255739486891 0.6606813985669212
0.5568695545315011 0.5209747621104135
0.4329392029183236 0.4135317221060957
0.2875551664735118 0.4746968136339702
0.6114860349985649 0.3684347544606801
0.830341185477817 0.5543416205362457
0.5727943823772225 0.4621490000290009
0.5102866447118449 0.5258052596800624
0.29261491428732 0.5864681627143294
0.6267188157025105 0.1934730540764853
0.6499106281804339 0.2027888710048747
0.7001188179438872 0.3705500241537634
0.3411131986926942 0.3750124008621241
0.256360999037179 0.652578786301035
0.2739973127075478 0.3985152852501276
0.3814826831311611 0.1496721945432083
0.7400944472887925 0.2439572558952667
0.1051755097196531 0.509015220823066
0.6862058556378844 0.3777365613718494
0.393332837472897 0.3612620701652473
0.3470058006836314 0.541350429598071
0.3341632472678244 0.6985899031494668
0.6017380775951529 0.836725322953494
0.5897113122412339 0.7433501337582635
0.7922876469788783 0.4216178042344308
0.1974004450928248 0.6153744560031108
0.5390444573720947 0.2912274841578002
0.5036730918801107 0.1550525522492225
0.3183236626239063 0.3492933013347915
0.6802404759477189 0.3445711257089515
0.3664694719728173 0.5924156991019598
0.8673078164829802 0.6184125114343301
0.7972396476201385 0.5390421614012877
0.4993282348575571 0.507669252863239
0.6108636926462141 0.4706548333963763
0.8666287331644651 0.5076776727801772
0.2839815126842578 0.4042061840044042
0.4757972570796857 0.500359126829651
0.7563246087368799 0.5455210956245542
0.2994302116114697 0.4974153951095676
0.4106373489045393 0.728516304702003
0.7328532710079323 0.3914818295067426
0.4273965439634618 0.6121504775898018
0.8863249119575013 0.5657691597685952
0.3699356189041924 0.5312312092440817
0.4875038707216697 0.06417738541514961
0.2492356614497763 0.5201204596075516
0.4240329094942383 0.1454610723190451
0.3781487232257986 0.1521811756442413
0.6849590829726258 0.3671388347306721
0.5977402093739986 0.5983319398885352
0.8220332413311496 0.5279745803072068
0.8254019360037289 0.5077289406118208
0.7959585567337317 0.5556081904416837
0.724409846644199 0.3805013683333311
0.5934316725422024 0.7991491697298266
0.6167655599293984 0.2268081252427979
0.1589872627172323 0.5968252787033547
0.1327641289695192 0.4695165511876307
0.1789962140521092 0.443806258979951
0.5582889720460492 0.061951093978723
0.6511062860811943 0.3739542726908999
0.7535296563807895 0.4100756687513504
0.6057847992058327 0.4700167751791745
0.6313263005233861 0.1935045776571578
0.5856057727399402 0.8561104989643008
0.1966001581073794 0.5617122371299798
0.7684314971428723 0.7138207091393514
0.6534261063939477 0.7725287443196828
0.3407657459677595 0.7911014508659031
0.5722894685343374 0.726204054634485
0.41741514865541 0.7803692914223701
0.650757893586332 0.7504509138324121
0.3820924528949748 0.6604974677449389
0.6173379661863221 0.4595933341329411
0.5175595717905649 0.1222965088964824
0.2752434069591226 0.5139237537344831
0.08885852489424706 0.4848302355065058
0.581096367498849 0.6993886210088787
0.6331907970704244 0.7841409275045166
0.3023764014862118 0.3958344052295766
0.5593874309192505 0.6418913518472211
0.4915592083543233 0.7655426450471435
0.2186457755135826 0.5187260328481231
0.7191579052596645 0.6282430591829231
0.5593870405999939 0.4131043222201498
0.2210954464685017 0.6001834838230429
0.8069286333340815 0.4139931832976445
0.5256115741453614 0.543219998959761
0.5541358017664281 0.8711480924782758
0.4246576822731026 0.7564129035983089
0.03940364865448598 0.526052799364261
0.8556672304036469 0.5497491451012737
0.9270225908623684 0.5178941440878582
0.4179133139932142 0.2238477496489776
0.6047518933431257 0.3809659568374852
0.6470768919033826 0.4754778247804341
0.2823614562225132 0.3330360228394711
0.7177936462041439 0.5756692578291923
0.6976387169201225 0.4106268854872136
0.3969556766008389 0.8943436910604121
0.5031444368529746 0.04279249773625582
0.524753828479323 0.6096044468584136
0.891944308276738 0.467701508468415
0.8552969029446797 0.6190516541859833
0.8862954146248911 0.5777376338233751
0.2995172306969507 0.2988583537973589
0.5358938715207596 0.4421398694488173
0.376296925084304 0.1526142500304519
0.1600078060330868 0.519837204844033
0.5492133014584311 0.6156203095527396
0.5742889278056814 0.6206260084326799
0.4606987562376512 0.04524938089860198
0.7088286849509975 0.6758924210018767
0.3183538684622568 0.4754047571815039
0.4898841773803935 0.73990013184455
0.5122339076107201 0.606735043725212
0.5653920473718957 0.5629723674179196
0.4665647267919544 0.5192074831606207
0.06062283468920016 0.4793475278078987
0.3975771643743214 0.1085315158543196
0.4337430249372566 0.2712881641948091
0.2759862588578527 0.276551567219721
0.3144739324547101 0.6978559699656485
0.6071965467784306 0.8514212196598421
0.270651371163524 0.3619193130848987
0.5224478193768253 0.4561934490049326
0.784555511850882 0.4953033257109976
0.3584143330133065 0.2779011369992214
0.3891139824238048 0.3074298939623363
0.5857393989624231 0.4778639439141746
0.4454621063500668 0.4332377115689052
0.3845359773673741 0.7679468870272493
0.6213058154586388 0.8012333144473536
0.3759927138852105 0.2067361445590251
0.5244742954716272 0.1750808901912461
0.7039636000497489 0.4408524117732714
0.4780748236649255 0.536561362436264
0.3159215975615036 0.5121879592216292
0.4352257167920297 0.6926181673608584
0.5610071726415548 0.249885008985265
0.5580265089973395 0.5766617566986727
0.8251829960342898 0.5828225945391631
0.4860870245964197 0.4908163322661042
0.3247144638204881 0.4453234242524637
0.3621806903617718 0.311090273632242
0.6717880780069149 0.8059913241303716
0.6120755888086659 0.3396309433659687
0.3740664243790514 0.4456110643625637
0.7018646599749537 0.471289215450254
0.5012536903580452 0.6945215440589608
0.1264456975816591 0.5737385124904687
0.6598430676862098 0.7262029181015541
0.5887442491119281 0.4404519125826848
0.3609065985304781 0.6221207258445036
0.9406984911645654 0.4520167718234248
0.2841842898875575 0.469952275492391
0.7230905153856494 0.2232278822631023
0.3374655213434217 0.3905265400740888
0.5589402324490458 0.1241585503369684
0.5919239000512351 0.8387248335138872
0.5080856404148943 0.3878923814389195
0.7633878258721449 0.6911086608429426
0.8036188621409472 0.4933858188789417
0.52123098537673 0.8599338909496504
0.5217983958639811 0.9085061589906924
0.3694253464493452 0.2629747161929891
0.659465752646955 0.6753938775908858
0.2222091629556212 0.6503576184719345
0.3353570550474807 0.7237452833048692
0.7767988853110396 0.3114826582136662
0.2915501113613526 0.6183013075789006
0.3858339946904968 0.4079003452566272
0.1143408528372198 0.4949249826280372
0.2984539260499783 0.3787504007169271
0.7653860344360027 0.4843518615681343
0.8253742480500897 0.5604522159731534
0.6345062669021575 0.2898352354071949
0.596271759296465 0.3200897780511126
0.6561817028095893 0.4325296330054057
0.4664718281006326 0.2358011954831541
0.3537711202636857 0.2793616133704896
0.2660473138988724 0.4619048488613986
0.3211048044189662 0.52506815812649
0.6376261495257081 0.4367906844837469
0.1260092771076112 0.455578146671366
0.4846606136445017 0.9125139134489946
0.6011104051103456 0.7804095531628458
0.3519387941778539 0.4025960603956779
0.6465077510726315 0.7409279770285486
0.448601941703297 0.59436204123702
0.4219447002020539 0.7036200839330614
0.7291195330175176 0.7056198571298506
0.8098594269914489 0.4271194822867965
0.3680918418294221 0.8315212393722903
0.4294955228618622 0.1087303058410782
0.7423327053728971 0.3386643007376542
0.7535130606417847 0.3845413829063425
0.225388536024421 0.4181228059687923
0.8121014875497949 0.594078036953395
0.4636282631436763 0.8245164646470347
0.5706023593650494 0.7334729437559641
0.2239136231246049 0.4034656833734815
0.179000067283436 0.6705681763819982
0.8870835544244695 0.5000398304975637
0.5908182199951996 0.670351961408266
0.5051305426279022 0.2038019692392167
0.7470660689388188 0.2884949778732835
0.5735276998947512 0.881776981823114
0.606966980054018 0.165933711445866
0.6841762739234902 0.2630790786062577
0.4469824685313571 0.7686388487315865
0.4168592072130594 0.2099563875990906
0.1654447266862366 0.48557850778391
0.7038157681396283 0.3372155271557429
0.3752373332577983 0.2375059180557606
0.4074424046697108 0.5905885357159157
0.2058927092383963 0.686857776803627
0.5969394694671433 0.4358214711081678
0.4548265057699205 0.4276948947384955
0.4724918034268902 0.3767029819300158
0.4399074137740017 0.3319557136178074
0.5304156184377211 0.8694623952868418
0.6534323498726144 0.5864569606784186
0.5149492773973569 0.1980059260524076
0.6105965513537672 0.5655642468461869
0.2337919100053395 0.3891382773397714
0.3219766030222311 0.375581605115516
0.8709179839784958 0.5245667448939381
0.7017447328135317 0.7012138910987299
0.5907392491694279 0.4292501157730452
0.8240851435402518 0.6515361091518166
0.4020786139478201 0.562008575806851
0.6810469014489142 0.2014798041423402
0.2537542266978784 0.490230704374147
0.5718318044736777 0.3427016370574774
0.6739993917322439 0.4476745251450348
0.6114694683145119 0.3419567139735127
0.4813932638838214 0.164267339441555
0.4490034816447002 0.109818583442139
0.3761232080252503 0.4510477127609166
0.3535793965405724 0.3330479816203192
0.07293596718128392 0.5420574332754805
0.4754687713357298 0.8585771147650575
0.6332273773730032 0.2264423212526812
0.4907307880624593 0.334938414223627
0.8650293163832583 0.4685013461105002
0.4947785803591587 0.08624418310200155
0.442659067407024 0.5852242652677881
0.387184212166683 0.8666458341293027
0.6123604876802612 0.1609749614817446
0.4528433860054614 0.1776419685102362
0.7048634370066359 0.7155562925773671
0.5776069709719192 0.6771025452298154
0.6640261607252126 0.536064602222234
0.2287611045274586 0.3955522191990709
0.4596252201869687 0.8722013489433723
0.2360466344673267 0.4406546294684028
0.4547235868188225 0.05233538371522772
0.7272139196386911 0.7165305837398686
0.1920591093270662 0.3867278470997322
0.3145040881201464 0.2852965871807072
0.1667508463357229 0.5631816111205001
0.4037525446819876 0.2566950053161717
0.2450862894925798 0.4945236747161181
0.2687352865432984 0.5675558394495869
0.7862294879073012 0.6577740250276334
0.1848699896557351 0.3611545786975148
0.5955413619432856 0.6139470647376665
0.5467407671646487 0.8121632354979803
0.2432306062416978 0.7137380763880825
0.4709739815836699 0.4848486809048936
0.2531299521978518 0.3079969038965275
0.4319405164292486 0.6975757807485399
0.9624860214029747 0.4951568667874443
0.8733711067012222 0.6049767023888718
0.7107793833956353 0.5300112640634606
0.1287992741635019 0.5083369830352827
0.5853930176966151 0.2816335129179737
0.3827080353157204 0.24263385871847
0.4860636427306818 0.3750262183986862
0.2329571323629459 0.5611348412933101
0.5347372519235544 0.3325762698336453
0.6563067229525057 0.7274643217189805
0.5117821767076696 0.7271164209201806
0.4473852963784841 0.7678967551648544
0.6621045105971887 0.7059130533061447
0.2467952360309709 0.5251028320783072
0.1991190694787413 0.3072296838828027
0.2882319878835448 0.7636135244538818
0.8183344051222351 0.6159869003431832
0.6085843000912146 0.4360048873814502
0.3726662956949292 0.2858159613646569
0.6184185195794867 0.2052192171543811
0.5232378942685393 0.8729570172562663
0.8042344478169297 0.4773910341886003
0.2197109360844919 0.3409658148272018
0.2915079635223701 0.5491527654019813
0.1387834318290887 0.4470224597310727
0.4627526342908965 0.2497739504297067
0.6226472060237858 0.1944610362297702
0.7102712798169278 0.7615844670680361
0.6748924472601131 0.1786324794707544
0.3605680983081753 0.5720828916429791
0.5128711445103433 0.7610604416734043
0.1980103511458511 0.5372123940273165
0.5703830073724121 0.8490900967416155
0.5741545497825155 0.9229869833764327
0.5294828227576986 0.5342588764659606
0.6929375944206578 0.3767697080702295
0.7995270752863687 0.471553105217726
0.404448062229352 0.4910998476554117
0.5334922440908503 0.8941932636531116
0.5801250118924616 0.8534114466996364
0.8164653803344506 0.507092229157693
0.6124036767277443 0.4902598513263239
0.2602316891808335 0.4941661038060892
0.5689587390036511 0.3344363762654581
0.6386912727017577 0.7377978183103395
0.6371525655631319 0.3475865891423078
0.616615057214158 0.5642651290423719
0.7406372992204665 0.3482924147090695
0.3833508454174884 0.7665180157107889
0.4579856104730649 0.2437874502646423
0.4140981759838497 0.1954767425061229
0.3768126328689915 0.5637240181684142
0.3074705130333149 0.6786102878493744
0.5729803683335922 0.7709737672355931
0.6185453171273879 0.2321298651865061
0.4406973728618612 0.9352072907219681
0.5507149957240864 0.7655946918971457
0.4328952046330683 0.7173515921309861
0.5095624105321473 0.5338238333900421
0.375857860877169 0.2187069402201022
0.3521934764457262 0.7496897870715461
0.4405746120771316 0.757361028529214
0.2710704313704512 0.7191031124538736
0.9812919443785139 0.4953010140290536
0.7074929994227483 0.7031732215298593
0.5498758328081095 0.1800388185336425
0.5857854976261597 0.6072937346040587
0.51314671122038 0.04458460117826724
0.2031041092237224 0.4388247394637872
0.5868832779639909 0.4360659246367236
0.1354689184292991 0.3693930643490745
0.3583823393123274 0.2323369948345314
0.5059231891652699 0.682335611967235
0.867986123141091 0.3780725779209395
0.5733486217144758 0.542779675675957
0.7624467692401529 0.6172681383822556
0.5934256104326484 0.9034030693501819
0.6575978511718893 0.3836447612558473
