0.1438119877045343 0.1411664453196184
0.9106368741866449 0.1510884883068297
0.3867368652184938 0.04852920295220875
0.05776836208825142 0.8795923066217147
0.7807633659814968 0.9141308034509792
0.5453037562070512 0.643523111738204
0.208354124585259 0.06271555529148842
0.3298802201860743 0.501242448720127
0.915314771419389 0.7088559145568256
0.1733958963911046 0.8360932286597207
0.7799482159777376 0.08335075363412825
0.6846233660910724 0.2368991802591247
0.9447864006691062 0.277727719241589
0.5652542584329843 0.2256862533266422
0.251312622414945 0.6501887371633224
0.8963864697535194 0.9636192879987205
0.9666291350306327 0.259531144624193
0.8168471452619561 0.591277771168077
0.2978700086200725 0.7374961126511477
0.8418714460533645 0.07300684105920541
0.1503222232772399 0.9491752471345346
0.3619257665653874 0.2083708313963225
0.1822076700641886 0.2381425251665356
0.4905313282356066 0.7777662741454245
0.6183205780968175 0.03979456881423782
0.3950629833277317 0.7663564612831333
0.3829875407529184 0.8719823354544948
0.9193626315540142 0.8126727535137721
0.6418717784527803 0.1663534626284061
0.7445706520590614 0.6323685642375685
0.4909069644661559 0.6036873101564233
0.2401072147844457 0.7338325865508534
0.6366834861598721 0.7342643176777437
0.4069103979172444 0.1028887092693028
0.03233650134207777 0.3248824852769591
0.2299551667890275 0.2785625839227378
0.9724694966352159 0.4714617355825079
0.7088635808448233 0.558300713960488
0.8012455168941864 0.3322243807042465
0.4770874126888497 0.06787939322536674
0.7030406781028702 0.3792892351637235
0.7479185079027724 0.02619832412904111
0.6448418973153516 0.2659383930724704
0.4780291492420332 0.4665270727741166
0.7761196606190277 0.5317037344924488
0.9278708883217861 0.07878728856723749
0.9136776910024547 0.847148817570837
0.7804902865909816 0.03248151467426852
0.545656462255803 0.6434931399046208
0.5426677512132665 0.4565237660257327
0.1918909170680324 0.9213787039185328
0.8695546367517757 0.2072390036660381
0.1011693533732075 0.6136843161750929
0.7729678359043624 0.7820710230313415
0.8331098524738554 0.1849315179959775
0.7003420143277327 0.3350359651726519
0.1672606968079761 0.06265212991254387
0.6930876314039757 0.2860825464990054
0.5070918874780116 0.7229378318119382
0.7399973981574938 0.811310423571162
0.04479213840474472 0.07306768911243566
0.8316838000133137 0.1866750702854773
0.4346953864219611 0.1568569233281241
0.4442345218745503 0.4229175595414825
0.8849771915712287 0.9888208697228944
0.533430262538739 0.98336783702719
0.318483427956607 0.3216945797805537
0.2558531255581229 0.3269365605531441
0.08084630191160402 0.4663099071019084
0.235609158098258 0.407885803973173
0.2094306776318752 0.5824420732049849
0.9465407595659857 0.1606014859251396
0.4804651062527662 0.8886752715300833
0.9451526078691832 0.6592730735163607
0.3099305492053714 0.5500668104486952
0.7369581603714968 0.756875738321619
0.2148688459671493 0.1981881293293423
0.380203777127253 0.889397902404796
0.6763189406642661 0.9197079476369842
0.3844395642725705 0.9209932439734153
0.2683984198326969 0.3603924898107833
0.2304462239862692 0.3353130517668427
0.458524601121307 0.5226123841687275
0.8418960322636542 0.1506675398602126
0.2809150658407006 0.1779381817785751
0.101108388330546 0.983087272939626
0.028517516945608 0.340067520617345
0.06585296980162936 0.1003486944895365
0.2009559516890571 0.5981425929087834
0.9287660210983868 0.3214498792582766
0.2615461332876127 0.1543951146383002
0.1274533151579711 0.7853757346703711
0.4126842959523896 0.8947356996361482
0.8595580624724286 0.4247760958667182
0.9730340665559128 0.01260208335880186
0.9992864235541178 0.613800343455643
0.3421081269543024 0.2627252684496758
0.306768224588351 0.1526163599152307
0.6953403294929504 0.436169430389685
0.686207771510906 0.5438411355880053
0.7325951076870147 0.3266008642163044
0.1994270901976972 0.4279215573637279
0.2919976467674172 0.8566311965257233
0.2053367901120959 0.8477184689457673
0.8502521242208421 0.4255780347326305
0.8171305768594406 0.5233086814346094
0.2257047864675771 0.9049838586301229
0.7018171136068615 0.842854315438877
0.8133753171944076 0.7100580211313178
0.9532324258286493 0.4973941677636471
0.07799868060732718 0.2501157781331758
0.5421691696650791 0.2250539805158409
0.4658362332751321 0.5621963357321563
0.7494850635519372 0.01961254464335649
0.3704944764478697 0.3293734649772746
0.3678141468324381 0.9756870853228724
0.2400673362588333 0.8525898931177317
0.3590059863151445 0.02043072231767573
0.6206218051025889 0.01383275230897485
0.8407711713116646 0.2665795944117015
0.1894766086900589 0.2379038032959047
0.5873322111509184 0.05236317505634547
0.5750344925323175 0.3012079111566724
0.4323778017636873 0.1119414581739105
0.7058922989716907 0.3118655754427276
0.910936990150795 0.07716141187316428
0.4494602549357388 0.9427771539933919
0.6996046808332317 0.2728951220865047
0.263895175333525 0.5047509282597937
0.1389010772714717 0.6232704073157342
0.610748237650327 0.3920402526569803
0.4211323713271681 0.7813432656878966
0.28659444954374 0.1034450397824651
0.9292084451417165 0.09015723891889205
0.7508866972929792 0.6346597771285707
0.9902655919403215 0.06331409450693815
0.100470947171067 0.4194774027909033
0.436814890513183 0.9183871027084265
0.3727460418436088 0.0775723670771774
0.9657790361878884 0.5723024075030043
0.07928470890557326 0.6169326307856974
0.564097609386414 0.5694892709754167
0.3285581000347488 0.7399961041369537
0.4880098421558052 0.5082312592732822
0.411158214925114 0.6421276494434357
0.6048070287278092 0.09350111506304948
0.3052319585919276 0.8361864066691405
0.3653912466904724 0.9049182054576682
0.9140156811293765 0.09506838867332379
0.7614362694780198 0.8801480708438982
0.5524705198216294 0.1422456098936706
0.5370584027140176 0.8733113521957809
0.3333398001100383 0.5336406885969653
0.48107009334786 0.1824639655461512
0.5549543069559016 0.4481639598269938
0.007054078097764815 0.2001359629213753
0.8801550111701752 0.4683888302964002
0.7824367637449223 0.5304066171820011
0.8804179552334892 0.3780090177451931
0.05613519954857205 0.3065265061137554
0.459795695266108 0.9427717062027721
0.7269943510065179 0.924937423425559
0.7189670282675289 0.4938791753673197
0.3294385894172011 0.5161663012195523
0.2291201192769164 0.1843333166021897
0.6978810226938607 0.6799009058788097
0.7307550490154503 0.6950945856002118
0.02480099192083429 0.5331815848446644
0.3475632897842159 0.2868538858271691
0.1715064695137032 0.3484328367234849
0.3268397428185302 0.6348619092761424
0.7278101269155939 0.3296198787235847
0.5630298120704645 0.5825971667926962
0.01179408130894999 0.05103846586499916
0.3973485144748263 0.4725650979659707
0.4574104112974181 0.4965335899702893
0.6520399207782048 0.6032554550892769
0.5358838869039989 0.9542240402045192
0.2544228738209162 0.1013592137233493
0.8770069837691314 0.9956146841965852
0.198495667986297 0.8830110386005499
0.6165118914083553 0.9946513176732511
0.106848618220421 0.5007571281095011
0.729754008776273 0.5017823966445265
0.07131437742647939 0.5294649171348728
0.2186046679156129 0.4670446771496446
0.4102062812961708 0.9007650606565976
0.4322091293766817 0.1655309743424016
0.3080215266647885 0.3454258956310652
0.4785510130756123 0.453201891828716
0.9623096644652899 0.06064101867486305
0.4791256759334112 0.8922160354748233
0.9942368191205139 0.7667741302431885
0.5714529928424489 0.7302539640029222
0.6907468690459874 0.4817484079231382
0.527624904185577 0.557455596540868
0.3089413661586564 0.9419360561291205
0.3567777083833864 0.3281836586788446
0.6737260832341411 0.2634458775025115
0.1377111165410945 0.9215676610732582
0.7871126100914533 0.8392122766069047
0.1617947649260943 0.6509656193505099
0.6033943444288971 0.892838526727347
0.4409971880387999 0.4727654993385675
0.04215175775224589 0.03329210699063767
0.307447658142337 0.2083260273592745
0.001967154581217545 0.1763251810238018
0.6686451574249911 0.6804692142916622
0.4474311534455506 0.3523550425856056
0.1539751737697619 0.06301077966883473
0.8057842151482052 0.7948279898242573
0.6805333839741774 0.3377742751784522
0.1652527705905152 0.618222882854839
0.4424876628397897 0.1872324884479089
0.5582518448004087 0.560834576101384
0.05257743269357473 0.5498132367536114
0.5197722884737538 0.2169230931808404
0.9403599234811448 0.719454172018784
0.6802289551835012 0.4036309331608685
0.3602659958951363 0.832420375206029
0.8325417945578574 0.2364894915575715
0.9263496878876855 0.466541351326231
0.6717647644392133 0.7031084086734573
0.9590444403675338 0.750762415968291
0.8936052481924561 0.5330738098000025
0.4905203758263301 0.06797483476889343
0.5499185910541383 0.1456923847509898
0.7646080847447905 0.242725845145622
0.07983647015291873 0.8411623793419851
0.631193840773214 0.9465917513672517
0.6467803825177856 0.3967819900862772
0.3149661607635641 0.442430306255682
0.8643018302293892 0.494937813439568
0.2366672878349746 0.668327214883637
0.3211557233541774 0.9353011227850695
0.2197827973754553 0.8265000564324276
0.7151343340379296 0.8173814385056687
0.3450864657631248 0.539506325434206
0.05348250056888371 0.8225079222052781
0.7057902817881064 0.578037389602095
0.4614092576414003 0.6760796392255838
0.9078372968706695 0.7804858000353518
0.5077536304831002 0.9005405945791772
0.9534898646876175 0.7771744226358581
0.3687088202430405 0.9667255967885031
0.7616489507639274 0.2512400256703536
0.3521687835349858 0.3890369234009119
0.7547381428621261 0.05402119822070839
0.1454583735799957 0.9096921126584356
0.6293748090181244 0.2802632195602031
0.5126932019082545 0.4170424408299799
0.5072345103952488 0.9480725214538911
0.5972385785997273 0.5831832501305262
0.4347480945685485 0.7970111308588799
0.2166525208717712 0.6818960763430053
0.5949001230579074 0.1612129513158899
0.9466010817150448 0.8374365507139293
0.63344643137996 0.3663558674766177
0.6660825549192143 0.06926146185906534
0.6427303594460543 0.8089661313796696
0.2207963663580766 0.1742512660008625
0.6984680695746098 0.7570526928065439
0.3017997907334704 0.6279942917588397
0.6277454651158942 0.1154921486659578
0.3966603226504438 0.3284111084802595
0.5619870187777671 0.8946793265924943
0.335395703027493 0.9884113097045368
0.462380556692869 0.4581600772913991
0.7783278066754551 0.9645296603993456
0.528830003799782 0.6722301743806517
0.1698821587494058 0.5560408717301702
0.7225629983003684 0.4209370680469871
0.01189143296993034 0.9608955115868638
0.6172402992021148 0.5561844060342436
0.1024169064684058 0.4665731893114542
0.6618430189474969 0.4786667025169913
0.4432494212229683 0.3811914271184119
0.9902795570480929 0.6242694643266739
0.672849099024015 0.6517562104560192
0.7079378112589096 0.08007373739878765
0.78999687485833 0.7950286830805287
0.901983355569622 0.8955615680018943
0.7799479992634822 0.530045453192547
0.420510441571618 0.2112950982552559
0.8022876808445626 0.8354121859746437
0.6873123430371745 0.3772493626239332
0.3868023250667613 0.6959339112841054
0.09813959050911591 0.1004766328093664
0.8098240189846382 0.7693802283948881
0.9292044054418811 0.8965551078827279
0.04228022654717456 0.5107981562787994
0.7224992044933103 0.8678788746154559
0.2148589166683702 0.04305772545735198
0.2411344476679856 0.640673841646392
0.5239312103850583 0.4344926214275436
0.6586965359575176 0.6201619739947647
0.4982376767319128 0.01680347323733389
0.930170289359645 0.4160596635985646
0.9372504557653228 0.04147519413178291
0.872611633154543 0.4724211364167652
0.8695466499923773 0.477235829926595
0.3717649312332288 0.5702517299643967
0.6948137674210524 0.7932875393989338
0.07221678025268108 0.1799776492922447
0.54159724831159 0.731127079273687
0.3542508118941897 0.04783795570594607
0.3404800911462611 0.02176973985509956
0.2022838684706649 0.4049078301684406
0.9023422219983359 0.959694448892254
0.8589866177895148 0.8276762850623842
0.529551742704117 0.3549254128429096
0.4021858581655156 0.4504553918517856
0.8650782703670132 0.8474030554497897
0.02166141347801998 0.8960023803032435
0.6273232201723467 0.5233001588463414
0.3288719991415677 0.5720042824388704
0.06234323103331196 0.7550325190733688
0.5133498742205126 0.5521223398692007
0.3401087203621296 0.1378122169466546
0.0712167090517406 0.742814675760348
0.03043911180430847 0.4684313360146087
0.8325334166662824 0.1169462296403904
0.1393835909193829 0.9855547459063659
0.5897194629036285 0.6252128954544619
0.02837674191152872 0.3814573132690275
0.997925083513654 0.3192825855596362
0.6121580142322754 0.2883141423195823
0.72145282139292 0.4692062990065617
0.4616093362333562 0.2741176002069295
0.8618642176841462 0.2721579759600199
0.1119598406941329 0.07415283254609906
0.7916621830868487 0.3937524652092048
0.6751468869034665 0.5965550352106566
0.5501891765329214 0.2197729855423179
0.2282851697828967 0.9187329236206538
0.2294868501732336 0.7526400628888881
0.948594125915513 0.6100786376619055
0.6597900658359791 0.2655443421450129
0.01090481710827051 0.1921756467814815
0.6068479566479443 0.8765848631934966
0.07161762803845273 0.05662023223275015
0.4025417365982467 0.4557440361386036
0.4084300142989266 0.7835707855217448
0.9668542410234267 0.04276568595850783
0.9740220563410409 0.713240170679588
0.3913111861835388 0.04845129676089455
0.609166987363364 0.4741653678997996
0.7972916959448083 0.2072589198987409
0.1489586256599478 0.1422868896676577
0.4697728626624742 0.3866339473532016
0.7533075168434579 0.3886048853129256
0.2594952533303507 0.9894087137481276
0.4028107763900396 0.3988185793879547
0.3934291014852871 0.8090140981651782
0.2783708906433354 0.9478874789559018
0.8924558546070097 0.3613428098881835
0.3360981547145936 0.6323434671755165
0.1384867430045494 0.9202336761878449
0.7737422236686882 0.3396231590341353
0.8230910406926305 0.259714422215181
0.4453322280463953 0.6603442822245962
0.2146179501449831 0.3059835689371239
0.1102390937434373 0.7670770193251963
0.6570630073268104 0.2202400595725575
0.9815924627344077 0.3639893861951828
0.2843420874409882 0.09495906915168884
0.760987704646094 0.6554141620532525
0.4680700076781297 0.548757017371472
0.2672565624673805 0.5442053233112911
0.5198975875475389 0.7189369325065667
0.8688951294403432 0.5766002549994641
0.9830870025456693 0.9795136852979832
0.870721015392752 0.6919249123855619
0.3402585972369165 0.08893247348316602
0.532817152010701 0.1650685876902708
0.09354071798305985 0.6959925606456611
0.3787272672149871 0.3289669125869228
0.01834155108823221 0.192453295222062
0.2223042608286387 0.9182250542434579
0.8950459167938166 0.6660888606644678
0.1868514973847567 0.1653440581047343
0.5144241837737508 0.2959636038631351
0.8060761324277449 0.4584400569921274
0.8836985288976719 0.8910245874697288
0.6157285846175811 0.2519073220055735
0.3331080868107047 0.9419303513897072
0.5199543794404735 0.1713608175504074
0.0454111905529323 0.8318810780672811
0.1944428183293591 0.160419178300316
0.7803479304284754 0.2598549502095397
0.1042897323294021 0.322360814161159
0.1012532853879452 0.5554304852940836
0.2921240565694885 0.8602339676807672
0.873102063350159 0.6191789633141421
0.3731872101169423 0.1103326118387421
0.9947514577913482 0.3755773896535448
0.7192351935375779 0.1241615305959115
0.9023778471207494 0.7709238489601192
0.04857320959523626 0.3281459859775777
0.4113534783079466 0.07369645685799375
0.1594418138480902 0.8712987131204798
0.09944448368169045 0.6475651904478983
0.1174467258807241 0.969066337606231
0.32298664561686 0.2010929934203053
0.5687473045799764 0.7568405278533517
0.02757538316302288 0.1587910732479442
0.2001446812709792 0.2443529270550706
0.2293528928825695 0.5046213925538757
0.9028842415061303 0.4781486604142373
0.1406392489025581 0.3986188812296834
0.2035611304449968 0.8280967475251771
0.9006706887365238 0.5999296370223149
0.1688287153288204 0.8737995058835503
0.1404432218619425 0.1224012138246764
0.8939872327900864 0.277348720370424
0.61869168717913 0.4298275820242267
0.2227842721787684 0.7202563731409047
0.2642577906106388 0.5393749808346422
0.05216651194538113 0.7451338168339284
0.03991764278235499 0.5452169046804436
0.5743234854992798 0.005648604124901979
0.2528728763602524 0.4093695896063039
0.8154775966751258 0.0368280212129749
0.7300165383828243 0.003129665882461663
0.9226077493623738 0.2594523401921005
0.8817431981934483 0.1431279664313738
0.3579654797022225 0.4841351049438655
0.727609350664066 0.4649997321201322
0.3590665009547971 0.8071501009600037
0.2260289405635478 0.07243196315991551
0.7603207904545624 0.7328963586736923
0.8301205203643754 0.5970497934943566
0.1846227051261665 0.1816680345615995
0.1856399460399448 0.5438404977069973
0.4033924379734219 0.22471266100349
0.4951003571217529 0.8046883872603043
0.05133316088653306 0.9711466498903975
0.2648645737854435 0.2453468524616215
0.5169622069699027 0.9195759702478586
0.9161252085547229 0.8961645404429333
0.7556727514947216 0.5242519701408295
0.4039893294586113 0.06985693904243973
0.5926834731541901 0.3520475546582722
0.3544337360574442 0.5480202552080378
0.8156893475830449 0.2540558112128873
0.7424412507110438 0.8918286202500026
0.1612644556996091 0.4308603905345876
0.8717941420096983 0.5245069595246814
0.4098858505242755 0.7302058820942567
0.2208394983649749 0.5977633227873546
0.7296675674918511 0.4926325275686266
0.7038849607428439 0.907625031860175
0.8940099882135311 0.5378889536845073
0.05696829575552687 0.1817562629862662
0.8545883084412637 0.886040200575369
0.890202922181826 0.9585458411456501
0.3437720716412859 0.6600935314022897
0.8554107253419757 0.09695822810824628
0.231529353335268 0.5812878147795191
0.5369347191959613 0.5957296829740553
0.612531503144552 0.1276778622255623
0.2213273669806065 0.8603514573207355
0.3777840656884972 0.839268965676754
0.5441709760837399 0.7189659741076971
0.2016364988693874 0.6531475593099002
0.5143058417571661 0.3822877098407876
0.304107746895373 0.5222958098351598
0.9472509384621344 0.7852183148331713
0.7221693690936777 0.9903498086437221
0.1739244194769179 0.3864861692917916
0.4525137826124103 0.239951128957239
0.3356234746362847 0.1073960791538547
0.05170578116560054 0.3625863877708222
0.4650539445218088 0.1569572514359627
0.6654455546066583 0.2646238579906881
0.4861333712453666 0.508161742055744
0.8268241644973419 0.06288855078606403
0.3815699161963599 0.7304390551683836
0.2700824710733102 0.1521097793669873
0.1787318920074811 0.3711364812614616
0.7282890024212273 0.7163733847269842
0.872546246369885 0.06131158202242504
0.1865269380075967 0.4833647834110184
0.5976892116339271 0.2358762435476878
0.06976181737582221 0.4770712063688025
0.3333339814988042 0.5733143054781935
0.1361317685503873 0.6164884155912197
0.4132308297278049 0.8364560251112466
0.6788768832069152 0.6362005103823711
0.4961841141362591 0.1153442439619095
0.5736958422628476 0.6184132197831392
0.696710003167777 0.2530671329394935
0.6789034954643814 0.574440905529267
0.5278321726400034 0.7938578725263019
0.1895340161579225 0.9065833964009424
0.1744521419700457 0.4091543922240752
0.839820752159265 0.5836797460148678
0.1397447506043608 0.2119448271180698
0.2279023002758102 0.102624308375712
0.6583640951780675 0.4223915748498522
0.1756514384639044 0.9369272725883917
0.7634123516846204 0.3730614379416508
0.2883590887252575 0.6361097576418008
0.6768481175486718 0.8105511577682409
0.8050250692527117 0.1602487124387032
0.6168300624089285 0.9765001594689265
0.8787873303863223 0.5324174609337715
0.3982807556143111 0.3889246801550574
0.9859711594692172 0.07462733788667564
0.2941991606029724 0.03684088218114367
0.5872064268691302 0.1429497460187638
0.2260595055898413 0.563895787371946
0.1895387617953421 0.1772027996688925
0.3085623200030789 0.110178602298365
0.696779956748021 0.2819512695396675
0.9501731498976483 0.5283480813563901
0.7841500282418545 0.3602743491919999
0.7788975198568986 0.1172772741214559
0.1603785778195309 0.123645436586972
0.5437078956908779 0.2840590169148399
0.8556205627814374 0.01933901833843432
0.05796695263963325 0.6786666869286245
0.2828909064087054 0.04900645503191647
0.1137646589788321 0.1697894940584429
0.2762780990978543 0.3035787818782198
0.6808618398431171 0.229804937645849
0.2942249541615251 0.1547719223009564
0.6838516649159907 0.2383010964747568
0.2433476329591603 0.5535143906643183
0.2424571703250369 0.8326341838258843
0.383793130932058 0.4053145570999456
0.09694197369007362 0.9304878866197122
0.960117030021342 0.9618261610056716
0.9471338242047717 0.838763554626436
0.798097818672945 0.06128250392776902
0.6242139407495343 0.3963178373932016
0.317790063433909 0.173660728764406
0.1545366391988557 0.04393673314322299
0.9830783114065447 0.9726827804298097
0.3086395313984092 0.7203571109206582
0.7961642546158298 0.7717122339903507
0.637099975365179 0.9330541368327905
0.9604842342827109 0.7215695935203906
0.0648295624136398 0.2765636496891867
0.7378443226739186 0.8454296572687936
0.7634785702961033 0.8851055169878869
0.2793685864878079 0.44534213318619
0.6983425621010829 0.8564997953776516
0.4528942987696836 0.4479007333788408
0.7263074125017005 0.7192463730982511
0.3303122293033781 0.1282581647307149
0.03437053178810168 0.7568361560862477
0.9745397050971296 0.2253769959960505
0.9508738380511335 0.9991309296651742
0.1520791101828388 0.827992355776117
0.2411511422594825 0.7767516698402658
0.4336211383750757 0.1839245967556096
0.9652994945298666 0.1001942121190148
0.1739347581069485 0.8296441692531605
0.2253801061921764 0.563173798576305
0.4242314383794936 0.1838937737593452
0.6858139185275695 0.4985527617638176
0.1465638561944584 0.06875072163415341
0.2464616030249576 0.650357110658342
0.6771663172326025 0.3442318945766464
0.1132293132201407 0.6678032758548169
0.2557045991975078 0.3892357284864261
0.6244986851801985 0.4270048652855785
0.9938750938222268 0.3172649506193821
0.1732847296759467 0.8461884115240128
0.536952637129701 0.3991958883792415
0.2889380864662447 0.9926297477829908
0.1152883459768222 0.9875137223444953
0.4060681596309746 0.8503139425400683
0.2186303366298571 0.1328716232098628
0.5216374576184349 0.9444493605533707
0.607459974610092 0.2161321283315367
0.1325108205207618 0.577950380387485
0.1495890522358478 0.7197476098581302
0.1116293520651195 0.08373449623005558
0.779981999309294 0.4228540031135825
0.8451661102967519 0.8046848153997869
0.1254846694754421 0.3838865740089793
0.5109219566469951 0.5440232202588596
0.1567215661645782 0.6629075163203373
0.06660234469900894 0.3848631690989857
0.2786557417536046 0.1917442296313605
0.6771588495953387 0.03026068841660656
0.3345423146971237 0.03634823634424156
0.3962708620465462 0.4283519507533347
0.8239069931500542 0.9002376091716102
0.7899233323225427 0.02443097694453267
0.1089135374835594 0.7845330308580944
0.9635625223501727 0.952797945653427
0.8272610976670083 0.8934229672056015
0.995730755957046 0.7852193467915541
0.485221607316392 0.3605994750011874
0.176546823066135 0.5183081529635707
0.2850829810122315 0.5449967483593741
0.6595887468822907 0.07710085383315324
0.5094830195934538 0.3074710447457316
0.5528683596405299 0.962375751365139
0.4621738948582296 0.06402250142591448
0.2787761709477657 0.04873598974939175
0.6746128268649373 0.09422815923360406
0.5893095289181842 0.3979025612987738
0.5601458545441317 0.2797694210058826
0.5526235301624487 0.8881726079262171
0.2996672252735328 0.8578364829035044
0.4504688557757323 0.9279985229823525
0.8422863019372319 0.09751627282863085
0.2117881597060561 0.0800915377743946
0.2278750452311988 0.6217252308174684
0.285382127469102 0.5386866379799007
0.6000486902424943 0.5151679253245968
0.156515479610211 0.7116596956951688
0.1745676343307558 0.2287377887391067
0.9742943666471761 0.4664460224277834
0.8619849645337722 0.1698880198299185
0.3371854228188603 0.4536462819214964
0.05596171318933407 0.2993784006048529
0.7050478374675242 0.5028447644735357
0.9617099778076571 0.7936689705774373
0.8485338587820006 0.6340462495394058
0.5793640695491709 0.9241640189090632
0.1456832918553949 0.3721522235830295
0.5613740393683199 0.7918342647460604
0.9033773825633378 0.5070536267887322
0.3462991528852236 0.1424449684284421
0.1781810498993313 0.2022154103234283
0.8164060008322559 0.2016898907443108
0.783563188774586 0.6212887504344948
0.9828277677947945 0.5545163525318925
0.996847283930738 0.3041259019601323
0.9410032259618655 0.1853685373730335
0.1744850362055419 0.6041722221890893
0.259990468393815 0.1123157227006234
0.7938348960385614 0.5863694772531717
0.977893923778943 0.5609802882108152
0.4878023491052116 0.1637955972278731
0.4772085109825344 0.4759720070780071
0.4693689765040704 0.133580133391341
0.9416030814807712 0.3805767441464541
0.9397684293087556 0.4510088997495169
0.0462316427127395 0.3612426652541807
0.5052287992453642 0.3153788014843036
0.8175765100576121 0.9668567311892123
0.3574524433906815 0.6816854944045899
0.5860529856904833 0.4251910160342739
0.2446814444837561 0.944171114838366
0.02381973110744107 0.66381938502886
0.6764634042414335 0.1621143624402595
0.8915829708125526 0.7356234531421311
0.04490458867310843 0.275641826027914
0.3691190336209141 0.3652103450146658
0.2661882072943103 0.6685599865053139
0.4166039323363521 0.2115829662180264
0.3581943813818785 0.07605599789941886
0.6780546907975294 0.8133293999889897
0.3257147850736066 0.9726754021364794
0.03916675430780869 0.926315625822328
0.2564157987448791 0.4785848776459701
0.2414044575163342 0.5676321721731232
0.3031135164279584 0.4107698158605845
0.01047019087617374 0.2840715345349376
0.2196204658799255 0.8132088257660032
0.270373777220814 0.5930605533162803
0.7600579374928844 0.4368251616606719
0.4345623366130708 0.5291455986670623
0.8405223133828986 0.8183181702235613
0.2396134539461874 0.6108749486019766
0.3417003977932573 0.7101032768581113
0.299850220244215 0.6940989735859776
0.3742899402094308 0.1131362999824529
0.6635178013894747 0.1056971199631119
0.8455147733601877 0.2619716865050237
0.3778640255177634 0.7126160949314553
0.3527131374159251 0.006934350342430395
0.530722310211723 0.6025771177233936
0.4760719768719189 0.03427022068622165
0.7407013894910288 0.8277192565336424
0.9036298967284561 0.3988017967972335
0.8915129491385698 0.08621638770985163
0.9834911604346597 0.6528474327405548
0.2401890442724117 0.7485299448127656
0.3189290008353152 0.9017381704840799
0.2178189560147382 0.9084204122348549
0.6819425405066908 0.1076732662624211
0.7851020078221448 0.4058519251234607
0.2868307027316028 0.4197606111207829
0.5379744024034147 0.5628575534271768
0.9866055857104598 0.1730536965507876
0.173587361663487 0.8809752144433257
0.8500435903663377 0.9065621774531979
0.8410428559789034 0.8959048866949763
0.9991989229337145 0.8014219679846891
0.4145254914659112 0.8577064545848648
0.7534503001534595 0.6402737668856292
0.6306665726211759 0.02207694184030107
0.2101892250946626 0.2637425143784602
0.9527257776199775 0.4586873901766551
0.4479984578959443 0.411883409624903
0.3356949481377406 0.9175500663152621
0.1666236605229648 0.1088577034147353
0.8038235629520201 0.8991106003507954
0.177003905230257 0.6478941565681053
0.7153828137339685 0.3698687565746743
0.1608863702476395 0.1828078068521467
0.6899317855397055 0.7494758294006253
0.2446824773724892 0.5341011307708647
0.3995777859656853 0.2339393809337389
0.09282305676681979 0.5071875719685106
0.1961191696328856 0.6519706848698407
0.8400180700782713 0.7564087292487046
0.6632596800746181 0.9239927367404337
0.7303682261173892 0.6410886007208322
0.8395078716104885 0.7426880255986149
0.01020932904910721 0.1623140788563073
0.03379655625847866 0.1530646502146095
0.1841936543426776 0.8203881528207143
0.9745248079393446 0.3129336436575219
0.02604296324111166 0.4084223172896766
0.6525038414945723 0.6639953183881215
0.7779311776356901 0.8332950774927852
0.558012099666155 0.1959336790900226
0.2870576656551334 0.4795052930187795
0.5311464542925677 0.9379770532973105
0.06186533205890199 0.8057345254493063
0.6356535078021562 0.6313874699139688
0.2155514397555066 0.9611571883310585
0.1106464549532061 0.5107165351010775
0.6761894017695856 0.3295798133282121
0.1525585986411734 0.9061187564509795
0.6723714008132569 0.493583771873004
0.5804143454211874 0.7554600935839899
0.9243189814356277 0.6858311368010653
0.2591859540064263 0.8860570738183664
0.009424774342730813 0.5553898776994164
0.06289542797216341 0.03908135931284096
0.2978329059208927 0.9039542899425038
0.05160162565178328 0.1758476539891001
0.3725399108607794 0.3298455380492611
0.8872974566625609 0.6403396524227337
0.7501383898105553 0.7455479166239839
0.2741897032739675 0.3913670292790052
0.7246529253865431 0.5239176478327198
0.4343201112330024 0.3492467114863901
0.9532526399472019 0.8781409158562721
0.9511133909231106 0.8373094370377318
0.01971776986703422 0.6028288391125735
0.419914084714339 0.377867602152296
0.1620274697188587 0.7234715498615134
0.7245426944505401 0.2333894716291668
0.472172125434523 0.2394724293898913
0.6727841130239616 0.9971914598242796
0.1512844560217904 0.1233149044034828
0.07000448954133665 0.124950230266157
0.5704273074041182 0.05879835062518479
0.7567618268332944 0.4480856564217336
0.4632335601345317 0.09436960022601382
0.0209833606722275 0.4459493430750849
0.9524708105154498 0.7881670220767719
0.03619418577322475 0.9395314399368295
0.9590031080833078 0.8405432127681889
0.408511052609864 0.8182596001201938
0.6043258666227389 0.4337763339303317
0.5072058833482193 0.4545831025667987
0.05703698030529536 0.9129254792539494
0.1307845334372334 0.1581485252014423
0.9732121515927191 0.4271082731032765
0.1712118464375341 0.9832531539149433
0.6626734386220675 0.02979898669617653
0.2215025572258585 0.196143895819779
0.162629949820187 0.2820529136577867
0.1956816996456292 0.9084993583884916
0.6038588379399462 0.1176259348857928
0.3302242583181765 0.5168077750402441
0.8307870021606075 0.2919713150519989
0.6795086449462762 0.7329428478943818
0.7875088398997232 0.11263096147973
0.6712490608128975 0.4373515947907328
0.213709385111963 0.2422830146210416
0.7982729040617464 0.3268550557406518
0.3693530164728505 0.6743058418276756
0.7533775213137537 0.992182222751546
0.2355334840926682 0.07333389782568867
0.5982891772354706 0.1719087655586132
0.9508944014313474 0.4640550017572308
0.5578537014504871 0.4476047851346899
0.9709684702364605 0.8866123651452498
0.4971287319682081 0.38107601567875
0.3267871371426582 0.8429487379602887
0.9111124613590397 0.5559493440080184
0.2743251758655949 0.6268023061301982
0.1999585921911157 0.7074131553264928
0.1538467817904643 0.8754443694782742
0.963561572542701 0.3096077842633694
0.7332631379404683 0.07305423688282053
0.510936501509861 0.6091193566444166
0.4209303989054369 0.9824702837980751
0.8495058359155008 0.8899414274441038
0.8369533174798119 0.8729252888649555
0.3045683813335324 0.5334923288155063
0.7535485286724828 0.8254519611996883
0.02614532959223637 0.1023297452719173
0.2724491714964935 0.3745876862475093
0.8507138267786316 0.5480703507412562
0.2581611156009875 0.2529393761024671
0.0898055231238406 0.520547578822826
0.5614337921726861 0.5730491704576898
0.1997249268842278 0.5953319867113832
0.4378532849751511 0.8534671943755116
0.9490084516285457 0.1640512534163761
0.4262094701126445 0.594580095252416
0.987055483175048 0.4798833463322258
0.1914203553813482 0.1582616611350921
0.5593314774416547 0.01593379180353194
0.441770789395674 0.9755322817555698
0.667273234947514 0.7941538340680927
0.2385513911483813 0.08493527200428475
0.9098303373281401 0.3767530959413309
0.5581528649411766 0.4627789404151574
0.3634039533324757 0.1286359544798639
0.2170368003536608 0.9903707140758875
0.213411428492029 0.123350165305782
0.2339759387613231 0.5132929582009993
0.3061372314440812 0.8148615041255352
0.09515827164587365 0.03341092639589005
0.8303626611128673 0.8046417572255439
0.06117889500333784 0.8260582027369024
0.1936970900180029 0.8643131942004089
0.8620155798410475 0.9599593145601065
0.3699487286288728 0.5028622647039407
0.7407941101236001 0.3160847932905915
0.1227995410348983 0.7646562165453681
0.7929677502358092 0.1569834382238161
0.704728491151967 0.8221284145241792
0.3505776581311679 0.9895307156545495
0.322257093775191 0.1488986054391493
0.05453962643582733 0.3690466261394567
0.3188169251949288 0.4451266405731341
0.5959229826746804 0.8927418075769945
0.5673736367179729 0.6658712610074544
0.2001804349791374 0.6061095496260778
0.4335516589549481 0.6196847806779189
0.8784168220955406 0.1465420345563362
0.7132300595786356 0.6656167786063708
0.2533316570331324 0.6773968401007493
0.9113711215318202 0.9552231896099456
0.8848946131788508 0.167436359643326
0.885842707887724 0.0340870029340361
0.6215750539534788 0.6598292805115283
0.7787356834996436 0.7772947176379188
0.2644234313624348 0.5766438767023051
0.9493499704895924 0.7488533182650515
0.3289832302437831 0.2748387681535749
0.6218761479770684 0.6299837945181146
0.3628404352936788 0.6477174658897602
0.8340710333280875 0.9552305436219983
0.8968790513786599 0.1215814127615527
0.1362387068739285 0.3442899156572999
0.2359485505379717 0.875476064055337
0.1484967808689196 0.7855796180702032
0.04489223752275173 0.2108523727332079
0.4376294237957546 0.3270015858105338
0.2133613479088546 0.9982695054688882
0.06937249243702559 0.01235633491695665
0.976241541300106 0.239841977925611
0.2022462433332131 0.8322304514715833
0.171205327701191 0.8908961923086092
0.048803086623039 0.4633677538496098
0.919460971831819 0.3898181304326261
0.4601746651538017 0.2255299697445733
0.756098680540903 0.1391736461809288
0.6998240887516519 0.62085950549231
0.5055683271963639 0.686502043738993
0.7651727140034705 0.7560321463358123
0.340620791041675 0.7844677365485552
0.1004828673422106 0.8054589070220611
0.9024050392562252 0.2056650430106111
0.5808171484871865 0.9356667977761307
0.6471452578281294 0.2193472295184647
0.9741359701447463 0.9098374601973915
0.6022448307039815 0.2985902250723342
0.7187211988229352 0.346006237280058
0.2982177318318922 0.924985341423418
0.2569938998040197 0.589263314588334
0.9957916111756963 0.3634145566164441
0.6394307184962295 0.2208456740280752
0.5117755483004905 0.6838149578576277
0.1986959490296013 0.1519041408458763
0.1073234021928573 0.3747573717631398
0.5680842994391392 0.5069695641313614
0.9871275189181055 0.268992502674974
0.1898703830204769 0.3363163166054184
0.19865198802229 0.786863615917076
0.2640853378813185 0.08971871179769397
0.757271791037343 0.0415393354713891
0.1589249890949098 0.9674999377339675
0.110233902055605 0.7906281411748834
0.1371870442538584 0.3436227287353907
0.2640471027319632 0.152137904196317
0.7565039613138781 0.8519082676882337
0.562836366977226 0.8520829626648416
0.9478587798027986 0.08039489317475612
0.9722448948626474 0.9109839345286024
0.6674836609656822 0.520203006613245
0.5009120667376012 0.7633935656640565
0.3024697656927118 0.869166732214626
0.4509894584762948 0.9645262115918573
0.8928904050119791 0.6764956718948466
0.2467123767013016 0.1859299587934214
0.7800744135202436 0.7305543176833426
0.1785905645391823 0.1488618059545996
0.9602901134981653 0.2424623786643485
0.6992333970888672 0.08424268926866485
0.8429827842274774 0.9754940681238158
0.5225432362000025 0.59582450487329
0.4177699208339789 0.5343388373966087
0.3445533930824614 0.7428793102500463
0.3633460576023596 0.9759297552389511
0.5207986762537009 0.4826076904242746
0.06417184274234156 0.1709968333433736
0.46140065906432 0.2112191411596804
0.6533042684456147 0.1871950748481611
0.6244137026645377 0.0903200267903943
0.9768211207360967 0.7523533602596313
0.9224151887915021 0.8893799757704295
0.7155875072062529 0.3000372579771637
0.4891398216991649 0.7342574745985839
0.0965544656386198 0.8196207789083348
0.46850604285307 0.4684637636204337
0.8866794268989524 0.4475506098616641
0.8231726437872341 0.7425396942444539
0.07611557858592333 0.8431699242077499
0.8528969897878089 0.5242329789451133
0.4491364994948769 0.6564889989616525
0.3914922967500858 0.007841772546365644
0.4896017156067033 0.963116387549356
0.006946927696502625 0.5583935649797626
0.654518929322149 0.2883231716177396
0.9473408666204775 0.03468258289450832
0.6222289864409435 0.1793383308254729
0.5198514238019407 0.152896882467336
0.8230946400546387 0.2629232737780698
0.1923579152595921 0.6832296381975252
0.8774928447374738 0.3833595302348194
0.8276613080439083 0.7587593090333966
0.03546556639185139 0.6059229998254818
0.3857843149681283 0.3176905133320067
0.08082096958354101 0.3047800874937275
0.02129618988305737 0.4769194423924195
0.08597905712045617 0.8127797433106222
0.4608125400430655 0.2580047491777685
2.802030852222526e-05 0.2425597582911999
0.7595325181334244 0.7078835483479458
0.6485302783845929 0.8575146089435024
0.3034513060525517 0.7298723281600665
0.2302693710226055 0.8599425700082848
0.6302303590078131 0.525730432902202
0.3996375924360775 0.4116186137983994
0.185018296371482 0.9835641359509566
0.1940978480923441 0.8955051328303367
0.9282288260241843 0.2202892016015406
0.8289451296415649 0.1569905118040111
0.5893191588640478 0.08182723062062047
0.5267032125907145 0.5101179279380795
0.7038460060610087 0.5076160523712843
0.255141847643015 0.1237229283187506
0.01051765529489013 0.3511289241002084
0.1102712618771783 0.5095578270128287
0.04631398244803586 0.3785344471310494
0.9592437302107366 0.8324781322021666
0.944800133811589 0.6555451480759429
0.2107646056657333 0.2039554852250904
0.7624007544523448 0.677621614279832
0.7976166363551854 0.2556844564849715
0.617737203340735 0.344561488074
0.4355929677177099 0.2810753310958872
0.804481238248862 0.9365590706970168
0.8340484300655179 0.5558003167580184
0.6675363517085291 0.6822055620225902
0.5245147835502445 0.3360881893319146
0.377585985134258 0.003519792740370509
0.2869623350321229 0.6803667050381806
0.4789272155123095 0.04643310135148171
0.4499455768928529 0.3051527819513394
0.8184432428027137 0.9627498538715639
0.0144206497556234 0.9104727360880103
0.1161154047360797 0.6969619275654348
0.4725859348925175 0.886275514978124
0.2958393536277528 0.5445247871297594
0.7740341470810964 0.8111170450853615
0.6066577868535873 0.7913418191458609
0.3497121600782298 0.9489757042377467
0.1796291027086016 0.9744587116840014
0.2924083245474814 0.1996968989820236
0.9633755394724649 0.05355080487896857
0.9898335556330142 0.03325396725690033
0.537655517206518 0.4174474672973532
0.3325226701099777 0.2607228717048046
0.6208652872993791 0.4603461100844909
0.4628424388452127 0.5696214886827161
0.2165070886020309 0.16834154885047
0.06293508548342508 0.3025591073819042
0.6759244963876734 0.4886465675120463
0.8683524192575073 0.8004235527997982
0.025181846318304 0.3514529629558826
0.2045461817250677 0.1075630960375938
0.04287281977858193 0.7918305644663185
0.1084361354334227 0.7031814356051264
0.4027098754879245 0.9149370632978027
0.2015321586051808 0.7848734853019845
0.4650228476714913 0.8289084095811312
0.3325847027931387 0.3099010694102055
0.5938744320183259 0.02881385420101568
0.7988764273423191 0.05205148981044316
0.09458888890468531 0.1187420002597926
0.1269027556064858 0.9123986691056927
0.2616239608228323 0.4858095896619103
0.1084373327762554 0.733828095949747
0.8889077716572444 0.8641242195441228
0.4710249955472474 0.6626684540189007
0.7385928452439123 0.4587012092893543
0.6189405114173591 0.8979056833090884
0.6382935722405664 0.6097170607372815
0.6600400776409844 0.2495311268154325
0.7303918125984195 0.151753946807165
0.837662681724867 0.4469422361670198
0.5423517286992696 0.7962653205071486
0.8773676124393351 0.1434110746837064
0.1428482473239878 0.2964092123150908
0.5586191878401094 0.5050578402592195
0.7429286952645962 0.4434911846257601
0.1642307845748083 0.613435345577446
0.595900299079201 0.4035368648707278
0.2224816792288203 0.5012941879153282
0.3054785013637443 0.7988308586680756
0.2012949806933093 0.1294427742830353
0.5023404320169688 0.5493417624536513
0.806573464135117 0.5477737740415837
0.1278965654371511 0.0008856826949315
0.6872408200033787 0.4496830345046755
0.4508762515479592 0.3757482584794722
0.04295413405920634 0.3621058911897949
0.1982090398490274 0.5523413338562001
0.432767103240504 0.7764495667111954
0.1419924762000039 0.6783240171447737
0.006880773559607034 0.3916305040574118
0.8737742228830981 0.1477918859549768
0.1346324408458238 0.1002638453180026
0.257221387722318 0.8553584220539433
0.6966591084807755 0.654534660614879
0.912964673813863 0.0770310151550031
0.1328750648566842 0.7440060357133353
0.6244254763498258 0.2848399457820526
0.6510744760972192 0.3883475774174554
0.7710986045361188 0.2307588568281816
0.6179978107265911 0.4521956715073477
0.9034276909767406 0.8392838246123641
0.00463763892676694 0.8384029800462527
0.5813786980996513 0.7512844693700523
0.4997375729816974 0.03913372024705886
0.9763575461904197 0.4148678779249154
0.2201667742760606 0.5201840583467044
0.6070489703700626 0.9980610416956406
0.7219683484218308 0.6266528228655307
0.6983468087025804 0.4508886594921759
0.7288923910047324 0.4967711027716085
0.4733108016390539 0.158568570889743
0.2051712594589338 0.3056028034409891
0.3616246324266704 0.9959795107681152
0.7614603076337628 0.5089308038379589
0.5529726398142248 0.1853926055206678
0.4687966415316176 0.6626384775055547
0.9249063863479886 0.8606653781726853
0.9795345840117872 0.5338008397378494
0.4833324888310864 0.9036706787427795
0.7856607045256263 0.9520436465481252
0.7488300856422653 0.1265855478613483
0.4999534806912791 0.289168488405495
0.6635405369051756 0.8224097902131463
0.4072159035687729 0.3630890906357895
0.732560737181615 0.4825311161747301
0.7880848273001803 0.7862367510720779
0.6736557003819251 0.9095249720455557
0.2309214890771816 0.9496222106692056
0.7886116878172684 0.6967339295882977
0.6240917535222441 0.02123675530088376
0.6989041155493035 0.2397902038015757
0.9650368385429807 0.03109961709673614
0.5493064424322242 0.7808434040834348
0.1475761437704342 0.03247021966414854
0.2633817077833649 0.5049218684664851
0.6700107319187983 0.6821404061901847
0.5850528346152802 0.9038704376383979
0.5958387176693137 0.9879941958463212
0.01371350220599188 0.6131354470411838
0.208025609440992 0.9795834168887346
0.3903063725422284 0.233373129664583
0.5499858148536366 0.3914645949257665
0.9100890089659888 0.2211603261550125
0.5363611358487455 0.1909292464804201
0.8414432135107996 0.776678223796792
0.8471573834304131 0.3218557929389352
0.8198544321096616 0.141525241500669
0.2507312494268994 0.8965777647400727
0.8788906419301359 0.2047170593652941
0.1355543880093091 0.1110363672174175
0.3675075731543538 0.955291839193799
0.7900524452959099 0.2220256562067231
0.9180816129694348 0.3042039601799724
0.8756442271449977 0.7108224951478028
0.6658694566112342 0.1901548904046231
0.6492299749885213 0.7598991145353668
0.6699280849271795 0.2306493112462191
0.7379601530266653 0.9094351665627701
0.228483021373073 0.9047112794772033
0.3591996125224881 0.1856871713341471
0.9252340225646911 0.8082974394672395
0.679812811649294 0.2073031515853178
0.6229804356227403 0.4420238249251398
0.7093052935968491 0.6193171118368163
0.0202167927646939 0.8359584540664645
0.08007100879557427 0.3149817466271644
0.4004437510749073 0.1969598196922046
0.8897645880243028 0.8647940083212784
0.9784953491231227 0.1520054008256895
0.6934513545852745 0.2895000525651852
0.8362297176803553 0.4945146947367162
0.6693253678595119 0.8133109102365578
0.9278188202714148 0.6580998285510744
0.9156198925714363 0.8122130462497145
0.6100659294624556 0.08283301181822789
0.608996021744299 0.850608911623774
0.5268266986103097 0.5013880046857278
0.1671323490865667 0.8681987400984016
0.2395153557497275 0.3932160214134645
0.8623314077154737 0.9763930890359614
0.9809278365613723 0.5539681860077093
0.5686448051494077 0.4454204278999629
0.5469110067242257 0.1855075861311261
0.9886860855900994 0.1052430397208267
0.9657576849922981 0.07018543489856255
0.8067145809653787 0.051171095369829
0.9941506799956169 0.5528466182673712
0.3479381847392913 0.6446145748883855
0.7176056085808795 0.8720462930415854
0.04907071612865543 0.6725535922328784
0.005692511625668861 0.6397812282338405
0.2158952726195615 0.962153065802046
0.4423243441740115 0.4999536207524082
0.5435281641414679 0.3812526187069758
0.854298257969591 0.5719387021392012
0.4220117976803065 0.8602888803392116
0.7861724166638289 0.5403801631715105
0.8657454681989222 0.2128802794993224
0.4615236402541891 0.8781956644583006
0.8482577543293597 0.4923761858028922
0.5016976349931777 0.3208484878669059
0.301910312383284 0.8951948925698451
0.08616782933064226 0.5292385967037174
0.4153795494360026 0.1472573550122176
0.5969618971966257 0.6730956180642368
0.06060580645401004 0.10314574663659
0.3642357348465723 0.9300407688935025
0.4594051216517244 0.5994886033949344
0.583353012161631 0.0216081348169509
0.694272338710592 0.870908723736943
0.7191290572217258 0.00732866791709097
0.1212508664766608 0.5735361565043267
0.2913662235588605 0.7176997579538833
0.2435393674722401 0.2974381135970022
0.4694938406662733 0.2006200732514063
0.2539903169490474 0.65270437967376
0.3684468411420674 0.6600369589087557
0.9932903317520233 0.370220943317922
0.1164045435639052 0.5791384548345893
0.8160698903931715 0.2788523875472193
0.4945918066556294 0.5896099234071277
0.3781121869848039 0.847359728646614
0.5849254265708769 0.01859848709869649
0.8557365042518806 0.2200474289605001
0.3430248541271852 0.7771715729328663
0.2228083965121348 0.4940269662604212
0.5072470529803635 0.7941727890056601
0.1993793985050667 0.7539024043227203
0.4388092679273743 0.7316276892959103
0.73249419462961 0.9820109425607525
0.5491204642197808 0.01167575296362611
0.9346051947557612 0.003817599215912293
0.1362839595755789 0.8884366234524248
0.7820562770341742 0.2911935489658239
0.5327317798435972 0.00321005218316639
0.4304222472402481 0.5812596936221012
0.03351720452586349 0.3328110766862912
0.13888665767012 0.4667789071796373
0.1920930232826698 0.2570322605678225
0.9732051717161181 0.6306365967153721
0.2860445519482675 0.05287331463606437
0.5855864408271687 0.9036453651050049
0.8340518049736346 0.7593316391417607
0.001278621290498383 0.3942434047204598
0.7777146290759734 0.01378569418644893
0.1956679351935177 0.4656470028542625
0.6166137920858096 0.1089448690215939
0.9868767766504613 0.8852335139321975
0.4852764541271272 0.1779356245211784
0.03124743298031185 0.1643424485183452
0.6489719906329154 0.9391883263365168
0.4030390276035615 0.8310818862684197
0.9334621342875618 0.0648743870947106
0.6913454745502339 0.1968916487895646
0.1075889611836848 0.40698083212661
0.6139872923747701 0.1481190248474368
0.2499618015164355 0.8248379508941573
0.9892412891673613 0.7645044182214014
0.7676081428478656 0.9814455103400618
0.5103609003792001 0.8705994891062412
0.5514900504205558 0.1728452484307487
0.3311022694239018 0.4004611525470668
0.8536601588807912 0.7825333580350553
0.1770405412772281 0.8143611077087294
0.8726617654826408 0.09220045631881779
0.07112993949663204 0.8859579053802233
0.1122932021497067 0.1705890683934117
0.5280026982131802 0.1525953776271454
0.742510269059358 0.2344778188734877
0.09210549434302895 0.8083057444285653
0.3438527011495657 0.8524260769068206
0.5341168291566268 0.4512249025011961
0.8470568792734409 0.03497883923929113
0.3950669518333348 0.943449159276249
0.6552818219560027 0.269865400413497
0.4730653982922404 0.1948030715746158
0.5776293518124852 0.1310475747621043
0.442534020255744 0.05457308263808047
0.9955567818674226 0.8669822097787712
0.1047890763633135 0.01951500691453556
0.1847609928977674 0.7723533510909574
0.522719441905968 0.2886751443328736
0.0165261570528934 0.3577959145896372
0.8498872078715921 0.8496000621561987
0.8575460710582831 0.1026958486549199
0.5385294809308475 0.5366757501986253
0.9313155917169784 0.9555095331823257
0.3352316876588776 0.4868802442839859
0.5343304695848132 0.5005162241317047
0.8911380948298724 0.5685111659023298
0.2160982338184071 0.1401454005116498
0.5259654775051414 0.1261818533070233
0.2455596536940052 0.02396068882888858
0.8650454367384803 0.170522129231658
0.468303759688859 0.1125380467123188
0.2887917237545663 0.7866319711872198
0.8556862277124626 0.3568173220559629
0.9128975000436295 0.6354973279334755
0.7953393251906002 0.7953263554410207
0.2929759055376284 0.01351392865114776
0.8591094817360564 0.1737549616852728
0.09096842343594924 0.4058471989177872
0.1233424085219224 0.8415700668970681
0.2853821305118809 0.9042130258093585
0.5882489034845538 0.5414644392946574
0.9309917711971765 0.694410390972124
0.9855976796720197 0.1055713239663429
0.8690641728524291 0.07326218059157519
0.6957884425649973 0.5699810416154628
0.1840063981968314 0.9342795516642733
0.5003545636611859 0.5080227376728554
0.9147368899015356 0.4670885036864038
0.8984052697890487 0.6062141868781602
0.5050181630136709 0.6055263416498552
0.9599563433503733 0.5559095234107286
0.5813416008410639 0.459836400188024
0.5754058023847453 0.7988029317948593
0.1029751118689454 0.737141498397713
0.365400750853294 0.8091499775633042
0.95094888939522 0.2553106673843764
0.3118110774147763 0.6001973137919879
0.822392257498998 0.1103854355172712
0.2751073393497699 0.7394596467103085
0.1218557545993491 0.7924695593434332
0.8285147851549335 0.3557189630019373
0.006671431364199454 0.1650411200124663
0.1286077013895099 0.5954147977805638
0.9030088032320731 0.7966483646738955
0.08645170500765353 0.6369037048253431
0.3861730039666187 0.2500932893471306
0.667369147534438 0.4725301051136525
0.1182053156739482 0.3850927630723939
0.0319290881001143 0.3253761195853212
0.5112500213473669 0.7127966327161505
0.5614879574312557 0.5993955373879183
0.1079984834386319 0.3972102203157123
0.03510611397469221 0.05223321564835426
0.8183381464521816 0.9252582939475905
0.4406738295611279 0.2219512771290481
0.6570080183116106 0.1696145730540919
0.6809579970613888 0.2873895786433468
0.4396812141155955 0.4607159351781118
0.1195691573059192 0.3588120801339805
0.4842836473752895 0.3243119898380981
0.9078046575550661 0.3886333707761833
0.1006375423021815 0.2809279041831347
0.8904343566620364 0.5026189753504328
0.2524700798076694 0.2834968109517554
0.04626921698297415 0.3253440090577462
0.9240519617425118 0.9618615931982566
0.0591160669220665 0.002864512615292747
0.7111964675541399 0.8738061601811576
0.4718572869118699 0.668543471953918
0.02872072719984153 0.9730077833292754
0.5229782899842259 0.1763108275236415
0.7670895335984895 0.547920167063638
0.08202684488183842 0.5616428419765449
0.3277301423868543 0.07386758063495769
0.1856936793108297 0.1851503250162935
0.3102962591521233 0.1243143951904994
0.2768123132001419 0.6208722660587674
0.5861955106210773 0.3059424656630516
0.1178535069075285 0.8061632220197122
0.1695808618037484 0.1100704144028354
0.8436771449303242 0.9277963442016403
0.9875506553549396 0.79757174751514
0.3860361740494187 0.7727292097651876
0.3388906171218262 0.3522522617400081
0.7231654885409049 0.7891439681227568
0.8016252058034017 0.4533136115376145
0.9189217580769963 0.6532069952624485
0.5245814048915302 0.04528670501738563
0.2544287059341933 0.4120827122994115
0.5281189922071394 0.4159826982507402
0.8724234815870476 0.5982011848749482
0.5547725167823849 0.8518320828813455
0.5149706823186333 0.1319989520383782
0.1073502287305975 0.7588706143770758
0.5667657097350011 0.9424237476471904
0.6852941091461617 0.6440391149561353
0.9120678110621284 0.1358049497298911
0.03950890446105981 0.5205890004066299
0.5742047720107742 0.7278647647462284
0.099005388270342 0.6313805196996284
0.2155298855629347 0.5693517813389696
0.122515460009804 0.3260989474124428
0.2291856231960607 0.9487098942283569
0.4135149545166646 0.2559260344710429
0.7590079620471706 0.7867931077275475
0.6541879453097458 0.02439937278053039
0.4339349119809814 0.7927026032665091
0.4341624834933586 0.08460090716892266
0.01766697844641019 0.3740204696306304
0.03145396974639436 0.255528120156418
0.7975233159420104 0.1955389454588541
0.9566135884222658 0.6973458393233343
0.1005873445672759 0.2425971623546972
0.08519278919482554 0.3695637953792519
0.3506708183320505 0.5722387016329142
0.2242121607272333 0.2835562438371561
0.7618967770564439 0.764120719754145
0.1904526363924016 0.4351691726408273
0.2976039656905104 0.1748626675217906
0.9620443013338338 0.6695294707904326
0.4013923875037575 0.2852916301857088
0.248161831153815 0.5411166859886657
0.250618654883254 0.2732985943454713
0.5442349945127418 0.1151969395407025
0.3600785442665304 0.4125931278394699
0.959176101630342 0.7271709789059992
0.6872524505492552 0.5146597581665537
0.5668288296069177 0.6434226655257264
0.3626156932605343 0.5508193786574485
0.03619406022152183 0.825157858669751
0.9589855037534449 0.03321638077531053
0.6669705033027626 0.4942731707854475
0.1864882862410335 0.7509919325452953
0.7237850729203459 0.8992767997363449
0.8325130617588081 0.9027644834103662
0.925986331731762 0.1198640993885995
0.2623780308997422 0.9426288586303037
0.8347187823747393 0.9774174842627246
0.7990520131896621 0.8310201611589921
0.4292867669725713 0.7612226503911084
0.8564666903343349 0.2960745095826349
0.408841528443591 0.8891576915054562
0.1680192552610115 0.7848987528959621
0.6116102052734889 0.5355419607950134
0.269668610914824 0.6058570270351508
0.1020597126870003 0.8569710636770386
0.9258990006576856 0.7622588292344231
0.9860013110082272 0.8485313992567175
0.2037603332379293 0.9058193575531196
0.9146233933288045 0.1508747154898374
0.4037916817171439 0.7486778359518521
0.7471582165467325 0.0726873868449548
0.5757124973782404 0.1421360309858016
0.115215383145841 0.4949956924450239
0.02829482703266406 0.3007698701325529
0.07000569142252233 0.03049787030943207
0.4173200741390837 0.1244690011620978
0.8539438759217899 0.8949171422508608
0.3687714854343185 0.6145700780587768
0.3120016881746698 0.8635518465509555
0.03207245482936139 0.6378347828480423
0.4947628699510033 0.6808018196266346
0.3719931660789092 0.7872694817147077
0.5478420494506461 0.7269158932407678
0.09213813974819851 0.8063432582593291
0.07402172183075828 0.3583070159344202
0.2789148423495471 0.2149984931262484
0.8767741805656185 0.7603131342395185
0.4707725003245491 0.728394355204271
0.8564101443883467 0.3482096026508733
0.3000316867933219 0.4725194033505047
0.7524677452478291 0.3641419911392385
0.4502346072638508 0.1609056409243962
0.5970333265936719 0.279563197230878
0.3119622576200347 0.6163810621911934
0.2980749318811017 0.7966646401622077
0.432843689491122 0.2014437121479887
0.3027197962027335 0.5822452834073037
0.4675938919743853 0.2783002123623973
0.1958284268956532 0.4841712479481395
0.8497400009008671 0.6677727201903904
0.9323203828880423 0.841882153289563
0.1228696529578506 0.5142590478794565
0.5297999388349451 0.841571471816597
0.7031657091694202 0.6310081574376869
0.1170573664239219 0.3503619824770925
0.4396467209992604 0.2826721660747393
0.4660896088917453 0.7918034613551476
0.6468478674617483 0.13590020625683
0.03714323530629215 0.5774978869368055
0.446045321738756 0.1328699265710805
0.235131055930053 0.6913205624907584
0.5012269592475985 0.5706466544766241
0.4771639708772489 0.5744616901702702
0.8927030944472311 0.1611900857403515
0.7552716325893658 0.9626162116464253
0.4499016043702979 0.2471672622124155
0.6059632676152161 0.12628850850402
0.2163629374561278 0.6798769096111895
0.5845179141470253 0.5361520353814263
0.4184402195817249 0.3057114055039157
0.742596707395815 0.08073405362031827
0.6247843313037833 0.08633033218162556
0.52010502993014 0.1629575240543195
0.4597233348776949 0.3012495723494469
0.2279449244464052 0.5437529460615798
0.6592236005554258 0.06952581998977492
0.1847510120397274 0.3583638501263852
0.06244994065615139 0.6443874532008181
0.226051413758539 0.5055969250336251
0.2873045562395317 0.7812664357787683
0.9929556495494058 0.8080922966542289
0.3180515401338554 0.7531272218144609
0.8002513787513584 0.7635455697267177
0.649021318072252 0.05563598697980077
0.8007204652498845 0.9897090315703776
0.3106020836437661 0.8955159988531679
0.2005699216738381 0.9639337697136116
0.8828377391247965 0.7026845495517533
0.5085043553142728 0.7427246811069547
0.3690535204834522 0.7281892863311263
0.7142521182496685 0.2874430326802504
0.6294451933266861 0.6363194762405752
0.07002505782094781 0.2226736934047612
0.2671790144655826 0.9145349274224951
0.8004848583177318 0.35376447797941
0.4041531425792456 0.257499588004249
0.3818013740285169 0.2832077856548876
0.3173112275057611 0.4378063286529683
0.6020517129746301 0.5191336746711835
0.5450814396499697 0.03615760194079809
0.8131633189655452 0.4878695588388465
0.8598605825158229 0.0005607889290769608
0.3486368758310018 0.05743036641875254
0.7484466919343211 0.6378366327962518
0.0165694656690748 0.3799762745933613
0.2679097344908454 0.4097957644006701
0.3825176226123438 0.8859271425083053
0.8989840846758237 0.2869474426790242
0.03918839257882734 0.3430254402630051
0.224155965324224 0.93091625344379
0.8505892038772951 0.4126362094298971
0.784165266008403 0.8406947157652449
0.7060800461974672 0.1408286429176356
0.9360109016544649 0.4947539552669951
0.914645422665801 0.6815058297683544
0.2957328383168777 0.4632672106596913
0.5073089245406444 0.8223479654755891
0.8575468125347908 0.8685918294431331
0.4607368013612717 0.8100225803715937
0.2517908611830828 0.7344336260451487
0.9155663300076717 0.2442937149860381
0.4698314911170092 0.9818786334384637
0.2933956451642337 0.8983539152144142
0.3210634297524917 0.5531471994029679
0.7136453623971665 0.7917717602249142
0.4551627175615615 0.9332635417551775
0.8313530558916051 0.9119059704963598
0.3729250577578754 0.1295360717824049
0.09211915095701628 0.5419670599105284
0.9855233749882091 0.1602379653708956
0.4674419186152455 0.9990198989478001
0.8558284883366571 0.9842382299351898
0.5190061303050645 0.1617908182185431
0.7011351443625491 0.980908642398519
0.1440829483724801 0.7692983240165004
0.3582609349591407 0.225271995222458
0.1527420926806572 0.6360659181193505
0.3819924550810151 0.7170136193162475
0.3841207390352085 0.9571915735374922
0.9090799295850396 0.9692141806526453
0.4901371555158331 0.1657067953789286
0.5124317062069657 0.3845903045663872
0.5592690824207969 0.5321553304887876
0.6339015648816079 0.4749710982941048
0.8818427630567375 0.6888712086415386
0.364560809663408 0.5888720588872111
0.4529966036225579 0.0932744631852509
0.10768241447391 0.296340616343065
0.8394741998880529 0.35953747982525
0.6993398234110646 0.9095397402768444
0.7175581165117806 0.8653226274586727
0.3768351102645167 0.1350075906228905
0.9188410599857885 0.8340241378888817
0.5805984752994041 0.811555573837244
0.3571972677306703 0.959500188782647
0.5114805000862751 0.6875146719832884
0.3821755591973359 0.01718307118883755
0.6707651188907077 0.4572977322524029
0.1297780307228781 0.8255187590149748
0.5051991205912796 0.4026020399975566
0.147523239293389 0.703017789212185
0.769509546722556 0.5472987157423447
0.8493099006617009 0.163637541987488
0.6696627193819794 0.2641318810788585
0.7394649393476381 0.7692964046557369
0.5982409733135088 0.7041776046675607
0.7670170904524989 0.3829754510366985
0.5488011339545826 0.1565974998549488
0.0003604616911131453 0.9673941160925461
0.03794372369816101 0.1170184262994507
0.1991524704159482 0.07835527689849264
0.831231671234502 0.6245113847478219
0.2489798170326071 0.3110842543752704
0.9379570935093706 0.7063113794242238
0.05245858426373751 0.1339256038200032
0.7216957244189406 0.888966204843554
0.1096445495111804 0.05770993676397562
0.7611129173625368 0.6577315885321748
0.8601711561865688 0.7987888070045193
0.554292613815182 0.7069657330142729
0.00761355662465435 0.622874597079151
0.9672390077737487 0.6524182773801309
0.3982239558531917 0.1551095718267658
0.08850128152631698 0.8069253653255314
0.4831496857221588 0.5356165161457678
0.2963881367934753 0.9894481772859279
0.2575031521488675 0.5133517387301028
0.4042673966754378 0.226020284851378
0.4167228365243201 0.9998490851344977
0.333209078847779 0.5882236135358007
0.1483870777855254 0.08972655160296905
0.2543023594639489 0.2395707338863121
0.5619119754778555 0.9986325678360041
0.1567492066564702 0.938436959491243
0.03673853191623389 0.8932304204227511
0.3450642775760606 0.04979897264181021
0.08191296440477269 0.002540630473798045
0.0892484046954306 0.01870349226548518
0.6808764048626654 0.5140248307449965
0.4415206275310326 0.9672397769964061
0.2811329233360766 0.6291308749768422
0.2816634292391854 0.9210284134580576
0.7932663980652729 0.6882801617435533
0.7974805712667618 0.9495674298803254
0.1992547642597454 0.6855672277946547
0.9591269486869908 0.08328119882550977
0.2003226026921469 0.7919066165640877
0.7780245694215563 0.1034644131470533
0.8727833305693176 0.6880583637386167
0.9695804962581742 0.1855867827084912
0.6999594470948626 0.08790564593969685
0.3525596983958152 0.2757352449210414
0.6371238085697115 0.4346690175135622
0.7089530050917056 0.1151726438014987
0.9348705429313415 0.0806357775931269
0.5918491085138492 0.9576214507761751
0.8095188143267014 0.03049406415320988
0.02841328832810153 0.604626197981869
0.6209727037701768 0.5572548591907276
0.1257152569181479 0.1964230812115935
0.1806170610732674 0.6973762511728647
0.4479025902793419 0.2209131527192211
0.06648780682254873 0.9758982660523506
0.5516368641863572 0.4532689650901185
0.1904153618050105 0.5344949387503678
0.8843669071549087 0.3498505124574832
0.2319233214043469 0.008170019972523201
0.6629277967792353 0.4457692187768162
0.841594318280107 0.2821521312677092
0.8861804796327692 0.9554211642365713
0.2978958834960873 0.8308871664139955
0.6382429254167203 0.7746585488669987
0.145930123907419 0.4811736269886761
0.9688160677206609 0.7791882163758769
0.7470441744019938 0.506871670841033
0.05127175758681435 0.5278001312999735
0.996383111251796 0.8529938233014843
0.7734542095703254 0.2619087509508541
0.8202483193414537 0.7323746736115627
0.4476695823239949 0.9641089052459276
0.5561484172533107 0.1842062295535017
0.7307086912407578 0.4388430231547641
0.1919573350979473 0.0157145462652315
0.008634965050338339 0.03513205628017557
0.6823806976379647 0.51179970130202
0.9105369501407307 0.3926776939798611
0.2346684249455734 0.7368599205011046
0.5585161108702928 0.5698139635214827
0.992280579773604 0.9201532643594217
0.1653753579128282 0.07160258595607016
0.8896584975408431 0.0202209781487539
0.1690779942158379 0.3111043968641631
0.8636180759120134 0.9071590936923756
0.881000856605613 0.4459299262698911
0.2935713668691888 0.8444110287379687
0.1925519155980374 0.3383369531436605
0.5099695019164137 0.09095251377297997
0.2609539161909175 0.762352663412346
0.7591707872962067 0.9206750573001157
0.5507729810421701 0.8779464418078866
0.5156300770391918 0.8193532017462863
0.9637000865380168 0.6797530294831966
0.3585373427784716 0.3846971106722529
0.8347040931846967 0.1142712624749137
0.09975419281252518 0.5718214964386074
0.6659653722823684 0.2303520112380246
0.6366197321556188 0.6602571636670955
0.7342300155694825 0.223579273533316
0.08561028939263315 0.725726199529992
0.3042834405801266 0.04350869227919352
0.459456024904719 0.6254926037654897
0.4736917192832999 0.960238752584054
0.1592238418773557 0.4294245170048594
0.9301222127811417 0.530433319188072
0.7738111124883852 0.6040758549922812
0.7528750645843053 0.8242234654987164
0.8315682918948429 0.9493606729279956
0.1964668656798484 0.8949788069260648
0.9894114549023971 0.6017511912248069
0.6498784058947725 0.2475634327291757
0.8183143972750996 0.5134784630889818
0.5859975404977431 0.709917185392214
0.7712170174432005 0.5082806795502477
0.8352839173642037 0.6914257758952237
0.1649684313858913 0.5481847164972501
0.3474586967141254 0.2936904390493034
0.9467629586042866 0.8361164398533734
0.2094089556979807 0.6595119507281841
0.2474701924095318 0.2694704981347769
0.2058771197893576 0.6034105397247477
0.5532482726234953 0.8367353898478681
0.9611537928189867 0.8058510496856504
0.6046442314797252 0.08333493398850356
0.6135451481643897 0.03922206857031107
0.9154183317184782 0.5542544833926375
0.2459839365920206 0.3200439372061511
0.1147931003511008 0.9284679853540669
0.1086634158910257 0.5646398894793935
0.9077595383053553 0.5125126796301895
0.7371071049510668 0.1749089149429702
0.9766777435943206 0.2397307997141885
0.7062249517665132 0.6824688511275565
0.5928024022891849 0.3725410287289618
0.8535301191498706 0.82997870162715
0.525383728915833 0.2286783067194956
0.5175533169295866 0.8338321330644213
0.3729317385390065 0.3970767824120692
0.0892480005310653 0.09717584846158844
0.6468085301195389 0.7416704836892181
0.3597362968925242 0.02435895716787007
0.9518938399599494 0.7365921084804513
0.1329254421081123 0.06096593060901401
0.3879314763871696 0.4806573746098344
0.5514045355496039 0.4059812712151121
0.6578312904055114 0.5644994379536542
0.08372940072693558 0.1981335714834115
0.9697289352101046 0.6124221653263675
0.971981597782431 0.9537759410154194
0.0220145537382942 0.5545216522184085
0.2733504595586215 0.2262687563963048
0.7521236556411462 0.3495133650589395
0.08556140909096466 0.3203986598048197
0.4336129116658878 0.4433522955450171
0.475770626839806 0.1454076726418032
0.5133034514610086 0.8417609291865409
0.5799274591268296 0.2447527730996151
0.4544622076043918 0.7115714292540468
0.3061024742448892 0.3334495190032485
0.4222726715900856 0.0683203366222841
0.1583784096239896 0.3038353503272987
0.5532361124887999 0.9884193532166748
0.9784928852128632 0.8438434632783907
0.3996585921153252 0.9870642932540684
0.1650628846703303 0.08856343601671879
0.7693853775480703 0.8404015997391958
0.1807178189398112 0.4546376994631932
0.3456419289836055 0.3139190321176917
0.3559148874247334 0.2924969331287495
0.02813427948805802 0.861280699089024
0.7980902415513187 0.297356253990895
0.5632667448805043 0.8130435591772143
0.6113183286179231 0.2120725220346611
0.4849219233993264 0.4728156571235523
0.5717225899043197 0.348192916440067
0.9901250212383591 0.7201606336829104
0.522723738454424 0.04695061099985998
0.7818464350874358 0.1415191593838676
0.4135374180950664 0.6681294116838353
0.3729629615101137 0.4425861002273713
0.6233825549406049 0.9537751192424031
0.6935363343024791 0.8026237330281821
0.01404042256353533 0.3448109749747219
0.7885243910116954 0.3171274787440174
0.7141625332622503 0.844604313928833
0.1656488924791114 0.5223816549142095
0.644396198168475 0.5738616258970564
0.7825463257765624 0.05462775859993607
0.02975870215076792 0.285128613699121
0.1286580176914722 0.5105190550457428
0.4075644695950545 0.7945323788511764
0.2421393156873705 0.8519648719188956
0.1509920451198863 0.400117682025216
0.193656610284398 0.8384274448980635
0.5046873503641222 0.1265852331459986
0.7642023418787132 0.8160624736575055
0.9050155609724567 0.9916247244089834
0.3775962732682152 0.01500103207106163
0.9266023195584945 0.2067307841103353
0.112020377371732 0.4602692343077774
0.3930790916813278 0.686780336992922
0.6539402060132219 0.3604222071886012
0.01553401733187176 0.3440716449252625
0.2655053291923782 0.2061579688292104
0.6260483357020822 0.7403497863514028
0.1868968343845543 0.8863645777855533
0.2085130907021617 0.5568682947688486
0.08110089003157306 0.7941832426294972
0.5810830118125464 0.7665762234358726
0.9614100374423734 0.1410389287612063
0.04590661347710745 0.3502047707076038
0.08589549782440042 0.02962389388233388
0.2554392120718889 0.7267737157324986
0.1090836697128914 0.1056843842546206
0.5751608067285614 0.6851729285491726
0.9371596602389929 0.7449484259538083
0.6951536313623194 0.3547869424039872
0.3383376552618103 0.4835836986608865
0.4876603928850971 0.557484585985266
0.2297357018265597 0.6656003999772785
0.5451045781018811 0.6231550180862728
0.4714714522312249 0.3252834663552876
0.1797054027347244 0.1615980589897917
0.3973681886921669 0.871770505189622
0.2374414335145463 0.2026023796736922
0.4112631414488669 0.8305575001082263
0.5214193440484776 0.1170655905554896
0.5477682340894634 0.979638744985816
0.0454413627813558 0.3510953095992508
0.516869878815983 0.5765890002238481
0.4124191555639133 0.4181512738900152
0.6449566622844166 0.4885071495044513
0.01601920561148251 0.2058861174870029
0.5871748184853453 0.6300390468477125
0.844828038170419 0.093617294837115
0.4416148158978516 0.3341314286634892
0.06756321531962817 0.8584939985090079
0.4288401837567525 0.9553756609282329
0.8492063146428547 0.5818513291191316
0.170596617249493 0.1349955696116008
0.9785889075064395 0.7964545873160235
0.9138739618425336 0.8049876377344924
0.2815929220250811 0.08484430895834927
0.4729040675495954 0.748975802619702
0.2374554059415082 0.2334937388808274
0.3838699744043601 0.6768331532542593
0.5400898999287924 0.2130885835446036
0.8120295831014813 0.6589144921210811
0.3399777240969812 0.9931167758302251
0.0970610025541645 0.0554819671812391
0.343950344548192 0.06552773389183075
0.6441504723247278 0.3927707836334484
0.8109866674850745 0.9897611858610561
0.3300528493337013 0.3872854069663294
0.05631318533990337 0.2888036624908721
0.577978073249901 0.4728264837807176
0.2467178917086966 0.7989735831066603
0.6805449385048877 0.5296289838118474
0.744677346041057 0.09169743210093195
0.7856150233709208 0.24593511594936
0.8677491303697723 0.03417801971725698
0.5553286150854697 0.2308717700261878
0.2253137367298985 0.5834766854114212
0.06116889840620898 0.7809803886237251
0.235301238125696 0.5923017091061927
0.8634670634189854 0.8896855257724344
0.9237112523427164 0.6765348919857779
0.04590488840007334 0.7304307402732797
0.7531587422984339 0.5654855277329979
0.476419907156387 0.1680849986345181
0.8760213506577662 0.8037686098129337
0.4449717898802125 0.007582618927183149
0.5526049616423759 0.763105849365629
0.8990287016938789 0.940337852427845
0.9410480794269717 0.07945096771346727
0.844071779267772 0.7203291204976165
0.8597962051306274 0.2470501000215997
0.3381259901280488 0.6144189716197854
0.7330085268345359 0.09791271820894654
0.5978027877930001 0.9518088143651933
0.4583890454261004 0.1264247432530035
0.6800762126379643 0.3205938055286719
0.331677162637818 0.4965575273220557
0.6912117566050596 0.2553479452984297
0.6878360966171465 0.05578631731238548
0.3642536666226281 0.6065602967296291
0.5988496340262083 0.436971127014667
0.3918170351757166 0.354071334892881
0.2694344713291973 0.1026161812000944
0.684079166865755 0.4260120195408506
0.04463339167822056 0.9583433662903608
0.9372143094003207 0.2842891861148118
0.8390533704443314 0.9147689083651622
0.3809037062987343 0.3018968926787032
0.5377146775518645 0.1616512990201061
0.7401287461153702 0.9008341796787845
0.5062023263208424 0.6185443314566673
0.2512420234009438 0.9284495387759303
0.1040867735797069 0.5623263871492635
0.4056494456934073 0.2460683758765928
0.7082531297191096 0.2595689629292286
0.2139717221383693 0.8086398692140245
0.6879079922649679 0.5597001900683947
0.2773921464377699 0.2298319329907699
0.7388922753233057 0.4814074425380455
0.1579347397412615 0.337339983404355
0.829662086444928 0.1358533359842599
0.8519220796448548 0.7242236080129657
0.5978413809321984 0.2225212043993544
0.5905959214768898 0.828290934505231
0.6454298422620987 0.2914439772918725
0.3371516031809583 0.03805575459650345
0.01080988471909705 0.4065537168218596
0.689816967677255 0.2235246731826703
0.6058153947291022 0.4747054024776641
0.3556161504322335 0.1243081660627068
0.7198527919766029 0.3693633831837331
0.2316198314386021 0.7262486197235244
0.7540554826299174 0.6869383993558135
0.3740075888389296 0.6825050742391385
0.7454322947082459 0.8749388910123379
0.1167942986695959 0.531528711894199
0.3710754438099778 0.03063157839506581
0.8477741751750397 0.4581182157816271
0.6353763167125906 0.9128538272559086
0.09330271683203495 0.845955890543202
0.1501630084309195 0.3908161682829054
0.1011041795250431 0.07371637864386693
0.5688955277517586 0.1758330260675606
0.3125085821255943 0.809383929421982
0.6327399117610494 0.6225051338233337
0.3630434005323337 0.1558893622930901
0.5093725999524177 0.08606385338896072
0.4360752350016878 0.8176970375322372
0.3853427951200458 0.415901433546815
0.2490480503039855 0.3781666924748409
0.441283436393764 0.1477663234205936
0.9159383237328307 0.6356778211547686
0.848653975185657 0.2019358656233929
0.6370788770966727 0.1922855958397602
0.5894602303064699 0.06981774506762206
0.8608753197002553 0.3744090851689276
0.5151788885335878 0.04258946209752246
0.882963971193535 0.8440929274351809
0.5128354554853425 0.4141031195741626
0.3936237184878174 0.1951433841530391
0.1848992353416766 0.04867797127448181
0.09024119540312503 0.7200836432183062
0.5678680615139116 0.003767222390332559
0.1559562312111729 0.07139522203152004
0.2379243881553561 0.2423147007005579
0.5645343049845285 0.05549593858160318
0.6049165973493213 0.6863921600252535
0.1270747473814875 0.784393916524143
0.4026974919722714 0.02519489564935107
0.4051451408047283 0.4253206346767525
0.09438930540005519 0.6921640060511702
0.2991397378251888 0.1851941612240656
0.6180750907888904 0.1318734186074093
0.5627895970891845 0.02880401145531686
0.9561793156576559 0.7524176012388665
0.1740293563906702 0.5697265541398326
0.3649582879866413 0.1564185175481231
0.8454006443449594 0.8750023086322949
0.8841779177398719 0.9837854596158137
0.7557503929072037 0.9265404828216427
0.2317508694499969 0.4265341090510528
0.7302354134724431 0.06360441878078693
0.0963423431853131 0.4714605925952572
0.5706493667925496 0.3679866342745897
0.9425499499901686 0.6427885943680648
0.723783157247633 0.04077468631206338
0.4696183336877046 0.4172594655409624
0.02501010249438196 0.03855932827843978
0.6741379909746126 0.2583971967101704
0.1907689166701116 0.7774212933937084
0.7984898415122997 0.1649944272246858
0.3651348758204539 0.4832331427907284
0.8110084100135441 0.6271949847562033
0.7676285744216529 0.484190760729172
0.5758628702188403 0.7477137754576316
0.260247540779928 0.5712866040434905
0.7812656443746943 0.02447620451774224
0.6243657529800271 0.6647759045351173
0.002088816677795813 0.4967518251382806
0.5037074450216331 0.9794652138680402
0.8701457993720672 0.925502814944847
0.9687978542062868 0.2133379735148092
0.7627277599967673 0.4250024555171645
0.6156047304902835 0.8616783514873906
0.3897735750351519 0.2822361549486149
0.5220184584649961 0.1732077678364804
0.6717582734943147 0.7174626389711838
0.3577934871404393 0.3123362915891308
0.1960486187841547 0.373440622685457
0.4798063502436297 0.7673974578728433
0.5086724654697271 0.3357570236357753
0.838346338496608 0.7268842667592792
0.2950293237021754 0.497939616850962
0.279672094834398 0.03765800403115449
0.2981628578091194 0.5487936403965241
0.1195675762169662 0.740331317419534
0.4557540017894655 0.6899467450752155
0.275758668356346 0.7939020869500384
0.2996295911478289 0.7138026355835316
0.04340748426836072 0.9415579540922732
0.7232803630643984 0.5600372767702408
0.1827032541688512 0.7627499055269414
0.4804295022957211 0.3521692504666306
0.0708172465597493 0.004449144419701789
0.3295865107634385 0.2418480375773669
0.6829497442509291 0.8759111386718703
0.3361572907911793 0.01924658438837112
0.01831558666201571 0.6605669032510967
0.2794467946964062 0.8462692378399239
0.5588863060704784 0.7307469192496939
0.9161308621111722 0.4081412717264021
0.8568655003844071 0.1512065124870046
0.537913053547129 0.9657814600369103
0.7865985078022493 0.8830656882615243
0.6322929536065364 0.6075686269705026
0.04015772728868294 0.5139072818229885
0.801757883138835 0.3905170844534398
0.9706271007968958 0.9703692671372598
0.9753249106550589 0.3799097424015397
0.1079021936522583 0.9396371434812666
0.5310559285678104 0.2714988747080209
0.8936788103752821 0.2095346158061216
0.7451696210915796 0.1785122143702688
0.7371625502916073 0.5365778451836872
0.106829655054158 0.706670195954422
0.4563421216770678 0.7617080091747059
0.7381885595011517 0.692607214161738
0.3690573783406461 0.2138368935927023
0.5742644552218987 0.1632660976869321
0.5331358274445136 0.770053715671624
0.8501980171230119 0.6252254608027679
0.2319146904455459 0.7786052462057528
0.8735015808545663 0.3533619067110891
0.5236933013166527 0.6884714899908401
0.3935737654011427 0.09500244084988685
0.395856641699507 0.8383784264786405
0.820941296785213 0.7644593716819394
0.9990827955140864 0.5482514580242455
0.9180548151910426 0.8164121531151495
0.0269112196081388 0.8034800602993075
0.9924603590028237 0.922854546432155
0.886335919201138 0.2721217331745452
0.2637986530712543 0.1217316466341544
0.8682023455113598 0.3347294292103679
0.4201188981399204 0.1453476444331151
0.7730761124849415 0.06286086064790253
0.009663648783844625 0.04244486324713148
0.543717932846239 0.5033773713413892
0.1652801840732149 0.7323968881802445
0.2543650370423075 0.4104998251878313
0.7226309848802323 0.0494831195790012
