0.00107032121420380698 0.18778368849021620512
0.00136137468884289792 0.47989719453932822013
0.00180013158817693398 0.75649789789544774621
0.00182551212738568691 0.67461709680964476732
0.00242543055475974391 0.31059098168743981550
0.00282109146827591584 0.19962242074893229993
0.00318829288779920493 0.87248786404956113483
0.00340112534399983303 0.93478651474010654443
0.00402958908124362303 0.46629109342785041159
0.00438849629682935838 0.62304897266975911574
0.00452945826674089336 0.71620695839841330699
0.00491751749541902237 0.73111845428801058855
0.00515741047831053123 0.94293742009048575614
0.00558452347126414672 0.59316073653788570219
0.00573069155121574969 0.91961373112025268650
0.00580008461197634162 0.35220196477279619440
0.00597734581362663331 0.35460563237148717830
0.00616151768419193058 0.72990664235786373304
0.00648874150870903943 0.70556125489898202652
0.00659388878703714987 0.60926818686133588088
0.00676901232836657485 0.84563782432626088958
0.00732112089525249841 0.29196334133137802347
0.00736448798261524207 0.14311462956399820246
0.00744552453984093088 0.35281358478742541607
0.00751580721768108084 0.04231211863806894069
0.00762230189193757735 0.42339075351994037710
0.00805211602826538808 0.88501719997748340418
0.00815801992168518897 0.40365084508420989717
0.00836248029781760938 0.76874975897687070070
0.00868150690281677129 0.46860820841101097356
0.00870570298075457050 0.96572756698195216796
0.00899973066713788405 0.65870823331407024614
0.00911563960172567800 0.90750815491621561470
0.01009874294457368919 0.94731205133386586770
0.01019405226549729981 0.87850075262809079746
0.01040193384032450999 0.24895476256758208855
0.01053855624786559017 0.89377447873618254270
0.01113972297416344036 0.51716192103292712989
0.01128020143255071064 0.82830110743288343222
0.01139003190117338082 0.34885230587444132633
0.01170380118172121078 0.97873717191211928590
0.01239591746737122961 0.85506570158604400245
0.01317477420992808033 0.45623658283806378666
0.01369361995906170915 0.30480927967418541824
0.01388374952748283944 0.88771013074586357927
0.01393934770395621921 0.71910516002625002319
0.01463853028115669024 0.60429145816667173552
0.01467726030295135944 0.83495693676768700797
0.01504614112084656959 0.97408497583163411448
0.01580885353989902944 0.47028734549862072356
0.01587536073718731969 0.35771151220777841484
0.01652201931368868851 0.79953613053630656626
0.01663183156057356990 0.83309290164716875982
0.01720358098920515832 0.36977788906066477725
0.01757021270378599995 0.19423098927142470882
0.01764959702293366836 0.83112639488272477273
0.01851552457862227011 0.17297460403658471151
0.01866703378506772912 0.98590659487167575659
0.01903396180799377113 0.89864555031541504260
0.01941608260753647022 0.95322021570498238763
0.01957786736782629947 0.88374162432258751565
0.01978799860404789959 0.84238011649769595213
0.02014662620509822047 0.18181498427957851205
0.02029290637817305135 0.27123994443275228905
0.02131109776759854135 0.12644224197496689577
0.02131781142857913994 0.56545775437585288348
0.02197768185666327048 0.32594145830771681371
0.02267710641881770864 0.24848563848909629992
0.02339634108393017983 0.25720151716396560948
0.02353519549651960849 0.45536141018759279664
0.02371480548748150854 0.77594439502826995092
0.02376844070793127095 0.84964127461957994480
0.02531575180188327945 0.81234009398065809560
0.02563575636771597832 0.57415268627899584963
0.02605795454109017042 0.95659231733656402419
0.02694696069581381873 0.37342651881886340659
0.02720345400966240126 0.57738975328691888311
0.02757041090048905838 0.92921734194839844534
0.02761582145966789970 0.99942489515889132434
0.02763070538598411119 0.51877875388026395420
0.02888387666288038877 0.50656669560352540760
0.02897203669303272111 0.54609461841313311492
0.02913185801993178892 0.54048718248189875357
0.02960738966355335941 0.63819468077872554268
0.03011596183198483878 0.51224437479271278661
0.03022822912313305119 0.90038629768129474495
0.03038816822584911037 0.69382046534172436836
0.03046872192276061861 0.77752004753641901225
0.03061452850857826133 0.99257126584791222079
0.03204559419784069885 0.57285835996263845260
0.03241432809166389095 0.97470771521980992258
0.03256000855993623766 0.49950994434556977852
0.03316329441883125728 0.93936627287872254133
0.03353932669860947707 0.64034885158188747933
0.03359524638475575031 0.58824181556764709722
0.03373658257056155740 0.70831876969489870888
0.03445520117346768246 0.89756170521904810045
0.03462229365695235206 0.24877264901707860090
0.03463772015953880956 0.83818790524080388771
0.03541376430083698068 0.05562096001504702319
0.03600805063538514705 0.32634020971883692663
0.03640466460990309655 0.74288534390631000282
0.03685825638367112855 0.16495991919368280243
0.03701255839270201076 0.81976182876277547962
0.03706569703549966732 0.84876393515134829215
0.03727742853005688861 0.25010416993447420753
0.03768154383132837904 0.68640855682005430527
0.03835918086591694198 0.05519793235363767980
0.03869903863744517114 0.92758389184964451513
0.03959278967812662753 0.75993333657714023932
0.03978696609381848770 0.39277634558662949393
0.03987127262674571709 0.84481888656030146301
0.03992385743460469261 0.53865495267973129145
0.03998615140491545983 0.91092698296234186905
0.04009650062215908140 0.61387830073847315937
0.04014347638528070750 0.46203244015411037982
0.04015082775044165331 0.51118993215272501285
0.04017509454157298238 0.53471738119591605276
0.04036796597822466665 0.50513528315517297607
0.04082349029669762874 0.47248254503566439189
0.04160887213498166287 0.94381850789655907796
0.04215854691830268203 0.52286851696110236976
0.04249219017142313870 0.45937194364565242521
0.04308890901664619300 0.99455800233232571905
0.04329623498424973321 0.50453368416533772578
0.04330827959650108278 0.13028598066314101001
0.04358725814739072835 0.69127877084181443834
0.04405460750641221335 0.80320970991145668183
0.04422975731175404768 0.34504451439137662216
0.04457623531164379288 0.91984096889324351576
0.04471994407587209786 0.38017745820500831178
0.04487349741731105901 0.57232645420492989086
0.04540481580421539681 0.73985533566816752415
0.04541022766292435175 0.94802525721299191197
0.04612426588289252755 0.87988645620260030888
0.04702325492383319094 0.78198433088808161351
0.04778151894659332655 0.32601532776097991162
0.04939483042855530304 0.21217557233890949053
0.05052632771913456722 0.08048961749602234761
0.05078207001817602873 0.27976774748638011392
0.05083931338890790297 0.57699634914727959689
0.05108897854361892782 0.71945566855479370361
0.05116356777468922257 0.79988942127820128469
0.05235557396724743739 0.43328560182910808019
0.05297049148100930333 0.98515436990521820793
0.05315099472863760166 0.60811473654445569181
0.05336615018589496717 0.63379741851811932651
0.05393497113771383855 0.78798036845953944862
0.05431760491656700829 0.37399327995757708498
0.05438642948425064655 0.32890337745507042255
0.05460766635027448218 0.74985029961029714407
0.05476707967070892913 0.54863529657395082584
0.05488356309291864132 0.28361709098036430587
0.05519323115674346081 0.31682949849597508152
0.05526205885178214761 0.76777360503491354216
0.05562023358126855221 0.42016310968207781773
0.05585852104381117123 0.95538437081797722428
0.05601259319478624210 0.69868601206013136729
0.05630683854063046195 0.03972668384481659043
0.05837874641284956923 0.11681264770161430000
0.05919243159716124775 0.46619738126666532274
0.05928463443623965823 0.81518371643939957494
0.06078282490572339825 0.67172945332191957846
0.06114407781220942972 0.30923086319352238727
0.06146580458813943881 0.58219303341402062202
0.06183325344256584977 0.44138457175591738757
0.06184509714738851277 0.50624316804500724132
0.06189502988460481719 0.23741359453727650664
0.06197463957824390218 0.78418365906606501969
0.06201024708379421213 0.90667149293688020784
0.06221074560099226769 0.66671449321679154831
0.06237718247890378098 0.11114994847665579658
0.06259569114819263369 0.60053334029726779253
0.06294143005392205392 0.54649430916307217831
0.06300174539097802562 0.48086941027727847509
0.06329837457389519972 0.95640795625549190895
0.06353995080286722885 0.45065570446333380605
0.06372424633269990757 0.88972457596059484342
0.06378107016325673673 0.63419718008414671662
0.06455237939954938664 0.38691908209695768939
0.06474952597632765983 0.02706376064516969118
0.06543241246487740970 0.83163782293300658743
0.06713044611338103707 0.57154650100268644675
0.06714962364761345448 0.26358238275125078776
0.06737257279854802494 0.96464694764350966683
0.06771236439392946949 0.23477768696913739466
0.06795452427421999619 0.71636284934914706835
0.06879828308776159140 0.71742966462088497703
0.06911701727094410330 0.52636344222131048465
0.06918034629626113041 0.20559286521493699840
0.06918404272708500446 0.36107325422931868530
0.06965863834164787161 0.68036361241717735471
0.07101738211119923427 0.74413371939782657627
0.07109722138001139946 0.93047233370197790503
0.07157865142797859015 0.99356337314765252877
0.07171605011363513249 0.30073547072488887588
0.07184394934873850058 0.44564995197432538676
0.07233012468955324348 0.45182924851524719490
0.07235867591878675231 0.82446834624412534964
0.07257374973064267820 0.29609986859150411176
0.07323980856006551132 0.90348092273296631838
0.07353756318374227163 0.25556238991316260201
0.07387363626711884734 0.37093384015509378582
0.07388253801138133792 0.73642837969166341505
0.07399438492357257591 0.77706888520948824706
0.07442906772214208377 0.35648256490434038213
0.07446512008791572601 0.69894058594611008228
0.07454365237875804073 0.21737471578537889694
0.07525685551509719851 0.54687596780707181665
0.07547593211367620292 0.32993922099401057357
0.07561207043682161011 0.89817192982277682667
0.07584029278168225030 0.44698764805485680096
0.07605886492527380582 0.76829219523155678484
0.07629914772693613401 0.20802997235533990383
0.07649348658268528833 0.86008182780300723724
0.07662755886966154950 0.92436446074423628261
0.07676415886562915070 0.86438416531693240685
0.07701442515434764324 0.57966097224017054668
0.07742997943015050843 0.00433365168964738867
0.07808811099744550344 0.20006474491270140326
0.07838838749899834646 0.22071714141645148999
0.07860064709891734225 0.07763183016538610648
0.07911581888139973540 0.18009543392880331125
0.08002455504103267447 0.44452325554233407257
0.08003327719088193515 0.07072215639690826450
0.08070868427706467951 0.94428237811860982198
0.08120728113184272345 0.28243464485725500168
0.08165545795215778391 0.61415807295705049373
0.08179311296428926070 0.59857329831208827553
0.08247349661565739343 0.05316524678958844952
0.08279589996926117745 0.66226671123443303646
0.08332199263757533725 0.93929216169103058043
0.08371501067193043433 0.36521713462530608352
0.08393855395231564209 0.75231803009289066608
0.08566941155572738165 0.40592787256346457569
0.08607371449268663710 0.76445717088984366239
0.08615537780742832386 0.70017164910329754424
0.08631630553269387107 0.67408993371839653896
0.08746086870195601826 0.60745622204861426940
0.08760126860951844563 0.52653484018345952933
0.08941502217262708996 0.58144978737284036541
0.09029039391945470339 0.68582540436801020522
0.09055720127156341448 0.24446115180506131082
0.09067106604547137128 0.22003150069494201158
0.09067872826943434994 0.55200258123404910560
0.09088883911881795452 0.73980584305334273765
0.09118596680875212801 0.54031120227129181277
0.09134841721627362521 0.41086948104830711692
0.09137769673073048438 0.85875740878926176691
0.09165876261281913351 0.22628366045855749511
0.09185849729787021190 0.49790596209746057488
0.09406074501216721284 0.97658842581898597235
0.09749086047008848066 0.59989693998563797805
0.09812011688620891903 0.14173936253812918773
0.09852601994436216426 0.90029068221309127562
0.09868023043179396936 0.38735874706114659105
0.09892760594973282195 0.21819775516377878932
0.09968178030954133462 0.19577273319040131017
0.10210324547549780305 0.97267829851356024662
0.10383272029303940165 0.57604085876108857001
0.10445638553139459381 0.85397234763894880327
0.10453782668620970053 0.82843610210517149017
0.10500172960443139580 0.47841338762197821444
0.10617769884675699876 0.77819908328422682242
0.10707874740122649837 0.13247481184882378691
0.10727559455976179437 0.84372298228349795757
0.10745829537502439577 0.09264754605806102550
0.10841172546546780364 0.77271086232713637187
0.10866552884697190662 0.56580347980198697488
0.10993810528045309949 0.81297285631798565930
0.11063406487110649667 0.69012466650096826459
0.11102018580928839364 0.85948172303108172354
0.11130848799769209323 0.86728349445770158699
0.11138395260038490286 0.71371994417376261044
0.11213194941119510040 0.04264031305489979218
0.11214487437040089601 0.83884846473052565585
0.11224869296294949506 0.51254549493978884822
0.11295561694256600616 0.07038349931020171368
0.11402253625511089841 0.93539383285482313735
0.11404403192431909753 0.34457797107740761877
0.11429867015369180039 0.68444074799448606505
0.11472717781226900169 0.94875584630878639913
0.11568395362658749626 0.95766037377570056854
0.11649495771226299479 0.63834071247282719863
0.11716956709199000120 0.87316330764941962883
0.11760583328819700089 0.76148458341620017809
0.11765971672879549370 0.44897397187860621504
0.11805267538561539653 0.57725024311016537304
0.11851039411603900287 0.86466228648653042921
0.11886713328599600448 0.49635143108780571675
0.11929949971349210203 0.01938242546824863952
0.11985859134752420430 0.45306941902919761755
0.12010718858145809362 0.68206548772136443848
0.12013816495139430229 0.81534317467947348135
0.12026861008123769514 0.89587620804986700662
0.12028284438062060435 0.95017957709385914011
0.12038893229102419491 0.06191949610227642786
0.12054040020680599488 0.70784335725939628858
0.12076915428398429797 0.89371131429230554755
0.12155123837698569855 0.53377360799406492475
0.12200669773609519597 0.40324548455719599893
0.12235161552587869860 0.57519233072264053241
0.12254083714551640416 0.61104253296263544293
0.12395868369553320054 0.74054015824119456823
0.12397927694486239603 0.60372153428395403107
0.12409952640041620187 0.88181636594285628394
0.12433427091044939317 0.30992953610293361155
0.12453604458338470018 0.88758882483873258185
0.12477695339841170241 0.59323860481958601287
0.12534022051871429593 0.64846622079669435923
0.12621470154174369016 0.84678807051658866456
0.12676924658421939718 0.72748168860447826045
0.12683630838182910483 0.55992015707155118331
0.12702017643334209684 0.74500450480173918688
0.12715925204830610951 0.77524468185783201868
0.12737321044836280581 0.67010627248131293676
0.12792112886018411344 0.46796954660006867543
0.12920371874228780973 0.52935385553974501072
0.13026384267133758743 0.10554934780807100070
0.13049699056709870848 0.81453718312108425170
0.13135064788675279712 0.89605286436254161231
0.13244775650435910985 0.29302945202780111833
0.13356672525898119486 0.28731532832030232116
0.13460728778160760410 0.84301804906019384145
0.13465726728842389304 0.99497760738432283745
0.13475883300476448889 0.94606525682442943470
0.13508281848863529229 0.74973313046466560916
0.13530164442578779260 0.87500090010792863637
0.13730835615866940347 0.61954572187785095227
0.13768489612786249943 0.60723999785038584864
0.13878652926704529436 0.72186032602107530476
0.13902905871039950014 0.67424364391024249610
0.13987228311597990627 0.44350059315865530962
0.14100200910939109100 0.65276017148522125222
0.14114823945624691004 0.75736766318829318312
0.14168034235740201154 0.54456911918696426778
0.14213355807901670302 0.84478231047839358325
0.14294575095140268917 0.57631323161487113538
0.14323078507636238799 0.84945720141076397347
0.14335062679514840034 0.73343965842996827753
0.14348896154111159817 0.89466624989130072443
0.14399276116279610682 0.17509285486584380553
0.14434750110999630679 0.81277292184963290111
0.14466841807857999669 0.67221753037597598013
0.14468276915267561100 0.42666292769191738188
0.14514476675820808804 0.63393496470161869727
0.14581214410355730626 0.32045284376167337825
0.14582081532976540195 0.72815280901886469955
0.14591730949539929996 0.66956517149470629047
0.14651523374445019066 0.60835388943856816280
0.14721334345191849913 0.42836685869342250310
0.14765944503175920666 0.50918265564215459129
0.14768227819451978933 0.07869372506786220800
0.14781361929584940773 0.70333465321648902524
0.14845819485302999552 0.35987539365688969717
0.14884489838968051334 0.35631755926926911293
0.15072250921433918980 0.56512312057869906745
0.15166362449054068828 0.82052454368072003099
0.15188109880175720834 0.93102015657100001267
0.15254670664074698738 0.39952895436870011769
0.15299137358702760703 0.66216633231497068479
0.15363349766728140455 0.58928311815987599598
0.15513040732121929910 0.34277254143354912719
0.15546216253662079043 0.49231864043356787786
0.15603669732414679472 0.68252841847879441861
0.15732847423552109856 0.19802254229031079902
0.15756406820773130595 0.68474918534646866952
0.15850274154081070432 0.25062097110906728092
0.15891626236390030136 0.42234841110010851173
0.15933832754890658867 0.96914997466390173653
0.15968407473965048893 0.37721891320146339055
0.16008797494775009462 0.55062419140572815834
0.16011755596321000650 0.57531111229516029848
0.16025493089979050976 0.97135616996468310269
0.16077821930669319861 0.66103680732055591918
0.16080095271648980892 0.84952200989511450491
0.16088424142652280047 0.88429965915688990563
0.16091758197597819113 0.30297993642359627442
0.16102697043196179116 0.03439813122926360656
0.16190881753417168953 0.46448261173627630738
0.16304482715281801153 0.16337961926746211172
0.16357826895412530543 0.90233605711656938997
0.16383952541287019611 0.60691310783890473068
0.16503837451565078753 0.06666662773531295549
0.16508380451695969793 0.88889501417626626267
0.16539776151327220677 0.99726366288385859260
0.16566996726293128916 0.81172285227235763116
0.16587817723246189860 0.06323827797884995494
0.16588360141474009501 0.37676485577920987291
0.16648031959208289821 0.72145651301517677023
0.16657609526186259452 0.71086290584781131052
0.16739231021337261374 0.76667918020583136762
0.16739931549343289863 0.59459946764182414203
0.16754306234439811374 0.72253899113140895860
0.16776017487056771316 0.84063126712062019585
0.16814454489392979819 0.57354758310630971074
0.16891836802014970065 0.36090559785140552407
0.17059017664298981032 0.04997227629461931109
0.17260465096217889047 0.95213473251881830528
0.17323427050490289303 0.69307716355359305638
0.17342467382181880886 0.30619870393995862745
0.17365254006406741216 0.02225607943337281833
0.17376521983135770344 0.61320077970806996515
0.17429016940128569391 0.84456739848215345301
0.17465599588768929151 0.32759950541512411482
0.17563959330999120989 0.93616234775950679659
0.17584372599039019280 0.77560835871464539615
0.17631405124312168886 0.82123338704487180983
0.17736216648736649604 0.00505407618690811942
0.17743503150401521151 0.90207705216119105085
0.17748499724340791039 0.29416005410484452609
0.17790029350269470632 0.97322185852060494327
0.17811839771154999723 0.91498262659982088074
0.17853380717706648917 0.90220062457035832271
0.17911066985212559244 0.52461680438103130975
0.17967806918098711000 0.57102576803688021023
0.17995281205046140260 0.79148795024991269731
0.17996415829400588815 0.02166488079192752103
0.18146769251194749817 0.61267943105549926841
0.18150170018928821203 0.29213538107942838007
0.18168987413444240286 0.87626708687799625963
0.18266843416840761183 0.01859588437987913859
0.18303754774344480061 0.69107086998807321088
0.18355171991228719230 0.74066173417473968321
0.18379020726031738975 0.78928747958163347764
0.18386174511777489404 0.41703735654272677813
0.18422381696658340910 0.70863143985142706960
0.18481441815951110685 0.70699199915676025352
0.18511069243410110952 0.96724532236422500198
0.18569999721001059778 0.57976470891180553746
0.18659468488449379442 0.93846009722888401594
0.18663841450942889044 0.67267154383644534033
0.18668603670171599052 0.04604956499783419144
0.18670692273000330519 0.93149056114256889582
0.18702079532890250602 0.01255696335821154981
0.18729715735288471334 0.61783458648872502383
0.18797479309177658746 0.39539098455954552191
0.18824932871123251088 0.13181711576719601364
0.18847664547574410898 0.77704537474017998377
0.18915372833670229813 0.20338397482121781112
0.19058415654257679361 0.62781217512430498306
0.19098987195603739364 0.32593435005159471229
0.19202640628017719759 0.61122412026583039513
0.19278776521632601249 0.61622699133256464421
0.19339443818290150134 0.86174245006210004050
0.19400126200462308734 0.88432019228902303265
0.19672965477779941201 0.90873671855912030448
0.19736350806594549212 0.19922267858182318712
0.19889090233794240459 0.17386296729739469935
0.19930264735682870492 0.73097966122761115493
0.20085973979272839229 0.95211149127454852703
0.20119865655102658897 0.45523079604212457472
0.20209244186698469004 0.92475260923275104386
0.20293245607131568664 0.54376579749502429451
0.20313192728277029708 0.28927690898275731923
0.20370366466791250959 0.75298774724539718761
0.20525096068729831167 0.80078420555395846137
0.20527389525273098680 0.18955121150046630452
0.20719291044127699508 0.66226966993455049781
0.20728627495278359461 0.55729407907786154830
0.20733940882402490669 0.98488329728394641283
0.20751130971255948854 0.49706329302339108400
0.20852117649713050596 0.33924463045154729102
0.20872334154076080392 0.67102918884784001907
0.20934296373906360889 0.85021937683870629776
0.20943183951452498670 0.77827284974729060707
0.21020539186451608904 0.97524926823693092182
0.21048152841044928674 0.90421179233879711568
0.21178633954526340788 0.87088972701502753715
0.21179233684920378833 0.53387783707891389717
0.21285804348423981169 0.03335439001038976309
0.21625268446249659715 0.53711416535048950305
0.21644311166704399696 0.10973083387186370607
0.21655878789015189922 0.98851254119575393542
0.21698350091522999872 0.58637841193244011340
0.21760840613329540671 0.99288833358566175313
0.21769423577608121301 0.72270378945245783431
0.21796534621451518765 0.63948935307289866969
0.21800811398617650494 0.70639684775853439636
0.21814739486045539585 0.60450866242909584436
0.21862877193127980280 0.33774678216957632060
0.21869868120759949903 0.79452313096262960901
0.21913264951542468784 0.40882117283410207564
0.22052574834278471094 0.52758939709477647995
0.22057948265569468638 0.47812948463535220878
0.22124109727158711158 0.88356735785882234424
0.22183719092719819677 0.52560860806097864373
0.22184124832230989188 0.25889604180742248341
0.22203589255817068882 0.47687384638064739262
0.22270298400159010965 0.24121845679850839606
0.22306448626986261075 0.86979490210490528757
0.22394437307579528884 0.47062862941745808865
0.22679521918850101270 0.00499216808017399760
0.22746756800614309491 0.62113268029323231989
0.22879630413310750314 0.52736230363565561596
0.22949591041220471221 0.33276281596615459035
0.22957548661978599558 0.31139725962219677591
0.22960224098266279746 0.39908264629717160599
0.23025225091409329270 0.66499295439773431493
0.23089239428097060869 0.68248812084606236272
0.23127958558599640004 0.91497101858685625508
0.23151761349754210184 0.29770162964050850274
0.23280403366324731174 0.85492801169884380386
0.23316794081102909519 0.29505264467483938162
0.23332409425309588724 0.39149643278707280114
0.23337012968129050572 0.59101614048964712378
0.23342687084745819548 0.79123785575482641352
0.23405576238348399509 0.89379073812466935944
0.23405637968673140281 0.59823899235007271802
0.23414801267017429365 0.67981651104253337792
0.23457994902831968975 0.90035458715600968915
0.23462040415020019024 0.17198795353166221322
0.23470214705107420028 0.24267025791015070513
0.23516585432520681342 0.96769422699435969637
0.23535158298068450944 0.43501163376756252221
0.23574631887705069233 0.90310647995084514239
0.23595209364792790740 0.09644208611478211068
0.23745610618464269015 0.09285627600105816892
0.23849697105499109706 0.51041514480285132827
0.23865022622140261155 0.32109737475877442314
0.23875210363339510744 0.74614330723264798984
0.23878945462265530053 0.87823928592887945399
0.23902803959075841211 0.97870410934499763034
0.23927136894508541087 0.65687890848545538169
0.23990223825559650606 0.46113365219300789244
0.24074315353441139154 0.08794549622701397507
0.24124581372787110012 0.45791099093785658791
0.24242090820428641162 0.89001961705812948633
0.24288235207916381020 0.92116284018069938266
0.24324954101879800450 0.66895858211541092686
0.24349503652224510630 0.86854459045330634215
0.24356568022254190820 0.48969718841706327828
0.24425070790561909106 0.69358459650858650392
0.24497818420798569972 0.51697296005294013366
0.24584638596009150691 0.46203750892844380749
0.24613312652668509206 0.10315235957722379556
0.24620939120336091110 0.16418303514666721110
0.24709316745633849721 0.53142968640275389802
0.24737894893834200261 0.58928986733806476561
0.24768546001665250889 0.93565846274731745424
0.24840512209425111290 0.94081324012201061890
0.24865088221805820012 0.65378372908883553016
0.24913058778664720627 0.31527400099468189110
0.24989354684746090118 0.82821744119604367995
0.25008841943514187323 0.62929492497753736213
0.25172364953017500877 0.09250354136390170900
0.25313690200928717911 0.27721183081186118180
0.25394062609472300984 0.37018810198494961350
0.25455108945471610626 0.26635609558633938088
0.25498336705844371064 0.30670381653685890866
0.25726441492444507286 0.87037578970726736660
0.25749468952041587588 0.52936623970124829786
0.25776440954538898387 0.44473889113409498242
0.25813503560883699350 0.88851356526676783520
0.25907597169817109251 0.69263409816442955691
0.26062188654007617528 0.23874823307060089039
0.26099083567190639599 0.07865960489313927884
0.26175622866942160893 0.87818259667445008887
0.26180352373925147580 0.95868093084403616100
0.26207796873974409380 0.45826285106680841874
0.26215774166407851409 0.97221943207915617613
0.26232041571938718993 0.26110761555933442724
0.26299471226634729693 0.77883464930984247498
0.26407408087274830688 0.97116613447130561987
0.26560755466690699755 0.35342267334779220445
0.26641782866084712245 0.93922838183062884454
0.26666584475159932355 0.00222394272580661578
0.26733415100761231953 0.57290464793921136444
0.27142037266804458495 0.65232669440424639884
0.27296227407551770794 0.76070306462806203118
0.27305977754105531519 0.81824498201283035748
0.27355186971304690235 0.43104753521088828849
0.27378212808090157671 0.73339492389263549743
0.27391355032680347881 0.11599457106491629921
0.27469782189029490205 0.81697060661736631282
0.27560544160318667384 0.86148197973249329706
0.27638288644441838526 0.92217992309342078361
0.27716553669401888804 0.71850496138174546612
0.27755295962873527404 0.84655332600454835656
0.27949093237486499763 0.21122641200795780336
0.27949913451086977334 0.19950932656388731257
0.28047188977911702290 0.73291112621530285498
0.28049423828925462709 0.95842305268349714531
0.28143625094560148492 0.81093010778620300272
0.28144386841668500576 0.09144623961356190822
0.28157901243988409101 0.42641530707105468334
0.28231925272832181228 0.08806342083527252118
0.28304017282304150260 0.00316895748404266708
0.28346517710404700585 0.30134920580919788424
0.28367720586439298947 0.57490228017627231782
0.28506691191544147879 0.93329210457581990301
0.28508041656462118629 0.25642389547875438227
0.28530543078352582631 0.59967830726522408646
0.28616800297512118290 0.51420548384749609205
0.28700700262798378715 0.18601800145287139543
0.28851704698061342302 0.17789855127395678980
0.28885066123739777666 0.51214927738964011183
0.28900170165289351676 0.06792484543156096510
0.28902535635781301249 0.77247701340969099348
0.28918024394134761446 0.56074280580224877824
0.29059271423252230893 0.05668078413866339815
0.29153863328712831260 0.04532301565977370217
0.29227419393910841761 0.27017952477629209040
0.29242408961918880950 0.58188439902325994613
0.29344852110727082106 0.03568931959741428184
0.29357088012849902325 0.94547553339327805588
0.29473588010729512288 0.75297424473417950974
0.29482168350173948435 0.85633824175143102853
0.29564864858244327417 0.91846493322352129596
0.29595655469864529108 0.86221324329326975988
0.29606683176074932717 0.53642636763247686371
0.29624990360103781173 0.08770750074347732905
0.29637874421232501820 0.53852612507120212193
0.29653124327954177852 0.72887718717119254208
0.29659900054593557606 0.84868765561762149474
0.29705387803139682301 0.83274762134616209241
0.29818249806231067467 0.72101436569488663864
0.29845024094904620826 0.96400400289202825554
0.29884219449548582448 0.50385736793394786392
0.29948135855241858616 0.14034965493524009794
0.30128793740274417701 0.52000045528327887290
0.30189219776785902738 0.79469290076996068617
0.30191070753211407540 0.33343685954255397608
0.30392940767930598511 0.93585481605308651343
0.30518210590212679900 0.93123984440472551416
0.30582108809157670937 0.22068116558873099309
0.30727658805422342070 0.95635558745391913149
0.30747836902248398827 0.68883341826571664601
0.30760313433548097661 0.47442412789550147956
0.30807161999317028700 0.98408098947646860388
0.30882933742648038811 0.90956099861384775984
0.30940234097938568159 0.69592133400156919176
0.30967710158509520468 0.52657678611333824659
0.30968417004275100579 0.90263550814105708575
0.30981860679919570600 0.98955210617909816762
0.31141443260035978069 0.25395015461149211822
0.31260105500904211695 0.50195511202303422227
0.31340867148958651001 0.78923001261694658570
0.31354938352150130143 0.06765085077826882287
0.31410226641596722397 0.83464012633403450447
0.31458273332539787859 0.49911513967362597377
0.31560903197869427661 0.40792131969697748017
0.31604398923263188337 0.11124196892447159313
0.31617569998680589149 0.85560891872330602226
0.31721477450163720890 0.96839546327010184168
0.31791379187866047884 0.68435117576544246543
0.31858778648978347547 0.12090853099923029590
0.31924587465269937958 0.83163444182021084572
0.31944781228561441866 0.81875479627216019018
0.32021825777495577237 0.75032550074207560176
0.32049385456194601218 0.78121675400884160734
0.32124051189219487989 0.02075367321740440030
0.32154333707227428230 0.48266528059205821011
0.32178954670945447702 0.58174428759669849498
0.32181904104939901279 0.91993575031730889791
0.32251525089946758706 0.03253135655996652886
0.32310906515961690388 0.76356662137239383892
0.32349137967444002717 0.97168062579243952293
0.32370726883206341062 0.56935199400085767518
0.32389005964168682272 0.92744156418243117734
0.32412762459170807450 0.55068157930379235676
0.32429418719525948678 0.90928022195359392565
0.32453672259946209078 0.82100378617741420761
0.32489644104109760558 0.81143277968816640566
0.32560569294350188985 0.74839540108259550166
0.32587296919394059813 0.72073206026400027380
0.32638312955806930704 0.38353430638224528249
0.32837233597416959352 0.65445711485943403041
0.32872737585626587986 0.85302142055338792126
0.32895766098672452049 0.80050759024402617925
0.32924220107035651051 0.68065221526693053811
0.32931365624577590978 0.96480763372780442566
0.33024824291999438364 0.88406909683105505682
0.33109588285514268691 0.56343752454052176137
0.33133704945200892489 0.70391343783194237904
0.33197265484298799088 0.32996905292562228595
0.33256156334582920309 0.19990956808882048845
0.33314670994385547909 0.02123297029014437065
0.33525755996846179352 0.63634395627523310246
0.33588442914558702679 0.45975334245149551693
0.33613724038937348171 0.90747991466314814613
0.33626796792794977353 0.19957751678543700358
0.33639340163676800799 0.81663535962760891440
0.33742796106310490867 0.67437262687424359697
0.33765258446568591211 0.06176489668187790105
0.33789097593450179158 0.04761318154194371655
0.33855330166349850707 0.70618041971841594151
0.33858123754627267310 0.50721966800501827599
0.34152066298513278353 0.99276108469980062221
0.34172429531717207762 0.73791860568418798927
0.34198195098325462338 0.90985256466053532343
0.34264932498323741328 0.17525621809041411203
0.34313375369301540863 0.38253225011736841088
0.34338317432354148462 0.93423824429620783150
0.34556372289373499251 0.56130385268685378808
0.34581024361247891807 0.35414486149231322321
0.34600648678208478781 0.87875595194233302454
0.34632043858394262470 0.64810355071232739199
0.34683924463732540566 0.99803361040364313439
0.34707004728774681901 0.39128735044471868454
0.35097780283112400834 0.45212062589911289345
0.35131690298401102579 0.54881100779816360813
0.35150177106852820152 0.92350257794123691291
0.35259228183676388779 0.09520130929728287672
0.35281960975231302369 0.37340944330007430629
0.35320396414286631126 0.00631882012509576985
0.35329690530217650046 0.52590665325941565733
0.35373707637420070959 0.71440500811868534736
0.35391940621772277620 0.86653206193147369607
0.35403829511565232391 0.05273667546588455685
0.35550813671486608536 0.99090452714964816217
0.35606029880459827419 0.26265333117754519066
0.35627453043323448201 0.21152046367978119545
0.35659197517590951465 0.34816969937453789985
0.35713140649921132352 0.69156690579850976786
0.35790856482806798766 0.77126418780594130364
0.35805761760100118796 0.71283201244448479716
0.35895907841966750995 0.88650290350005800377
0.35974426816841520438 0.96166625017055029634
0.36006720113914281178 0.69107854088814424376
0.36029357824434049551 0.34175701131124969212
0.36107245694479678244 0.98418826938851100561
0.36196663228039688276 0.37318049676897341316
0.36221696412310638857 0.65141072249962406193
0.36222625077234488211 0.14984334231999729692
0.36291164123037339406 0.03305723012672368011
0.36354766456092557636 0.32711849131575632121
0.36489046573461042522 0.69249378792819338280
0.36897801500197302538 0.11486936143046709569
0.36949979854658349110 0.89615651822546005256
0.36997299981746328834 0.59031084750989593068
0.37007228204177439190 0.56641092065214149187
0.37018604167003688055 0.96335761664346841737
0.37066598761780589211 0.36825447733083932489
0.37120264329113539237 0.19793847690027879804
0.37154047331657291675 0.25366584222011778760
0.37183439799275491700 0.62852954319707798891
0.37203643291345001032 0.10986043830998430682
0.37215359802334119221 0.89323048393462922689
0.37259720835422721619 0.20690672201280199682
0.37328914817958269712 0.17770153713198419410
0.37349412548228827502 0.01954939223480733901
0.37367356883912539178 0.42772815833847799283
0.37373487163762508789 0.45839264939604462690
0.37453169816283798932 0.82419177225707640488
0.37477974460472268659 0.09260175997941855197
0.37646493864333091528 0.79492050350369669598
0.37737305759486261536 0.79297201355625579478
0.37739773690296507525 0.08769618015983382531
0.37784596637153078369 0.34081346647065458022
0.37918289913866609631 0.45744009784665640161
0.38033730850444480431 0.43457603427934932139
0.38052420160898231538 0.91686339864345645090
0.38196156850318191411 0.10533666746072399556
0.38225743230174652476 0.52217778236766942968
0.38227909331600268272 0.64913574644774141298
0.38326331615838338251 0.08164274931868231722
0.38443288731354202659 0.94420827102879834047
0.38443304092129698679 0.05290099362795396692
0.38512386759936412250 0.87949172187181179350
0.38570108604761688120 0.81774276636186860046
0.38774218225373080493 0.50729172698415303522
0.38828318316304777369 0.09972761364769899828
0.38838080849199529965 0.80139819276015211713
0.38916621900423342684 0.78684928241129736826
0.38984248521838249513 0.62571881021302300230
0.38984449435439327836 0.20725354941094958905
0.39017159042282412162 0.87479504444340039360
0.39032461133209611637 0.95976595626995908628
0.39041741376034272415 0.95948864957725665814
0.39186221992049702356 0.43109992437046429359
0.39194955249090729366 0.20542910051873081168
0.39225684562748908135 0.33232364674547631989
0.39235368982409352112 0.47576976376815638403
0.39273041442627271147 0.93873448557219452137
0.39352953888905911617 0.77143270053022927613
0.39359253555945677983 0.67368135058565481454
0.39395186931072001535 0.76659403244863844051
0.39469185742295370689 0.94290273329998919305
0.39593157372438142483 0.08464418092741488042
0.39622992341770257863 0.90700299268490103266
0.39640777236241220294 0.69888480686313680934
0.39727494952826530872 0.02407533212277169002
0.39728725546084442399 0.61757236519988234491
0.39733829938518588909 0.88038193854905322233
0.39762163374638748170 0.47373423414975601720
0.39774653399304149559 0.04757097597371839903
0.39850508198638967539 0.53678086995363627487
0.39989252749903947404 0.69817949157897951640
0.40061284912644140599 0.52418857698197507400
0.40288967172825862484 0.98899528015390358870
0.40364466475945220969 0.03316165106272205704
0.40424576503126757876 0.20537224007010099203
0.40451203316046957514 0.06794228555377290757
0.40501591398592001747 0.94508134556997580589
0.40536871177610112049 0.49663529307948250935
0.40559308415187927954 0.99134927953379980980
0.40628703270207189302 0.26130578205202742437
0.40702451137500922362 0.29640395897961879790
0.40714971103619240766 0.83749738995220113225
0.40764581691431017729 0.44798099504986427233
0.40913791070181820819 0.01066961278793110077
0.40919490231625360588 0.88559492402813488887
0.40934734751126017338 0.50729939065837725831
0.40940782018631721728 0.65917542282906471662
0.40995434279151871104 0.63075795239963505789
0.41006454724662588784 0.72547252559614117118
0.41129904274341977377 0.19723132674549290200
0.41136623554139517545 0.62949123818622998439
0.41234596434057779746 0.76006859113695457442
0.41283704102708917993 0.41059051240190147514
0.41369353347329840265 0.14445969094065710947
0.41369365540676361626 0.83095469880583205935
0.41408673238201748612 0.49740478988434499996
0.41482740800269879422 0.14299159799807140137
0.41630282624937020586 0.93807062878975344677
0.41634880868813367583 0.96934620511624325356
0.41645285609632248791 0.64560922557435795888
0.41750271939518251996 0.79880152754917643776
0.41764741697946888843 0.98404333794204590369
0.41810056130221318060 0.97584103606592764724
0.41814030950675568077 0.00357643610459557103
0.41897318765941760077 0.43338633362612272171
0.41911216756524538596 0.06373964796254494303
0.41949430229798778669 0.88298569907852697547
0.41988552762095698867 0.14289964915001679424
0.42114257509275571101 0.51690142614894640793
0.42208673149013781201 0.86127692114449694305
0.42228804152844318098 0.36387019746440207868
0.42245673565272801042 0.95629798797537535204
0.42279248295852289719 0.30958123881231042196
0.42295776172378701796 0.09309103622049885729
0.42331375508319579737 0.62620408113160364039
0.42361011869107212391 0.96705397516793656365
0.42377148440417639064 0.91378763805773988160
0.42552015095133222111 0.04325248442939422233
0.42649666480390480139 0.62063191098025405346
0.42742699625790009366 0.76068641155185479086
0.42750961173661461423 0.20182034995148620538
0.42785290524536850887 0.40928485225091859601
0.42838534269299111124 0.75330068289280371907
0.42852061341518987714 0.63874594451952571017
0.42884628903016608348 0.39872207729843267554
0.42955382741934700075 0.60299920731979317345
0.42965081162398999215 0.39714751101796869071
0.42977024499172888916 0.24416552476237510239
0.43011130154148269344 0.15887939764277700383
0.43019255209738010981 0.90494689334719258245
0.43035750664295790990 0.17446941052636000258
0.43071357766006052037 0.41248569959001391005
0.43117163746462311424 0.86409409707706685833
0.43141566715455481607 0.28337872670451680346
0.43392294926325347681 0.92220403039285192559
0.43465996882441088056 0.78400456088500070084
0.43769771936239937338 0.51477172525775571899
0.43774040558655968880 0.97148793370458974561
0.43912457143390482006 0.17349689052478559081
0.44131196442071402020 0.06662299463466470062
0.44256499850094632720 0.69742446040855532452
0.44273904330336610879 0.37337992502582051380
0.44309276682821840954 0.00881859096960746491
0.44340555603338271951 0.81039746978393067955
0.44429100496779738716 0.50269955189632042902
0.44453895796350639813 0.71887716715256055888
0.44608981536745218044 0.95454390661706056687
0.44656833478133939330 0.88234802189239058823
0.44742399062871557325 0.89853091551558950112
0.44750004239855400989 0.06229123908264611043
0.44766417316610651600 0.92157167897827174663
0.45036988498251301349 0.19273799885113951369
0.45121221325178240136 0.44998635580880702589
0.45329732674222561473 0.43065769770746997747
0.45344403044468600816 0.49424753747802202541
0.45368792054282558457 0.22310465269669479960
0.45421833443878900649 0.26046219839780787586
0.45541627199187612041 0.31978462539353030847
0.45637645953198302529 0.37262675354919427839
0.45678190086193831698 0.38178860438590161985
0.45682461253791079026 0.49173384508127337966
0.45689012431573372552 0.71209421428511265884
0.45720618626473802371 0.56174729606516149438
0.45791794757149079098 0.42909864570295519481
0.45953761092399758592 0.80439750814939259271
0.46126387383726891178 0.25826439946048629359
0.46145213165393472732 0.48538875720706248229
0.46179049243121161883 0.85879181135216198228
0.46251611721457230875 0.62768302655190466588
0.46342873314105909044 0.97550756284605033564
0.46449443661903361269 0.93915677275375120114
0.46503623148928768805 0.85564286718848514557
0.46515219912716881945 0.01985610374412282927
0.46577235152139179197 0.15974309927801760844
0.46717605310375587280 0.86351002425063483336
0.46726797428342781160 0.80411476226682954138
0.46935644916264568360 0.53210500806006955088
0.47101259954447560752 0.89503813457455783098
0.47240113914151832253 0.00909190237202717189
0.47249398055063257518 0.17198574045588160830
0.47257094730676091343 0.15395057170292189563
0.47293257138349781288 0.47956802941530940476
0.47337642247735278733 0.89426458186279045304
0.47395283729862330846 0.83114728249432900942
0.47470005972729978350 0.97395929420456794912
0.47480223708333457733 0.79175901657728076088
0.47502015879944481380 0.54255448534908756741
0.47547323563129378909 0.06983381755532958035
0.47586414490524409082 0.45686599872769650954
0.47662901720164907449 0.21579288933238441328
0.47681905272072871993 0.93748347891636774065
0.47915385882711841736 0.70009656604920644796
0.48062899374082668214 0.70148371527130970460
0.48069078941067622246 0.68066754493049030916
0.48211586129476552420 0.99438455110951295968
0.48241293382143718427 0.01600084479597441156
0.48445937318261578231 0.15286052443540049106
0.48571507801139590654 0.09402695132417804302
0.48629604797514291992 0.14021774860420679887
0.48681345934442449286 0.25431030602483262193
0.48683628836215631086 0.01915235318963582137
0.48720874768102878649 0.50709941397983315792
0.48875981624706632545 0.19934479337782179398
0.48935583581826719302 0.16511028047252951367
0.48939466738814452196 0.13177110898617030998
0.48975740009268348141 0.89210551552172145939
0.49004693505301388790 0.54228870332368683815
0.49032900266005552403 0.90669031496326946140
0.49083544376493359884 0.79073912858124995040
0.49096183951435462545 0.36895554789181461697
0.49138406770561149361 0.43047521292876500532
0.49152068438975687892 0.87952869983746151394
0.49163445947365941313 0.17140768978025361369
0.49401933326141062031 0.02230411978600365872
0.49404960148802312681 0.19479823409197660755
0.49521477466182467486 0.03822353088431507118
0.49655592680861038168 0.53072762898510739138
0.49800273935804550973 0.58760287301789726477
0.49828063904941660711 0.34521226463943499585
0.49852929807962731434 0.94036398760766115590
0.49859700620327801479 0.66855324034653618170
0.49885722896067541399 0.62066136990577236432
0.49949349101079931756 0.18620998013952461125
0.50019554594792081659 0.00178530230740847596
0.50037879218456493557 0.46341834756916661098
0.50093369773978591031 0.61547675714541216774
0.50100556985117505882 0.46615519239250691186
0.50119596005689370788 0.00097436525728922252
0.50129625831655000301 0.14824069438518860942
0.50244892244259165004 0.34434705397576592656
0.50275182718910893520 0.44569925452774522556
0.50443108119515289722 0.98405408320279930123
0.50499136848698467084 0.97147717508041708800
0.50638033836831186640 0.80793796217922508873
0.50654362451126377920 0.07634228862162384388
0.50672984925510899945 0.99724586845385332357
0.50683703178578587423 0.39330790725584258150
0.50690557578275396988 0.89664965799358786747
0.50750219457038370230 0.78758530593060227520
0.50811864222210312292 0.73859076844696380792
0.50819695389593910750 0.25973018900937150377
0.50898392373493195340 0.28661525510463808919
0.50953562942583707773 0.22371577374056658694
0.51121372018573318918 0.41226573173702468766
0.51148738885662814457 0.09865780675205260142
0.51390479207184858179 0.86710304910940627643
0.51465027156251341722 0.96103487794469777405
0.51503091368771736214 0.99841056269132677503
0.51542132858966915876 0.16510822163560828768
0.51571214396269571267 0.36655105042714297703
0.51756172516295839703 0.25087561210826270219
0.51779709449956867751 0.93588281072194801080
0.51804237160376842564 0.01226895103554414938
0.51871748529170857989 0.99051727507379783155
0.51891551678924763280 0.14242284949069350386
0.52007204890624336713 0.49510585584242472468
0.52016277227361351621 0.77926974902986811955
0.52064550737023096438 0.52981982621596990235
0.52083864011015279516 0.73319256685258393791
0.52283380049710004300 0.06870607354467317407
0.52295639658690884488 0.27769727073848499144
0.52445720724114941458 0.06447442686355797647
0.52445726362961242462 0.09307603812661080500
0.52478149539963714343 0.07239835500374747213
0.52567229324063924345 0.02413199368348372884
0.52593945815508436059 0.01957226964194281119
0.52834059288912993413 0.99250679968873689596
0.52845679069111983761 0.75744575220304388719
0.52904793427077811963 0.04688187624717087693
0.53019896181444270411 0.15640674951863689501
0.53124871924911076793 0.01475802570619733078
0.53179547150611417017 0.00020789733668780119
0.53259839271469111566 0.45031099095365328955
0.53260811052468148841 0.75205648350718723449
0.53273297665742158635 0.19221068118718800943
0.53308459474106539844 0.24662666599199958850
0.53359514324644807814 0.44868847097008790481
0.53422248008332473557 0.25604858926219881132
0.53467103550642747223 0.44112337090267039752
0.53675634083188428214 0.06569406414138811989
0.53681249039312983751 0.09127864670777718903
0.53686299255524305707 0.85773406228308901600
0.53772322363331115369 0.11414334576516960151
0.53896591262742299389 0.81114780061099345243
0.53917829195987498903 0.01477298737744381016
0.53953050212028041965 0.26192549554860472538
0.54002407688531495200 0.79556119449327034054
0.54029897927961034743 0.55403410808103137342
0.54112523574823745420 0.85432131895076934835
0.54120729995667182788 0.67562092232676118631
0.54155746610036636923 0.24764695633173589018
0.54206881499790282586 0.55022015551132819056
0.54296756646659616319 0.60250157264571702065
0.54408917280848456688 0.33621412207978068620
0.54497179055746958198 0.10243655575717369732
0.54707143294788262988 0.22682257193130819783
0.54804730169078930135 0.08381562568898692778
0.54941480618914551037 0.64124058214465373684
0.54950377441239905973 0.95864992974910989698
0.55042464975242522129 0.80887025446933125128
0.55150894193648936081 0.98424138164073404766
0.55225670525172987357 0.51044182589872932887
0.55229468399836756376 0.55439178271548816834
0.55283435470389707955 0.98950423599441494904
0.55436231228720145303 0.77318776901755414954
0.55467023449500307830 0.19201185624944330788
0.55507644419111668022 0.52991416478355080066
0.55552245676777400885 0.93598150755368803022
0.55590008428934101214 0.07035586995663178911
0.55624249045719975637 0.23900327754112191125
0.55677652676772027007 0.50391613824928949139
0.55743561673702868298 0.86149941156423670563
0.55848078154455715882 0.92948413039866717433
0.55885726639845212382 0.16173109942826741081
0.55940379942111739808 0.98001756705041842554
0.55958064946087493485 0.36902909673958167458
0.55971932254215783775 0.48118341898461181039
0.56073949556462021615 0.25558175765028351423
0.56311041640496739547 0.43767072686599062248
0.56319892281350447671 0.55060255437639449294
0.56321230272257361005 0.68237341837402465394
0.56383202878771143673 0.07451378689643484154
0.56470270417057977230 0.23511408671406788806
0.56509120501382181789 0.06024226864916071289
0.56660637576675421112 0.11076093270953210612
0.57030357411485232966 0.47743065695537378890
0.57243322975561805599 0.12411377857176819628
0.57265793213558024988 0.19532795965040458674
0.57282534398333462278 0.00316041311876680319
0.57405052665949596324 0.11223063898533630622
0.57492232265835596650 0.16975956607994310832
0.57505271029578008957 0.31152232829694809224
0.57515333202440832583 0.19464813862790308896
0.57561303521601947519 0.22909068428404538720
0.57621688038143414889 0.91519853853796784282
0.57781190167442719741 0.21274369001109261212
0.57807514489243838618 0.24693214871966670532
0.57810373385605962060 0.74783580636448110379
0.57949299929525643904 0.83106295607632318934
0.57953293829491825395 0.79944255934893160287
0.57955439345033143983 0.96343503606580727094
0.58060633569131003817 0.16706509669110108929
0.58062286051012801380 0.08081964102461758337
0.58134615947127254998 0.23996011283350490717
0.58291329199740204992 0.05758177408709164169
0.58572585976239732730 0.16918256614866911125
0.58609399582758070490 0.96859299765811346372
0.58646340327884804999 0.16088649993986028908
0.58660630636346255962 0.11046930368541089951
0.58686491270497709305 0.62317062175997550710
0.58845925581413793815 0.04063022696983353832
0.58880746443020237635 0.06382204769399035804
0.58889871361119061621 0.01572261556881638170
0.58897612390168951890 0.29694718857432728099
0.59076396780014772681 0.93614004876256806664
0.59229518610941789269 0.42640039818456021425
0.59246779596281140545 0.74200097843056433966
0.59257880526933270904 0.99866433147142541493
0.59521189448945455158 0.01304572361316868982
0.59534525191827547541 0.76972722364946777329
0.59628531377321758455 0.42182000852988632555
0.59676377891442056178 0.42020833644010469055
0.59758931572958362555 0.98667128261787750976
0.59926644084722879846 0.36837948835834322114
0.59966238004706973186 0.50966223507892471911
0.60127959289389898423 0.71941027090516640463
0.60177067196814348904 0.75923153947332866487
0.60263667618564675799 0.88116796482783210642
0.60322452153543104636 0.64944082871443664651
0.60357926788785576377 0.14197985132381771289
0.60434670732177586672 0.36533899064359731668
0.60613787505494909347 0.79530397769665817087
0.60642264885213792436 0.19877449155650550594
0.60701544312941524417 0.47891976639807332106
0.60833026085387276183 0.02546378064708120989
0.60896555845623734360 0.02668633579713075923
0.61017116692573147851 0.21480333797199299695
0.61064684880618913532 0.02653741019695620915
0.61082851482986577629 0.41956979270584010555
0.61095776209744045993 0.68772501212332870502
0.61149009706347035031 0.75227186795528411256
0.61435770457283966905 0.21052601372416118730
0.61494395911811405853 0.31750782147142281309
0.61540397521723155805 0.00594827117418039730
0.61626359806831065846 0.54593020836062056134
0.61696882297713573351 0.34818101449743260600
0.61715223588572842850 0.45863011344845827644
0.61722388155016327804 0.24898384150748700816
0.61734180002751914973 0.82761628355951921687
0.61825050191752661810 0.03517788744176154198
0.61892040661978753313 0.03974261988545169100
0.61921214623069431582 0.54090355032355053044
0.61939029114203936199 0.34448512193813152216
0.61954163128918704473 0.14484331354638080303
0.61963683835881921969 0.97020136655184185948
0.62008065955427627003 0.50532963672252750875
0.62296936558761739633 0.92342034897720004505
0.62317810015248764621 0.08427413957552243318
0.62459540546166014696 0.39250954651899422343
0.62518036504326934821 0.31261144922790840006
0.62620120298145465210 0.03388650641851442824
0.62752719574334125952 0.34249079699201429028
0.62825209016567895581 0.96673909685936465497
0.62896931004587774972 0.36551354658679702236
0.62899183438008809954 0.06242588670760496061
0.62901162546040945145 0.47216911370253167313
0.62965519110936629676 0.96274857426281912343
0.62993127029645612502 0.06649837911296385684
0.63107608098924294904 0.30648944274881401162
0.63158156888799588113 0.36461856406523157625
0.63175021250043761345 0.14219097671346178635
0.63228913248932250291 0.11617038117734890257
0.63349921200560932455 0.62341735777328222134
0.63354980041673492064 0.83099149839941743867
0.63467777643797251841 0.35160242000816577246
0.63582543751895437278 0.51133920302625179843
0.63584669944570992861 0.66584960833606676722
0.63628030805033253259 0.04700874867591087192
0.63676145344020962380 0.25847600854759372746
0.63783476894244217625 0.59418294958245387871
0.63933903995570040557 0.65931751202494581765
0.63934357998990132277 0.95553346497154512118
0.64003102052095406371 0.05190746978945003781
0.64126260327420259166 0.99604872895699614332
0.64192982077781091110 0.19621002010421259576
0.64413406529075223350 0.24644724121660929739
0.64432993869254695518 0.46788061801904889947
0.64506656700188802489 0.57194989131998674736
0.64891119674218655788 0.92138976669117711449
0.64910279654562541563 0.61635902089703287210
0.64948110687106686001 0.18426302137734959508
0.64949877949579681857 0.98264583232235869215
0.64974165704695197032 0.46409490520133189762
0.65045626914775500627 0.69862226322412002144
0.65099061522063361718 0.63795752727811116944
0.65131209709623094639 0.83057909502710136618
0.65162692416893286396 0.07973984717049820148
0.65332893374878020509 0.50683820414791902476
0.65424490351723785242 0.10360870038677119642
0.65432480366964906882 0.41399126928796292635
0.65443149607825501501 0.40649716651469852691
0.65458974256277402404 0.45990027418705592410
0.65786364364404970040 0.69144879474980958101
0.65818268251745937203 0.61141875254969901832
0.65849656824633617802 0.92989933440122074515
0.65935621533814781081 0.13069995750057911144
0.66071247451269532469 0.17506276738157300343
0.66194166416127486752 0.90022730008707951832
0.66218105921197267794 0.59972266011732455748
0.66425299852347652330 0.52956994588537253943
0.66454715225004357126 0.67778287381275492685
0.66562857820180176827 0.02001730533468049078
0.66597743224100325321 0.10337905880661260594
0.66753082802288554731 0.62909599133234328505
0.66789121278113083857 0.26674011448028528415
0.66805198105816687715 0.99832110418250386008
0.67044606385430971507 0.31334860053170088268
0.67077620079284916432 0.36961146901639269080
0.67101590096496699367 0.00845299159193035887
0.67128177733976779340 0.98766925702272878596
0.67145150453843926996 0.36413172090561302108
0.67151849555222642429 0.24385821772887070202
0.67273956499975551271 0.92345696751909822630
0.67363460556057241924 0.06109692462551941095
0.67374468515373286959 0.62317876286428330879
0.67475350127113742360 0.36113356151320658016
0.67490234794407444330 0.59877867418553776258
0.67502917500549852736 0.38333412803509259170
0.67522770685438571192 0.99583310601307817311
0.67579274619393547852 0.42028651194441352112
0.67603426018026602229 0.31296284789437739393
0.67634940778766072800 0.28677873115205332333
0.67765498873548668524 0.49839861207131058718
0.67777003110269673503 0.18450761263607778906
0.67783720773873179510 0.49548485491141008863
0.67798095007033243320 0.35808218322827461977
0.67818473427082193172 0.66713197590265571613
0.67865547197690667680 0.02841509734072400137
0.67908339512351079126 0.05980378369760940699
0.67953574178197007072 0.49184599744729229354
0.67963178147280556285 0.13695465145770038817
0.68094771314788382632 0.88529272342571829757
0.68116362600517543768 0.89584434200945040061
0.68183590569752017263 0.23335509161842091230
0.68193479164592418762 0.22614452748466520871
0.68204435587997536139 0.08366657063008786643
0.68216868488965776152 0.28175473973551007356
0.68269371430445668913 0.22589518210506620566
0.68355147016800510418 0.22218517411058991140
0.68476780383017332721 0.92127197381467806903
0.68580141356310331258 0.68582300101640558676
0.68586318546776703364 0.05548510422253515734
0.68595616407737813880 0.54526812122908019376
0.68640283811820368420 0.11891696936414859753
0.68733665991072712131 0.91330402260365384226
0.68764046994742200614 0.16117870810708700979
0.68794307715165869954 0.18138009147575401281
0.68796287770913577830 0.00875937759813760763
0.68816791444015523727 0.09629730128785807253
0.68871812217940076017 0.08275206817948466131
0.68960579288589807234 0.25374262297196131799
0.69021552791519891201 0.59770602778643067143
0.69125712771294733905 0.94649139170112606134
0.69170330208359487312 0.02560216186190289109
0.69338576673828133945 0.97013455079821298011
0.69341190838153432541 0.88250046058704467722
0.69344597899312576672 0.98675238900734607572
0.69370839485671575986 0.27223097942639262747
0.69385565606734123101 0.82377880662101443665
0.69418099343191774775 0.55644140100813666017
0.69543835497048522853 0.82255939259715638023
0.69547581972289962415 0.40146821563507301134
0.69631527278629479216 0.37950931276608512732
0.69678432081772712081 0.63764113840274017075
0.69714933446507310055 0.25040789727181311797
0.69718652396418501205 0.03825877724675719183
0.69795845234756326292 0.24699424715957468690
0.69798675057356729390 0.06455657297577011011
0.69800658455648179057 0.84598182706558266997
0.69950924943962633495 0.21502352546171130121
0.70033571802018046437 0.24680337386298389912
0.70058547980181462567 0.03549668235873960215
0.70064915327319832183 0.21435206100874470980
0.70084554554035105589 0.44837006241155991093
0.70153216404906615367 0.60115728493355513606
0.70238667018886424831 0.44052688812358409276
0.70301992662734869022 0.12979385699400158849
0.70312420261755748108 0.26238029959550579484
0.70515730501965678823 0.00893849164413362818
0.70539221774727844938 0.21487118625222170754
0.70543795541676779237 0.09970065386024540288
0.70643713022509468935 0.58473862608259097318
0.70692288683015469530 0.57073338445002741448
0.70910069749759641056 0.04267674022867740113
0.70962710774489334842 0.51609429901665693219
0.70965164119221812999 0.36540271528424128622
0.70995125739679443289 0.00525922813768864295
0.71018281236720492977 0.18480711779601330380
0.71050450956966748617 0.35720850131411657769
0.71059775921541257215 0.14551769748740400745
0.71099316867545636622 0.19662046952761380592
0.71121382547774270044 0.39426627200635461223
0.71208272652025561555 0.96204243321407867384
0.71219734898830411307 0.61113605612979593484
0.71229420169300650123 0.16501400719126971262
0.71294950820957336823 0.16069116045144729576
0.71391061314461157217 0.06329890152235173595
0.71543945910579775926 0.35303322681635401770
0.71551566633913965543 0.09570985391167818879
0.71555755969812218087 0.29502382555819062215
0.71775392317329167469 0.67147223734551553243
0.71996822746617183952 0.27641748212686911845
0.72095933191074168533 0.36067686952342020712
0.72156342310530940942 0.16775177292717480260
0.72164781097482211258 0.28358697810646837922
0.72171965770977997146 0.01287149396275477989
0.72188631789284840590 0.25821764204828728806
0.72257682281284296710 0.97046183549194686702
0.72281658024424955133 0.30311427442644078845
0.72367229872679939007 0.01469458692200941927
0.72400159587811918627 0.54879324945763918731
0.72433415651354271514 0.43593967839898217775
0.72470909910611236437 0.00264802509321016011
0.72505102113847486045 0.00508013941230001098
0.72543862864567587589 0.02240223814346065101
0.72544330242135190989 0.54727365393398141880
0.72724376746781060898 0.64193209473771517537
0.72772812750560489370 0.10156747697700299615
0.72793477704728193345 0.42579593117639030764
0.72846819752566172035 0.42479597437493671341
0.72862545908050058152 0.27201544278968592394
0.72875130249182462627 0.14061630066038560694
0.72917419846953634988 0.90724119796877089605
0.72939911869035345404 0.43578332152261750609
0.72987487111089277558 0.81967685165210246723
0.72994674132960302160 0.90485516654886122279
0.73029342974255295751 0.16752533743063779959
0.73063187094016790457 0.14022717448024821230
0.73119855147772694348 0.10504162561535289322
0.73150892198128625310 0.26767419148401838669
0.73167522857227595967 0.50542149994742802122
0.73256875309272506680 0.02021149863456949899
0.73417806530731377634 0.51301794359742702856
0.73517587091966041246 0.13904857108726720316
0.73564237199822557489 0.61597247222334172712
0.73585108880666449949 0.16439330232584228875
0.73599927092593220301 0.42405311112459387335
0.73605629508101266811 0.21969381757270570188
0.73641740876332650867 0.17890424737773719110
0.73787629775608820637 0.23813354207234749271
0.73867553014303799497 0.95474548823349369986
0.73867701468230018147 0.57651862430543399096
0.73892311221669704224 0.23420730232706921115
0.73990020685761603847 0.42484722941748792602
0.74127670990647509530 0.22387344126989838777
0.74141948429068227355 0.50928751450221343422
0.74183884354403228922 0.21304260980941538972
0.74212688381598990173 0.30140681581095130070
0.74224245466204874511 0.26183401007751921918
0.74314040802227454563 0.05749137242532242897
0.74353023101078530299 0.69231661238084685195
0.74580386919071295360 0.48398763679980350005
0.74711705310599452190 0.44881218965507208019
0.74866940726747133183 0.37803117414956377562
0.74947600360280242082 0.35786691727759128989
0.75007144982584694759 0.03399370210050677715
0.75026788558022383668 0.26104796943032648748
0.75108991500964683574 0.37167013646035640395
0.75280236180401971513 0.17545856778664020714
0.75290131221564005060 0.41340919227789568735
0.75306604214399441855 0.61312308235400247991
0.75316718363025403349 0.65975660084489540225
0.75335606337024829671 0.13395324351608500768
0.75413415769575076197 0.00793748150610162906
0.75432952343262116290 0.64190912269530187029
0.75507731007722367345 0.90134022781976197436
0.75546983614995222300 0.19833069278123618973
0.75759418243816056826 0.01182806960243409922
0.75784237052832403858 0.09731349766620855934
0.75797404000930312939 0.12490013648321829365
0.75823050588545626294 0.92410105043089563193
0.75843250789974991921 0.08238642794931805291
0.75853006252313759372 0.55999839542630580613
0.75907885129151619896 0.49956236729826158927
0.75916227190664142821 0.96496348511780860591
0.75947334223235174466 0.88082876452296265946
0.76015459339487967405 0.72484199857409092882
0.76064000329859327021 0.89498651626964464967
0.76076175428991543725 0.09899122647755298487
0.76087482301959141751 0.87317111114686474238
0.76162754369620855321 0.21329635717487649416
0.76265240526978306246 0.71812665163332445317
0.76288234836314405829 0.12636384552937748871
0.76498346932296734657 0.11418303176209540495
0.76597360539141978730 0.95118093864489872136
0.76628452074450781328 0.03856127527927732945
0.76674234067213520305 0.67306570148343325410
0.76715451340744100772 0.04227278620918951263
0.76762601734467894588 0.52521052668204870617
0.76795281887167732293 0.92110844895337806726
0.76897987879340723438 0.83493589449927285706
0.76938201995208910233 0.46763148475384819225
0.77028954786688974554 0.14136779653428491188
0.77175645247525703763 0.19743296146881331166
0.77305033623231633744 0.11189390733461179739
0.77324997316692656302 0.50385386721017577649
0.77420101665313756367 0.29458385022796251818
0.77456482221245059883 0.67281633590315026439
0.77582236855332364911 0.15972961327488280348
0.77684897362382732133 0.85771794889205432710
0.77685088401099122724 0.81490057338185062363
0.77746340955501058723 0.77010917666383726932
0.77758219283208551698 0.76841404673302216022
0.77783790196585222976 0.48862741495352962628
0.77872520602165928860 0.66021312572133550312
0.77956644509043693247 0.84236245642361318176
0.78059433798757016376 0.37068979406434499069
0.78171017003526654943 0.28261092052610842229
0.78283465153503994927 0.41111465844996142316
0.78288262817406362171 0.09655262795569552470
0.78384853405622545441 0.15017629338616181323
0.78391698513317042973 0.23523781837037890941
0.78402934062193740949 0.24253110302653640984
0.78432641096082678089 0.14789245193455138883
0.78541283353587532101 0.07685689232446424324
0.78630945126144891066 0.12920892455804430798
0.78704227557728378972 0.34564239008653158125
0.78784498564539739984 0.94373719626411234351
0.78793712833724449673 0.09958540386559688873
0.78806054455657514879 0.31637462328275178791
0.78821762223772795508 0.46016781842490539489
0.78904380342570001883 0.16662143467203341385
0.78939841767092955305 0.19367978431984270160
0.79018456686831983760 0.40719574929148411035
0.79019420052293642964 0.12344269337941080056
0.79096010393086901846 0.06741389281329035477
0.79122452977767587790 0.00901695011424219484
0.79157367244341136914 0.22209927880112920184
0.79260361103983834052 0.08483454077050989195
0.79341929294294422093 0.95829983578364363872
0.79358676489371571261 0.30656306154061552238
0.79364363780366453671 0.37018128034388592118
0.79365850617619004836 0.13448222589385080972
0.79463323081077219534 0.65214247179138207233
0.79464330697278962035 0.36222107462864572280
0.79576098578672627148 0.06371379510950125891
0.79675569706357440847 0.79533040168282131965
0.79686599231414001476 0.99064002239499460156
0.79758710074124938849 0.02052373208770974858
0.79838774252287003641 0.02683643742528519019
0.79977010582658625282 0.06612987581292129047
0.80013579167310022733 0.94358565958175344424
0.80131105570678906602 0.21120797899887108762
0.80198072890756566533 0.12578134075710920015
0.80213725809658076304 0.13185684849899220739
0.80223992487114903494 0.17771083118163338854
0.80224041203316298621 0.96616173623607293219
0.80320519796944589430 0.48849116130239461642
0.80388832265794807341 0.07629989308412210569
0.80425640774887752205 0.63545833990059175100
0.80446021124782141065 0.17758062575400990202
0.80457098032628548978 0.00664246889401365337
0.80475693117014612810 0.40260608886324522615
0.80491161346565409662 0.31870930873235370218
0.80608264185806410840 0.34713050934668271408
0.80609035660585015570 0.33571237983365098678
0.80736875687485942787 0.01530365023903479046
0.80801712189782948226 0.20210766849792180522
0.81064044350784003612 0.16205519253270869728
0.81160179276208210819 0.30351525214043217904
0.81263349104203153050 0.02529655595548574096
0.81278732778622142519 0.56769718295244686601
0.81327384983392347895 0.79276731108544762350
0.81421226985122030495 0.52771342056480319282
0.81559333631765518202 0.99053873046077545172
0.81562102342665443455 0.51533926752972658569
0.81563943397288851678 0.06961395513906487587
0.81850441883584001967 0.74304200026393674161
0.81936882602933458486 0.15796013661974989128
0.82016063205547984349 0.28047015665426738851
0.82071374576983413540 0.05218584618128196961
0.82092426969415188687 0.45118554230558688412
0.82097960518719126366 0.45889328744144380900
0.82206578639317140489 0.51386621844061719511
0.82262667837564751316 0.90480209495544638987
0.82276559975534602209 0.26267826039167552210
0.82486402609059572555 0.40448554633897820798
0.82646569059309982208 0.10160921343970290287
0.82650726832750920359 0.14744310287058379205
0.82805200329934935954 0.71907052080478295331
0.82879756622413125466 0.34472246574701370658
0.82943665578919201220 0.61395388908881376455
0.83024633101218636710 0.63486900591311323794
0.83035544740411215692 0.63945031281153541514
0.83056020269711605675 0.16808930634938470949
0.83106022176227967169 0.05826002788348361161
0.83185236804310236369 0.20867106960185868858
0.83212065904331045108 0.18174219310447869979
0.83227701930562958399 0.17365013195243689248
0.83284216556428258826 0.25976058216610220519
0.83339665602640045083 0.29237214598546618083
0.83353933042019834332 0.04472698511930960769
0.83411477708920400698 0.08032010509949183419
0.83465889127690084948 0.71258368637896019049
0.83492065667893966552 0.48788126150888722066
0.83537158498067598522 0.33022851235079930809
0.83560568715176186672 0.78902718998972243281
0.83564396365797277699 0.78252804926900398907
0.83577416147992833473 0.06185712100638440791
0.83627732590651093769 0.59966542543208756211
0.83667256169250814324 0.26652261956339040605
0.83741470273023632664 0.03896439995274413731
0.83785412617463794760 0.48280508031892782617
0.83911050294231059876 0.26385415697751457564
0.83911623710649752006 0.24807207169408160286
0.83965056368473012238 0.15351785840121801030
0.83970123181701206150 0.20616038883545520499
0.83975997812872349435 0.11327318349956079502
0.83986015358020704724 0.10829941796593470227
0.84025044036588925067 0.22257675790018779938
0.84062983806622060268 0.01542401148704931023
0.84066083604079011593 0.11962633913556490473
0.84166263703225496773 0.01007487478753077079
0.84292137593595339862 0.29362219801872468938
0.84402087456358032558 0.14782533967259739449
0.84463279911812827461 0.94252253707155397855
0.84466535125079633683 0.95886909953073828916
0.84544720723743049806 0.42406606843875571666
0.84564222612076478391 0.58438570579994597587
0.84607049274556567209 0.25877876979868569274
0.84637081282227422108 0.70433265065048622500
0.84713816195792035479 0.25629540964806757364
0.84753209825876385519 0.01244802391106425085
0.84852375490463449736 0.19012771229388131244
0.84877197788376801402 0.46250100928970372394
0.84958772916497515837 0.39880957275678741158
0.85264976838675377024 0.10824823483625360676
0.85315051287909571265 0.43964266462798151647
0.85331246265307958421 0.57912311537037552966
0.85385543806252195420 0.67586773014366352541
0.85407768559551378029 0.29556106729687559032
0.85491680176324580387 0.13606339679466938897
0.85500185239828840889 0.67112650097966553009
0.85506133938174744280 0.12453619455463570131
0.85524840138622326702 0.33811413638354159694
0.85585796342901498956 0.37522962125705888736
0.85976175425523704288 0.12402492899604490584
0.86075731771895436228 0.24449287213632819871
0.86113832177345250862 0.45377480591158397827
0.86136668230051993689 0.19347461652224379192
0.86243822635922173792 0.31442118995893980626
0.86253421205690072870 0.12965990238836488935
0.86351052628185054338 0.63772911074287352839
0.86439323264991074769 0.26955660731980668476
0.86454266428548409706 0.37127092759752000628
0.86677583157525739388 0.26343479876782760485
0.86775471040957108393 0.28902504428213182663
0.86839930604638881917 0.45178659570129842127
0.86841981911784382753 0.98688869329074846437
0.86901241746482749129 0.86193316129733199560
0.87074394556763023978 0.63354799930046379330
0.87109285013066295456 0.06116715655660721201
0.87218448723251307264 0.08196312294417096300
0.87257715524555834463 0.28954136077441139374
0.87304351356021170361 0.19839410071413118852
0.87539140544680604794 0.22992446017284870474
0.87746452690763332427 0.98717046134969588245
0.88114197449658093753 0.61068926094387621095
0.88469085254131207829 0.23218842275700779521
0.88487361257811703030 0.00242834743276398911
0.88540339130558376457 0.19262365386828861347
0.88557015263700644692 0.97717630924452736352
0.88564056172889815688 0.63420708522111113314
0.88597441506515450804 0.17274498455690298626
0.88757309992105115626 0.74888743241054767097
0.88781849515522870409 0.57185515558440958017
0.88800818642269951919 0.47570439687790400107
0.88802111844606201885 0.13308414580694460927
0.88877301522846463566 0.44411790465835387920
0.88919212807523673181 0.51903694086617169212
0.89006748194270179919 0.98612344667098217332
0.89068765590059695292 0.15184998747374409134
0.89070944826267062222 0.66905039988502501558
0.89075323622353053121 0.05472774748064446193
0.89075721268045804369 0.01451312384285263941
0.89109656441220030931 0.43814693129870752042
0.89296708490640308575 0.18765954667885101359
0.89350846744035583580 0.52336110262587920428
0.89440905529530101425 0.16356641318284709241
0.89525771265849385383 0.88185213848482368881
0.89553959971598806611 0.48906793561530148562
0.89665318758825729439 0.04525250152024939965
0.89738630129658192303 0.38886577241794412219
0.89755656111487702731 0.01052050099831768927
0.89794848922542924718 0.87508465101192345337
0.89930966979132298533 0.60195906575104707326
0.89931173035308664687 0.92127952617899788734
0.90051927238689588595 0.49623751588073161667
0.90062822435995415482 0.43100675257610432389
0.90123285495069005435 0.68305151204565672796
0.90182116212502605457 0.14120183930350491130
0.90287031295664677000 0.01515580862603727041
0.90350516323570995159 0.13196175672804530410
0.90412210397383274696 0.63301444699519338055
0.90445232882488590942 0.43047684875087510736
0.90449762934281840998 0.15954477326384811087
0.90528167507695600502 0.15140612311257478639
0.90587134763175769514 0.27675719848178337301
0.90596721064637841803 0.46158515570539720985
0.90624188132621685821 0.12931222610345560753
0.90711148447276812590 0.14884333502044430619
0.90882439391769276327 0.81641736504629525140
0.90949142660801396421 0.37504455094915778446
0.91003754140368531278 0.58725668913910000768
0.91055942234751408026 0.47969643098440467588
0.91063726093091856839 0.97230815827062988532
0.91066487880883295603 0.45388355748945341528
0.91135712421701675634 0.35136960474690770440
0.91193602191928735401 0.68189752017244986693
0.91201132106414140033 0.71785298386800711068
0.91212261762477320204 0.54701566986585381525
0.91235782171085766379 0.34216173737915062114
0.91336489539096721302 0.32722951307622177852
0.91430051631181474825 0.05732788170572100661
0.91435138305325214247 0.38508649162222829965
0.91517995994413170457 0.44174626722201731921
0.91540695205230138143 0.51764446804129848889
0.91579723979345528662 0.65945702783436277450
0.91605414144036778623 0.18605091267377191211
0.91648303573095379893 0.42000652739817451176
0.91769255408338401558 0.17530242224982450772
0.91816719378736266766 0.14285696774489278771
0.91880509450618874645 0.28221545568019218431
0.91916312340890860000 0.17632595586036001190
0.91952236743999604673 0.04884566646662791278
0.92059770088719727887 0.16988295335258560281
0.92131332426517531520 0.46478501361523150148
0.92148767655179364411 0.23718349659928100737
0.92226594378655724071 0.19756808111794718630
0.92258924129042052531 0.38025581359445281837
0.92284271704122000646 0.17954575058043709124
0.92312429140534346672 0.31105527312142089436
0.92359320065000183320 0.43686099083252039055
0.92364467775068415101 0.13321092162877920528
0.92554176831851375784 0.19069023908060400707
0.92641259908733886164 0.62647528629052295912
0.92676005790308813026 0.18749754762721199119
0.92706337727246812541 0.08313703354149692970
0.92786425835069485935 0.08394536648934958212
0.92787234280136599018 0.69366686659412657434
0.92814299640929776025 0.19612896436204591000
0.92872326258515802699 0.30976566045006231898
0.93011746156749508518 0.27021810519626737745
0.93197693497170952526 0.09185899514287587664
0.93289920097506329189 0.58336229006567730249
0.93316600700969953852 0.40261145434098760676
0.93373391807507966078 0.03421141128547867255
0.93391992311327465259 0.26815977503943372318
0.93398382402812685221 0.14545381344037008886
0.93403125993307345443 0.26085769646047052284
0.93424911308090985429 0.46875140671859222286
0.93453402275140662336 0.09770930373942166014
0.93504464987051449931 0.04752542102558109799
0.93540730641926794764 0.69306783400135230089
0.93575368794510294101 0.30353082489180938097
0.93629425295717927380 0.58029355018129613608
0.93652933443641439570 0.23926672890290651141
0.93728687129781662613 0.30069699810925981653
0.93745240466754087283 0.47716608132881910276
0.93761993973111357192 0.39920414790819991335
0.93813903773611084791 0.65790314994721688091
0.93829515603746371788 0.41609017071396858789
0.93850456834725448640 0.76258278024800951744
0.93910823063008141975 0.17555034099986999152
0.93927242701986779494 0.43833692418447317563
0.94016899111531504474 0.15992494551591621144
0.94018873061620422682 0.04950127868636423206
0.94100851063646273609 0.13758285990519070197
0.94104734618173413452 0.63328888134657990161
0.94166781778999075758 0.47958126802645301145
0.94200026837957351322 0.43186097386544147758
0.94295029990668099984 0.69295396772652639861
0.94301575947767546371 0.22683254178012621227
0.94310037969672400049 0.71117682370234014400
0.94315422703654006042 0.24438392289048349593
0.94415078720369705056 0.03607655138863818944
0.94452015474240058612 0.62171459954670382775
0.94463229097278356150 0.16993756960526221200
0.94540980747500336090 0.08876549659458643493
0.94567266442345720989 0.00249916087768986593
0.94669633344391412866 0.10729017816717030531
0.94729435707923181909 0.04107069054232115324
0.94749826994935748559 0.59809440984134421004
0.94767609815145426033 0.35469838272311549066
0.94789561790177923051 0.14831601815343378736
0.94812112620972222032 0.25744816597773978462
0.94840988258122127519 0.45746737246687357858
0.94917784895066170670 0.28919349566006691266
0.95080376807813149487 0.38454662217879698183
0.95102330724328365541 0.39589248822660372262
0.95184033179912863609 0.06548565744329093441
0.95379254703347238209 0.44662234387381877232
0.95384360832775871852 0.07722268008669896933
0.95391664433247469468 0.13218734189752209818
0.95454314989279942516 0.22762711467694879408
0.95463663459927083910 0.40931791654331778352
0.95487146852032889210 0.63189490308070184188
0.95512246906568043503 0.04750096670143821864
0.95575714374753950597 0.57873470426132289646
0.95580954135437290464 0.08991840850249688266
0.95678246913025055687 0.25368109259841392644
0.95711351022486501616 0.96689803159687848222
0.95727832277519642190 0.14662843236300929228
0.95743978371942217720 0.74866896709009833621
0.95776177608805290742 0.74497330858152599475
0.95790959241703366178 0.11432575064047720281
0.95793767652260575218 0.20308672574740829764
0.95851025172029369337 0.57455332744598985872
0.95921558878724311192 0.09950262477924165516
0.95936631392959159648 0.58053613612851540093
0.96154102887805981137 0.35763654495214569629
0.96160266927359794309 0.59138035123050458619
0.96276170110359782228 0.32840836269641332512
0.96296137360614475487 0.57529555531020359904
0.96335644297594247298 0.49281184154272822395
0.96338066606927708069 0.41523906570258201087
0.96345243597515917156 0.12191482064712599875
0.96352701135118068443 0.00611897205136635591
0.96358063493822887491 0.02492546367353265860
0.96424678694985266336 0.63384069230380268856
0.96453266632515399781 0.26761381635963271686
0.96476540192746085278 0.04353579384209604886
0.96520092771826349054 0.24808966780042521205
0.96567548177496886908 0.46689698378763827558
0.96570208268288437736 0.18772147206447239998
0.96636167328604827276 0.45373716856174167722
0.96683003616532725566 0.03576247106624064198
0.96698982467919936123 0.00760752834895284114
0.96785294226392493133 0.58856767273573895594
0.96804113849000317238 0.50768442254661427793
0.96806481378570707896 0.43299877025861560620
0.96848337514571591900 0.13229723477429239376
0.96869540296752054687 0.46036879190369178749
0.96876449826453359115 0.63382424966942485511
0.96890868939246022062 0.13816749711479309193
0.96897652823993996041 0.13120320471909718840
0.96937328557239677007 0.41230186068871810257
0.96992192834326362849 0.05797750660557676738
0.97103006360658028484 0.07211741966311413510
0.97125904770899551544 0.50012824580550718778
0.97227365410694666092 0.38802057350074181663
0.97269666756653139217 0.33016337448273530564
0.97395564081018404234 0.15052383169273059194
0.97500133787812270914 0.90964115960558877827
0.97536781681831052904 0.36997418564910150574
0.97620419974916894379 0.35903587522200558491
0.97694847590855615760 0.56759464798113334894
0.97704376518899904713 0.88475804474231911634
0.97735187411537571833 0.19970544345046958856
0.97756451640980468465 0.78335055019132049381
0.97843640349033367265 0.43190793262011661913
0.97867016593229627652 0.46487527787094640175
0.97959019593039864393 0.98390452150478313609
0.98020981260444595140 0.52727910923871390558
0.98086603295180763151 0.34207638345296309534
0.98147464489069291549 0.86338109032360166317
0.98155765255052584983 0.52476251695813680431
0.98174472714521265893 0.55968724000358116566
0.98183289986903299340 0.37586296640780159084
0.98260801233944972122 0.93690026508303814179
0.98370354863961928515 0.75761452092895498200
0.98414540130602934376 0.02442227087685966067
0.98417074092190670598 0.26634751914943222140
0.98534915911319231885 0.53644097252529943098
0.98565763485810176103 0.46150671288980571472
0.98621041131579667560 0.25672007769714272341
0.98687180901920046328 0.91370106267643780296
0.98710302453115428278 0.20361189308013860622
0.98787422940696834051 0.30473928416373807782
0.98795736543606038627 0.01210104100717602008
0.98878145439729625554 0.15480466468753320552
0.98947600566988580528 0.75501877554846652529
0.99081550254425854174 0.03746930527810399258
0.99136450450247326494 0.25590677805700462466
0.99149460679365408744 0.58982441725698753210
0.99149492414863338308 0.58619625763489535686
0.99238037916945298633 0.51716314308511235343
0.99295046677224463316 0.02243508476971944887
0.99298634803293217566 0.31921822376902031504
0.99421819470620687031 0.56074476804735784441
0.99434626041856521983 0.13811614467332811174
0.99542933723869220231 0.29058044417303907636
0.99571863184706310701 0.30642122692260509442
0.99595213227991830074 0.66120324621506754159
0.99601378146775920719 0.89950270372154428333
0.99634316296219438414 0.51166890886949056849
0.99684425824555533691 0.23232174507515290784
0.99743619260350779854 0.81777365188115047623
0.99758001127356388249 0.82264816076790436838
0.99856603997603732292 0.14782237187353031160
0.99858155340268728306 0.78827975403662431386
0.99881019568619300308 0.20235036029391900714
0.99886595187397875240 0.43024013747806677532
0.99893614926531781872 0.18634222321112409171
0.99987656254379586596 0.52655143203420162745
