0.00061653203280975788 0.99563947737583591291
0.00217538895462410188 0.73425774515179520474
0.00254121114300853712 0.21053282502448961155
0.00271165313743315694 0.99360293133663180054
0.00314030573768653287 0.39589178838922300940
0.00323708265887079306 0.85251118147650939427
0.00325588418784938894 0.50515145170801623031
0.00344261073048612908 0.88176568546491873590
0.00348747728903997479 0.65013506105556151393
0.00415162612627295591 0.76656076446776932887
0.00416897671233851241 0.47545043537320241800
0.00457304526544344281 0.25211080867302848585
0.00515377784530379659 0.94435639578898289415
0.00580006710183544882 0.56244804455346919525
0.00638329820538141579 0.15676766947449610745
0.00648149477872794842 0.93767716227454833700
0.00706735164384364543 0.29636098265241989091
0.00727182868735998158 0.26174604759827352352
0.00819133026844753864 0.22391048504977750788
0.00829652996569252288 0.67739710924356422161
0.00832046881519199477 0.12519278414686810241
0.00834279914149538282 0.86474415149365224664
0.00853344833701241701 0.45574411792064239979
0.00864414444748384803 0.40550949798152202685
0.00880974040204063336 0.55275523375123991610
0.00887043887153549093 0.40085661985527720752
0.01084513786917007047 0.78610974774963893186
0.01106823978729921075 0.07006611332497014732
0.01112131756841427954 0.74850401784248488113
0.01130564742170315010 0.67326877436843890479
0.01131863403433320051 0.22289225771991139080
0.01135634891916515073 0.52672520232060793255
0.01141583926663180919 0.29348065761433417276
0.01146647697487646056 0.77388929082988389130
0.01175188938209847933 0.45621650394622809133
0.01290221193050843963 0.16458929528613919224
0.01338416375703866019 0.10529058638410160320
0.01351158973309284951 0.49180479970854867888
0.01386596007786345015 0.59261297884997909957
0.01393284011207917943 0.77915743642798107604
0.01394969862281003961 0.48380547651399902209
0.01399540328689130933 0.25073307534459238211
0.01404921753084597928 0.23914621335426070048
0.01431335619181406046 0.92224704120579292788
0.01443368617146045980 0.17575669794202861129
0.01506789008032461026 0.61929282748081060372
0.01541950913772915932 0.53754941065892336560
0.01581572364011285883 0.41135863168656988664
0.01620306122096181953 0.66117900436805276954
0.01643215104934326112 0.17102643784272109073
0.01668227729596571951 0.85724626891909572191
0.01718097160630160936 0.37494109964511168620
0.01792188883818368952 0.99451589124847061818
0.01793861619269232141 0.76882279622424887222
0.01794567618842235132 0.34099306892190239804
0.01822537299884963158 0.64470018191690581233
0.01851888461539985889 0.92819481661620883983
0.01890421798474095985 0.32560280612689668223
0.01911025025840639921 0.44812101403554061019
0.01958759743582560997 0.98072656472840191721
0.01973082480797850105 0.65190657580592381581
0.02015730175557095896 0.96390357110130464591
0.02039392908441139962 0.74781721334022910330
0.02112691110830045016 0.72858552442863744325
0.02117433249577104978 0.16378053284017080049
0.02169086724191993110 0.72573171135027692014
0.02169908446051794018 0.94440088299807078975
0.02173941222150376981 0.32346456678885748826
0.02193378249015653925 0.78008197371314580426
0.02201371292742059990 0.73573136229508373507
0.02220004438685962977 0.82720814283688148816
0.02374670732114770103 0.72120607388878243960
0.02473715378628705067 0.44500340091207901683
0.02542955553895409962 0.86218979838334364185
0.02594254528634765133 0.25379149482752688671
0.02626871001893759869 0.29887230124180519386
0.02662122796886079099 0.80188558961103006961
0.02682035323044928976 0.10219167514062850455
0.02693863222302883900 0.88030553456200977269
0.02701515404278831065 0.90397375708856764209
0.02793124064905505924 0.52017732440115560522
0.02816022118785200049 0.60925110984702857131
0.02827992907961606947 0.76821810580209115571
0.02869830262412486829 0.86669491106221485666
0.02906126869647774127 0.93339532843490735647
0.02985073390997960985 0.93506719678924798966
0.03131183191457043158 0.51445467604594008471
0.03148498665028964805 0.94571635014425492471
0.03154222576325926841 0.58486904660553051816
0.03186256675291653656 0.61463522661488367849
0.03334990384035740885 0.72507935625986263961
0.03427881666141074923 0.38488805539282178181
0.03436990712333176656 0.74616272965248786608
0.03505391977481996796 0.75631449449979049060
0.03533217015743417289 0.90601170219569948650
0.03565313635676137238 0.28601198230389518473
0.03575218669670333221 0.59331061965406584058
0.03601435620565762719 0.91283741891339442720
0.03691816597452846072 0.69603016529572903082
0.03761355328391091657 0.58138525235089333343
0.03762501709439047826 0.58110216611121323638
0.03775909900154472698 0.70122685767737835683
0.03867511590301785790 0.28227404029486780068
0.03908337355589808215 0.95837020193803235113
0.03932784049330850795 0.86822505348556766602
0.03956393861045325727 0.59583521334243461087
0.04027220536686960256 0.59364545210738184355
0.04034460914003212828 0.85513663958015040389
0.04128810701500806868 0.79484551131738945262
0.04131107368898422755 0.13605987457613799574
0.04155806671805772901 0.67785265359994606449
0.04155811662698193770 0.24958813588704489850
0.04200298698018468252 0.97551910228276672576
0.04230935154925363761 0.66223720172318767396
0.04231709552612983316 0.70103451371089120503
0.04245619031658243170 0.89811623873651624805
0.04288478350367574965 0.81842130939590174155
0.04295232227005318926 0.78498965760463712549
0.04318818743505802721 0.18877654059310960966
0.04324459141466219236 0.38720318137311382500
0.04342894789651619014 0.48570442839499050613
0.04359177965195437654 0.92019880803414266790
0.04436841993423146224 0.54845028791512739907
0.04528814475909737070 0.43994575261994539606
0.04541465482350581784 0.80312948720040866490
0.04546861463531048919 0.02498957050247773912
0.04592137495936742669 0.36328743005048691472
0.04625554679608800956 0.98630034252675558015
0.04636716235360228283 0.74378148073397432061
0.04637967453841119331 0.29730215263597792319
0.04651842925039684218 0.73861418826020230899
0.04693568105808954005 0.52399179913952820264
0.04754843634626360060 0.76914899126229629989
0.04786308510217118783 0.39624745131904570705
0.04868356482628510840 0.38433818139879577513
0.04874586065142760827 0.69196738716818573245
0.04897990265246199293 0.60903789674865371762
0.04984845541070592745 0.97665046748869865922
0.05009912311959475312 0.86591765030120959601
0.05042544648316960032 0.98268703200192453195
0.05069032313748134122 0.79786897195127537419
0.05092574916559766685 0.28088988774889361855
0.05106833996217730043 0.99861522844735117754
0.05109146653126828141 0.60888679359197883656
0.05118806076580407344 0.12398180762701470348
0.05135507523436511068 0.67353299141620615043
0.05168927701961401056 0.71121500677951898783
0.05173074859661896951 0.84852737952758960915
0.05193313585629633078 0.35502355630140680631
0.05209511463447302759 0.82215917444859354379
0.05236422784329496788 0.20526190439198491178
0.05255226139723145895 0.51848242352248996578
0.05301706922305581687 0.77745493185884517739
0.05329111797973872661 0.59996357106097308876
0.05340502384592993312 0.98345578339242245569
0.05394263906280082760 0.32424051370874029665
0.05403744989272907251 0.73739080211800056563
0.05431860001850818964 0.80352824877419060101
0.05455841083006086195 0.46783407054456821461
0.05522052182318971242 0.67302050061541041082
0.05524317994724536884 0.86182193159607933808
0.05549972009237247317 0.34408814230865431005
0.05638353677586249724 0.17327611924198871307
0.05642140522385696855 0.89470584333589853188
0.05645652255226518701 0.68367037666764929327
0.05685135291098287330 0.65860191810999069162
0.05709840299103884770 0.17097248910258830423
0.05718786730984726230 0.77358456339513126387
0.05815932558035207672 0.99840677616406181549
0.05839517399793280744 0.31160947811714062583
0.05852288263022443343 0.82767830634218686470
0.05904287699818377977 0.11680238992722319358
0.05974220232482607695 0.91092111674453524195
0.06039594142305070718 0.61548206207651645627
0.06102324103519308346 0.11229409913045540481
0.06132987620652319283 0.66482930338789103519
0.06143270073614127275 0.71762375371533582147
0.06161089325969804076 0.86282959607593556761
0.06173850849940121233 0.60098489172396662994
0.06234729775914694266 0.83781501340809860778
0.06234961891207658341 0.50629438713968599739
0.06395235231169638102 0.98203746614367704026
0.06488486673046844899 0.91228179504505291231
0.06539844113306580997 0.97229528459245118110
0.06544276756018618801 0.86490796834274430438
0.06612561763726398922 0.77866085818788066675
0.06708241101483203295 0.85658740234826680204
0.06738801914027636730 0.75626889201123004280
0.06739723069870429129 0.67492435987352294990
0.06788116352498174688 0.77095922460630639250
0.06806530123167053858 0.57423089288828876864
0.06827660383508804554 0.98273595746190822720
0.06874730608161527812 0.56105852640769826589
0.07109538658354530583 0.72865407200427034784
0.07163875847684286757 0.82455155163571924870
0.07255920189856268632 0.74556495431577030075
0.07344378476157642499 0.88082483810798573032
0.07345298445806114351 0.76252573175120919036
0.07362810710337808207 0.94505668112084351140
0.07625389077061051069 0.70694187067456570883
0.07660023236915880496 0.55409588629503503387
0.07703847264466756606 0.99435129795810295317
0.07716173544595961165 0.65578295014599707891
0.07741681079609430416 0.86626088026192105129
0.07788084364253367031 0.87060423627645266986
0.07796523965603552320 0.66871592474757268754
0.07851680415647666056 0.97283470406789174234
0.07894489473394306067 0.19569384441944959185
0.07899976183407519947 0.97664346323907524905
0.07949563194819497802 0.35117486068131947841
0.07969600971821799718 0.14432602047643411369
0.08058440152274304324 0.67681081551380817274
0.08110870904572275997 0.96796185185432348508
0.08135393979912441953 0.00143705831548823792
0.08183652985306566485 0.40598147179566240750
0.08205173205673976788 0.49544573307300310283
0.08243455970407820299 0.76756962517718541061
0.08259130764865230123 0.18469851461306718843
0.08458889485204523773 0.62492873610262633655
0.08487263797828570322 0.92909582012358626901
0.08491132131140644024 0.98217088302490263008
0.08533529050332877564 0.95182987748211345114
0.08536409825478130653 0.77591920605466779826
0.08566287763510638253 0.87100815857971869427
0.08569054403047415835 0.38162507574453452541
0.08599942966218421248 0.76484710624767315856
0.08601843447552237620 0.49013918976060039112
0.08653318515566477132 0.79471290030427954587
0.08688338095939218686 0.55618401798119720958
0.08735133138282202836 0.90891789710526560420
0.08829115763692108043 0.84158477582060453592
0.08841296379074248257 0.48478965047708438840
0.08871967995673368801 0.71779301993727961939
0.08881544709219391098 0.75862118300812408922
0.08895023428420500977 0.47923058699605891597
0.09128104733261321879 0.29025817342105991736
0.09263614187758617557 0.24185828098468789560
0.09266312103085982965 0.82914952270451680594
0.09384809668615723410 0.77128949832270099485
0.09511611259066188317 0.71837750667165989338
0.09545912291892544310 0.74296363387537034395
0.09710533778314989206 0.97665916499673810502
0.09818719990051805180 0.72937785701437496400
0.09821976236873952715 0.63674844599507596232
0.09837721846425107053 0.68982854749874744638
0.09869498859583192285 0.28527140983902987692
0.09879293140201095280 0.26731339677874771388
0.09882746049777613173 0.53596488231295713600
0.09927107310637495186 0.99144206413776414522
0.09927220184281893012 0.03732350838310293656
0.09927659552622958294 0.92019514976175165177
0.09996944471744684257 0.23395181280981611205
0.10078222749338650033 0.51668312714914188533
0.10134430547440119452 0.69358299226973862961
0.10266187357634179445 0.83509142118517187825
0.10278723809447909421 0.32509188863890947641
0.10420777015827449585 0.42482767530876480722
0.10425634280941249721 0.93397562296769198742
0.10441263827757510385 0.61647749317204780795
0.10459290657825359716 0.96628291799330201517
0.10488301602631959486 0.51629694490099675708
0.10505818407292759342 0.85692149463748212845
0.10544857405962260177 0.86408341638887020686
0.10675268053510010569 0.80609188091046879432
0.10681419068180660059 0.93379426200634130240
0.10687006926051779987 0.88984124235514949763
0.10954638693838700259 0.37505266761783762064
0.10994518497203520369 0.97154042530544282297
0.11008541878672270520 0.84991302702938653635
0.11063783407835889316 0.95814881422367814690
0.11173191481610189602 0.77959480407727710372
0.11181606214925800258 0.79593160357167280772
0.11355428737312249499 0.70828725754122279223
0.11356454304519969511 0.69021221704597457425
0.11367560887734899644 0.93967273804229944911
0.11412419710293419950 0.79019261260830564453
0.11512379017482669841 0.97416102975962293176
0.11635155238195800387 0.78205445410962692865
0.11681624516942079595 0.21412885874051620916
0.11782147469349719959 0.75010663774241503887
0.11783737623637320635 0.93633062646746001434
0.11813229613747019964 0.90855092928973679722
0.11846787273741410385 0.80412791145928319558
0.11893393672566529573 0.61801686899770147399
0.11903348940313150661 0.50164200545366610662
0.12048022246596090667 0.84039281160427858897
0.12075119754995100596 0.54078443904320927516
0.12140646802800370008 0.16972092600734570156
0.12169589713357430172 0.29939082697152502588
0.12263906060265590547 0.77174955047901971916
0.12321456178009219939 0.89033540375431419189
0.12324668249785389329 0.34541878346747661999
0.12324940858481629735 0.70809380906726482330
0.12338697994040799533 0.91514308115857168069
0.12381080668575279724 0.86615740317325873310
0.12405866784487709631 0.86734933588236828861
0.12466526753372550451 0.50552308922803346203
0.12534410708298321380 0.72770998231063499517
0.12666411821311548969 0.81922771870911370584
0.12673495411840771108 0.29435687229199697379
0.12719727338591740873 0.87464122317196291156
0.12728679744589699308 0.68751590951731134105
0.12862324485029960619 0.88568291856024672359
0.12933756021809109105 0.90247540058918562789
0.13016815291678149324 0.43424781083832442174
0.13040166380515830213 0.47201462225279960938
0.13077564539692509982 0.16721410674198869395
0.13113817968250429669 0.78995261700790730952
0.13190089044989869449 0.25599928289432827277
0.13195577299711350183 0.85371271444585694610
0.13223548356853329078 0.97936975475871412833
0.13279272727435578738 0.77886415204548242741
0.13303943529258260847 0.25165971250455498875
0.13333969859530239721 0.27801896795242692084
0.13346701859203161100 0.79683714633107638470
0.13362937200952851313 0.99154593437968718828
0.13388439350416531104 0.31270029248786590514
0.13414042478517529400 0.53378413446094330475
0.13418934001178700610 0.93613258640470431438
0.13425960162333031023 0.81158587835707052260
0.13431284618331548741 0.98577206295419317339
0.13458572195944609740 0.93416374656902190221
0.13516172697825790117 0.71420818611563063882
0.13536171526402929199 0.86581454815126679403
0.13625515510446040146 0.66275622507325393507
0.13656601626627629109 0.46755041548930392770
0.13727616451538141029 0.11223027334419770351
0.13776114891113941385 0.21503400012725021329
0.13791306498644678724 0.01404601028877306042
0.13822490769839199110 0.00654354294313241880
0.13830300604200010395 0.95699866033028080370
0.13837743982960448719 0.11672459461696900462
0.13960723886861178822 0.21059142493474350410
0.14096164651196460560 0.28878996807798412716
0.14187919908748150566 0.40496601594448711214
0.14266240796418819259 0.27786430813050921884
0.14290975731728419729 0.55966249113496380208
0.14356389738495989317 0.69566697191482473883
0.14374761042622111185 0.75552232364426996636
0.14383714593300059303 0.99436549776449567606
0.14394539637255621134 0.64768734216946488580
0.14411874557011961073 0.70817619271951881554
0.14425910068999470148 0.07193109178807322035
0.14476982730281739986 0.31373593241401021015
0.14481855507970481378 0.29388055308366112239
0.14545474291615709261 0.32473191615206697946
0.14607638724635391148 0.80389865050160269622
0.14661102405555159756 0.97186947984024729674
0.14679793581392480695 0.76513859839384745776
0.14683794554923521036 0.78913539765350937394
0.14791794681233941255 0.25230162681453227602
0.14821457039534860489 0.20681238283062969296
0.14895383514015009263 0.08589721245750192580
0.14957175717016069072 0.79260465231910648409
0.15019521518496650736 0.86203955102619089779
0.15025964504063119009 0.82936708323403973697
0.15043019158051271211 0.21999261733688990628
0.15147570940729271349 0.54897803190722449518
0.15248160566502999558 0.94819536339055787710
0.15304134255206169879 0.28841148959106738259
0.15379195291141500856 0.25523182372095809534
0.15406547306124548924 0.65218659663524625181
0.15420227943091549538 0.16900429816412471107
0.15421141488764900096 0.91527340619628971830
0.15519499872101860660 0.78983286009329234378
0.15529517399745040862 0.20394801666551679031
0.15544047273632469186 0.84298774859760849942
0.15627430654337859384 0.62160846294296168146
0.15648818493620028636 0.50887575561925002532
0.15653925241908600574 0.87308017279893557205
0.15667170178904790689 0.50624554024444012867
0.15672339974803459195 0.87503697947523606526
0.15691924405076271287 0.46129508679736669352
0.15697486617328421099 0.75812463687315445604
0.15773118606636848948 0.91390356844089182253
0.15875587468082189013 0.87772269975525518682
0.15885456731715050238 0.28648320022829071307
0.15962759904561771296 0.64512685998350693950
0.16148391307768919511 0.99719615214703249961
0.16241243098993360383 0.70550127154720665423
0.16258213807922661243 0.82051229606456677068
0.16343590453682030339 0.05223384416644927253
0.16469037496781810392 0.47615675226449621915
0.16546910944830531265 0.90450657916897692079
0.16565450162445691240 0.57223885055708079150
0.16578240265450561175 0.82405955574369615935
0.16600670660392130573 0.46176971056076099309
0.16620351376155920176 0.04917473833177721243
0.16634903734062381209 0.81385924576990920087
0.16822420501415069616 0.67354152620146812147
0.16852062336209269744 0.10387157508883319845
0.16862458306926739193 0.99665855792308788441
0.16881501535800139124 0.65949813993184702721
0.16935379218317439531 0.83540327694469418418
0.16962372180372639607 0.23198115631910248835
0.17027292881281189119 0.65297483907442721573
0.17046013381763280847 0.65036717071869099005
0.17056203366690309009 0.06922988979804090004
0.17134327415760339242 0.90303451031725523457
0.17232439737978069716 0.87229925808563957279
0.17233674741738588820 0.82957413493788723091
0.17247804045102019255 0.82219131449860705096
0.17251059787929198808 0.99291229953279924736
0.17297944903442891151 0.71876913256747365644
0.17337055742046900142 0.64700068925884768323
0.17484114998609370795 0.54379738768451679753
0.17532569914766749086 0.35061173114740007417
0.17648521730431390719 0.68229459727450902928
0.17661885870673468824 0.16830087857962580666
0.17742798723334468614 0.67633436173816952053
0.17757266370132199218 0.62813332553379108703
0.17770000499725768783 0.38505674024741731731
0.17826595785878249223 0.11458531073006880674
0.17906985215659271260 0.98258023643779857093
0.17953316477356809355 0.67230049262268709587
0.17982699102589280726 0.77131154192959383575
0.17986015038034680602 0.90944333895745010921
0.18027013300342939472 0.78426727093127635015
0.18034852196700820737 0.96566922886847994523
0.18159259058329699221 0.98062339844825319179
0.18260395227690839892 0.80682112367992686597
0.18313836442333189525 0.86464361931005528916
0.18423283191862260821 0.78494579331869029915
0.18426585675238349449 0.95827236295069984084
0.18482690651091679412 0.00206527019856095296
0.18535887310557661034 0.58899438696428607631
0.18586733296696109075 0.03628755439979813868
0.18610022632569170331 0.01802595694774323035
0.18633549740506560877 0.99651791478621698506
0.18716448406699628948 0.12345746451795210075
0.18729247525477690783 0.01996941786266515084
0.18776478802612650565 0.56717428128935443166
0.18817654209395978659 0.41465066509227399560
0.18831332110627418963 0.58629311640894976598
0.18843233739485271139 0.12180488569485480033
0.18919893464619669254 0.75189295431098002176
0.18929815034803951224 0.91879257244228340618
0.19047395531185029594 0.19212246808716990087
0.19052299090129309889 0.55049837283433800117
0.19058802426171750355 0.61136419599035207728
0.19261074782754200596 0.77316940614628648643
0.19337822736601079088 0.94409878620218612433
0.19342357155686620840 0.36919080144644700336
0.19344377375249099948 0.86650350553423638456
0.19356950075851039883 0.84695219458468362639
0.19388076169288759321 0.38356297739904809951
0.19432185367982721114 0.13126616921776110281
0.19446578422787610951 0.73259700361424651138
0.19450341503240409224 0.00031668045724453359
0.19527325988633770226 0.77797202956476463331
0.19609436533925708734 0.75134958932442585944
0.19619407028880450627 0.67177134755019862755
0.19662164397132408933 0.93365236274387075621
0.19663262185023561157 0.97391955733646662363
0.19678197301449648626 0.97360208608115517137
0.19735402333453780366 0.31588364658241718796
0.19815914009081300740 0.31312836843147867638
0.19888361961626110919 0.72737682353326471585
0.19888477878329099968 0.87628236337865250682
0.19894639733278840499 0.95176967771129739049
0.19906786380735430608 0.59789185293530000553
0.19926568532757041319 0.01778415593476823098
0.19949475344550571254 0.86845030024335601038
0.19983463152223490678 0.99167646449738278136
0.20043981200921429098 0.74603399919945323493
0.20125305229137088747 0.04840831549858604088
0.20146859493477950465 0.41263448241891198531
0.20209612254812309162 0.77765568704291465618
0.20233994595053170218 0.92991331630535256636
0.20246331605438661061 0.91396808188344369484
0.20257266721462918735 0.89626072253130262268
0.20385505311109911042 0.37354635821719872624
0.20404896687678319989 0.32729258141626887957
0.20410612194240340678 0.57430026760681229803
0.20425720803951769033 0.08265303003572599394
0.20456554719876871018 0.02937255376003999885
0.20457591661131419025 0.36757722464918979322
0.20608606888634320442 0.96559807011667742049
0.20642452301036651185 0.96293631042611826931
0.20647268574905630611 0.82700889980629577192
0.20791142440914389677 0.54412550237017653920
0.20838112698120911381 0.49320445988062022735
0.20869476260382419097 0.32437886704395102466
0.20999933548105981229 0.84008423972763002219
0.21039047230191590399 0.98772072125552590194
0.21063772865993010686 0.95515147216853568679
0.21066470812704540805 0.90182044955006235298
0.21097475070578960987 0.93304401007136161805
0.21115006673399258630 0.99080595678740834842
0.21119095874703031068 0.08158510337009583502
0.21149428712880410930 0.06400686654434850631
0.21326307265243318878 0.01968666638175209024
0.21381417540747660322 0.72053697520426374101
0.21486143488928119427 0.93417305602383493568
0.21549051460433299443 0.93118741126482140746
0.21767934275466829797 0.73488932970352294216
0.21828112193325518997 0.88055092864345607673
0.21956353072510029212 0.20994272295522539706
0.21983524557786648934 0.45051090979525471036
0.22018063374480859040 0.32742679736132712653
0.22049962949669499324 0.89133962284937973131
0.22086096722273099169 0.44424606061330040863
0.22131358243829010735 0.54148794766160202041
0.22423732864078491089 0.26844389707105098530
0.22450536295254838737 0.09788116765778065442
0.22473566249535051331 0.57052877558407411041
0.22518157768652488637 0.01547474568790330011
0.22521515121731919273 0.71097893617514063003
0.22531428358165331294 0.82914117778054263752
0.22536943214372270883 0.93834980928105926612
0.22624965085177478619 0.38062693265279090582
0.22640396367163601044 0.95273338771029780769
0.22649660721289899268 0.89406330612997086948
0.22674550594213530030 0.97147895018101659836
0.22716701842611189410 0.09343780556036185292
0.22825009376873400813 0.25269474124830598738
0.23065490511756869818 0.01834633341127556161
0.23080128459222379322 0.73125167172788585468
0.23092108003725239640 0.95130948009437865664
0.23250167047845959889 0.68678428924606893524
0.23252749588226251376 0.87569218936741555215
0.23304082472846499030 0.87770329944075142770
0.23336216522137651075 0.50148506690187721890
0.23387688413570628665 0.80731584677380541226
0.23392539964138289732 0.73069518328378246785
0.23414259857193900349 0.87238563236115818089
0.23488261277117200576 0.39223625704697251404
0.23493936538920989765 0.01248926263184214035
0.23503874171989388997 0.79555963421542630343
0.23526223391825060172 0.04592022507507265150
0.23535071204859431271 0.63604248104688265730
0.23556401605483259787 0.92670824206370183695
0.23558397050927520899 0.53737084240548715908
0.23600055643213099787 0.72186268587035928856
0.23612223187569450489 0.11302528874862409480
0.23624110962397679159 0.88813504532724529827
0.23681889038895959088 0.94678863152704495487
0.23782715034539181342 0.94294409224204533970
0.23946530528869239274 0.77195218529030618093
0.23980642802902440991 0.50110912915774175058
0.24021323511563361097 0.10744253701862629957
0.24093758788435520879 0.30581327020666282390
0.24140718181508538653 0.07624450524559522879
0.24157988764652860159 0.63285694657369040428
0.24175625821612120592 0.62124206690365646466
0.24184618231969298718 0.82335171741335866358
0.24256674978561820755 0.56902059837208318616
0.24345614398830209280 0.83684558761207572530
0.24391073833279100502 0.79407675689663592689
0.24428832895760160815 0.09569242855905790712
0.24525392430528800136 0.73261333036937714702
0.24545254305400870942 0.99754476763602262235
0.24558148614591870929 0.99636125400583752665
0.24576784315237340528 0.93277928788956077089
0.24639850954036898734 0.92386379575777100026
0.24755932895796531334 0.61284518925422681868
0.24845211487878290924 0.98712097679422261542
0.24905705206565881271 0.71781540769318086248
0.24980174536886420866 0.60223459654080147008
0.25185193182111398347 0.85176529110996845873
0.25197763668140882309 0.96922868821398500128
0.25215146227460660810 0.02573254433397942006
0.25276458791379008417 0.38546468497790720154
0.25304015896939158203 0.92694524006278544714
0.25322736145814572772 0.78722420787369906670
0.25378822945484580398 0.99755504644329406894
0.25406720197408710904 0.09469152798178748220
0.25434455981203102359 0.82092459556098129614
0.25481330490317000148 0.93378286317344749712
0.25486645060516327499 0.41003953653693431258
0.25540868464623789347 0.43489894718437521748
0.25627625974330109360 0.88681923318468092177
0.25630639196548848924 0.90234808234560304196
0.25748670809064860832 0.85570727042904037862
0.25845553965002687757 0.85072966049667719801
0.25855738522065518925 0.67103762734570815418
0.25883558064514827768 0.01164920961027804056
0.25905989249572769495 0.77426180504437736030
0.25957245716320132001 0.65346645472251685405
0.26026220583691300758 0.35719458925665692473
0.26230439005799260910 0.40983540057399542311
0.26357648494828989083 0.24843877337918748860
0.26396004127487832092 0.51925547957260242971
0.26514506502447521274 0.30233286040972429110
0.26545463806349267610 0.34667269484975921090
0.26574928972820971440 0.33922669345250022754
0.26611575986176327913 0.89747241615772310741
0.26671259936702357285 0.64244798208006204110
0.26719553361286257909 0.94316170554399691994
0.26742625006689418887 0.85342070478527720656
0.26782860311537182163 0.78896058673258628868
0.26867802649085570366 0.83620979008259854748
0.27061199769459010067 0.88339014170543517235
0.27151630335228582602 0.89145622690465808891
0.27166483584189698997 0.29742469832988888134
0.27169147538428878308 0.77163261199580335248
0.27344710257955379129 0.43125841615778792715
0.27478202123564332560 0.10859301592808599801
0.27517315352167270870 0.75232398117407495164
0.27536439596470807523 0.98420925478578136225
0.27626665282025619774 0.62834768213163416650
0.27703287631312489836 0.01139497786727871990
0.27746441519631998007 0.89558335327161331385
0.27790185997080230074 0.01738020939153250843
0.27831702807082592255 0.73961330998967633743
0.27874982664914782493 0.72758848781899876368
0.27936185012154240992 0.85198813996880895516
0.27956173103248771472 0.43125600121093210504
0.27998606746427662229 0.71887041865518930273
0.28088345781869178408 0.94866722584011042851
0.28151914556316370852 0.42275612372926052451
0.28164043418021411647 0.68872365545553915211
0.28251266219077159070 0.02001986224963070091
0.28261036506543707469 0.93748999467053306667
0.28300797724032167313 0.90857853120722875673
0.28349073000297941860 0.01510034067215026976
0.28486804217115518911 0.87093970983754209758
0.28491721294289207300 0.07037645218552002202
0.28622650389726489450 0.86514123790735519837
0.28677082403041009862 0.29602098502183471496
0.28687490114792940643 0.26271446451023527935
0.28785469432284549463 0.71187397371410332525
0.28823221111308189313 0.31645206385843321906
0.28870207687231991267 0.67827383352589720733
0.28887379805509927344 0.93106415650356699754
0.28903845790257892689 0.05939976325577089877
0.29082627061020011050 0.98826682060416592979
0.29135499627727950989 0.30888837144038938654
0.29176959167147858976 0.91500925938302091200
0.29221859891513468632 0.95950672005570047940
0.29325074886076968328 0.05744899321742547027
0.29375960638389991830 0.65290846844912642233
0.29396781476917599463 0.99928101070730190880
0.29412248012814551368 0.98507018513529465142
0.29503811558253767444 0.91358889591141967390
0.29513529112680741973 0.54065661479627513675
0.29537923509797769928 0.77723404737769263839
0.29580189100067261210 0.83525456414651899628
0.29623973624052979403 0.77610513583313789354
0.29667554904476550748 0.97163418872085083322
0.29733379448325680805 0.99201734074121161733
0.29783159490831268013 0.88633510452475428032
0.29821298858733352732 0.76343518607556071220
0.29899259679014739133 0.80645977918007738516
0.29916651244431452517 0.37337396703257241803
0.30005634610506248805 0.09666249285760120102
0.30139395262912188622 0.26582673550817847996
0.30198478033471892745 0.75283213484291089390
0.30223402805769528090 0.96241228273563139695
0.30260527866881692383 0.89941553032546350810
0.30270248197389898470 0.25164191615638847876
0.30290987136588221063 0.40114340114124941161
0.30458700130943250350 0.84310847087735185656
0.30499103673379079904 0.79688912652668686398
0.30537003411461127733 0.99490933842953122035
0.30578801665186827741 0.19697928661542929429
0.30702746730592217483 0.15711181116235931055
0.30737597151648848870 0.25011292589939049247
0.30787805497449760583 0.74557534303324113356
0.30803450186387232312 0.53887112688329441568
0.30818020024880282692 0.09033097485548524652
0.30837852277513189136 0.75602736926096902881
0.30841255731490341274 0.84593133985816948428
0.30848302161763202500 0.95913820255147785865
0.30859784868088058207 0.01953277962419431094
0.30885927284816361293 0.83270380522563247627
0.30969879133633759771 0.82874745537485861036
0.31046248452011149244 0.70394742483119909782
0.31150712713862349634 0.92125401093736103419
0.31277666703929657421 0.00579144319348423586
0.31354056727184509423 0.35952139812727829105
0.31383328340012339730 0.99731454795543750258
0.31478415861988229274 0.38090293986215667532
0.31496746563120397999 0.02252595683516489880
0.31534773826162731947 0.35892329432302827463
0.31579731725792070662 0.86739158492896084596
0.31607318688097202353 0.00788344789563055759
0.31709121455982791637 0.24472715357799360025
0.31716542073846998306 0.95088438488438375984
0.31833509547171562337 0.93327695157100576395
0.31875709599831131280 0.01353505019198663999
0.31898604637706201581 0.97703707160027697398
0.31925226735778328147 0.02063985749418428828
0.31953738400915970841 0.29731505304627808828
0.31958185434717378826 0.95580183768475257544
0.31974858044398501988 0.79254610283201443188
0.32029213503386022577 0.37612237370073847709
0.32076242525603260169 0.98687755838815860443
0.32141662210818378043 0.37413739155745567855
0.32213195516249681916 0.18745342919905008672
0.32269785442111498242 0.76156549974651677193
0.32270179355345141037 0.23215252177389519850
0.32360103803609419071 0.85777457681920066257
0.32417834894809222090 0.82241366018420125616
0.32461255319451881585 0.73131696047927852167
0.32462725450032881014 0.01123363818516343038
0.32514059221823088386 0.86910259975078441030
0.32725637016433639648 0.85236811118930855269
0.32844655881557349719 0.65678623063909047364
0.33046131035629489059 0.94714948836430490342
0.33156763214003137641 0.00463822580175043964
0.33157871404847938379 0.03940432521691362294
0.33299324363861332321 0.82224955896349949391
0.33404100942118480910 0.42557651218710490504
0.33565522360103050570 0.86095246978113526559
0.33600000149190278886 0.98383326613592148036
0.33711541978222869798 0.99762152781907253996
0.33808660942748397504 0.75159173391605671455
0.33895151285912117345 0.37067605709702639016
0.34073706564418121401 0.79308303111089550885
0.34108121674384417332 0.74856279101071598880
0.34114658871506647886 0.14936144118385660806
0.34116722032159157996 0.00653600201845150330
0.34121143364223799344 0.56919247645453174833
0.34134694454719427537 0.60995606956388581654
0.34136292931976691678 0.81705756046610011900
0.34177293354868937270 0.85341596383079576515
0.34177807874389271037 0.30779392693618529142
0.34215923173840778748 0.14181143629618089830
0.34520574054224362204 0.97296206185430256230
0.34572790780097839569 0.94779419499164474505
0.34636471689497161375 0.49522299920870571643
0.34658715651709559591 0.77556242776139383555
0.34684525774925262231 0.60912901784076856071
0.34886588759548037286 0.83898783559198419901
0.34925691929217328457 0.99947377502533474303
0.34927872454300867844 0.03586821397970396674
0.34958387852795080875 0.56775232462033076164
0.34977571936882861925 0.02601983211986036090
0.35112790605447841141 0.42083522748057522467
0.35288918580114470025 0.43092840903394519225
0.35299975614986900396 0.57200408775273614559
0.35318557562737712407 0.79323818981873606138
0.35475451143090619421 0.73507912490890536805
0.35508290333681097328 0.56768841069273134892
0.35548161315075432753 0.88621178813856016365
0.35578122949291718369 0.30481971657830492228
0.35676658662638321973 0.78338088109535497505
0.35697782582206660784 0.86884558743863904429
0.35757080972967808519 0.72756920521901713439
0.35959727132077429212 0.93863946821597665782
0.36029638050401951999 0.88742638022450082147
0.36034399733956090639 0.02265696160293595093
0.36178772168962591849 0.61205347186467573550
0.36199008800266840868 0.02978565216627481957
0.36238744932451150138 0.88296893577496915473
0.36374819264891411486 0.56096922807628268881
0.36422592587471958048 0.92814324451322161025
0.36443563848042420661 0.42737076761470471631
0.36472892831670911118 0.97843273298631083801
0.36475341276481049180 0.95351820567334066858
0.36555385238746679333 0.78116295034361216132
0.36600545248531890508 0.18649972252599208988
0.36661187018234481227 0.88872847527470455464
0.36720460843448671229 0.42330141848287289319
0.36739994485432747595 0.73577185787520926752
0.36796597359785199188 0.94610895517382942455
0.36797428455861291852 0.34169806333379981744
0.36810980360359540908 0.79130755107002226367
0.36822184198278640199 0.74997927268442354798
0.37112813108520248395 0.28696462488894780574
0.37175625405859769046 0.88429120375749703520
0.37318080150237731285 0.77603453113403331187
0.37321257367013177531 0.07766705842135146476
0.37328806022132182685 0.30293792235119598732
0.37343797794796640410 0.29321703840219909276
0.37431358628757271934 0.96696199101599666914
0.37445031059259908934 0.99813931505558173285
0.37467844497096230993 0.73391502823788401511
0.37509854269059828002 0.45664884367685731892
0.37510124614835471668 0.31802092684103411280
0.37518239300258221514 0.11608431667378539542
0.37602371456901911850 0.40564614357212941398
0.37664451350233907334 0.39744202376151938072
0.37783087620626282233 0.31744324802268059083
0.37861248844039707695 0.94545849806512127778
0.37887295577956281445 0.02204043034390689923
0.37946501212980571216 0.72312039641556302705
0.37981061194164900119 0.91399181752708158477
0.38061278302486301062 0.01002355942844534997
0.38100297050610520966 0.88299743566881072621
0.38101985092800511046 0.11291125703255990020
0.38109810961027579257 0.96504055129556687298
0.38151729881098761510 0.67784533751703979210
0.38168913200190102142 0.02400566330981546148
0.38189497765573410248 0.94352606738095501360
0.38242912684069069185 0.84466739009965974283
0.38277894211076757269 0.83326315318325416825
0.38312817751245198394 0.85399401656066498134
0.38327732931232938451 0.95359155379225846172
0.38353242268754522692 0.96969537442096853663
0.38375509164218252200 0.01542660252310767977
0.38402216415189988075 0.26235387676335059082
0.38605892870425578822 0.10115774214869220626
0.38621842163840042206 0.77687691964737093375
0.38629187870759568169 0.40008843948071548535
0.38679592921647637516 0.98268104022250224450
0.38686581901967398434 0.93448332051052340752
0.38724982357272091926 0.50192348572897660386
0.38928429060061447986 0.92685711701175943489
0.39013534783000508588 0.18292913528289969638
0.39169576276620909905 0.27340641137981769315
0.39222933901281137326 0.04142837995695047848
0.39224649596149041564 0.49156526107018438942
0.39263609794900061756 0.87292128793852263868
0.39324155748312888958 0.34166621730225088527
0.39338090254907387422 0.36852349470081979810
0.39368658331008732354 0.27025823478899502206
0.39390838148471168934 0.97551558933224435943
0.39510625947815647407 0.36335740812776018416
0.39631939577467162339 0.05329970297888431130
0.39649136917093047439 0.36324295621404190104
0.39651262146306609502 0.91292903568731542663
0.39659555168809251802 0.26884089138719718948
0.39738738412127228017 0.17310595095891709305
0.39777704280539910586 0.82786847160445531379
0.39821700767566792223 0.02189615474455230970
0.39829438228555091861 0.23700466398050790140
0.39863231867187631785 0.07849668682294308475
0.39948916919471688658 0.82258537048532731628
0.39951694141493110379 0.65052867070643671799
0.39977813138193141196 0.30177929414729992574
0.40136952179606227853 0.67014699752373896313
0.40157448286803409943 0.99483501386569728187
0.40213106954121768943 0.15801568878565119824
0.40293162657865860821 0.96584165865045634725
0.40416107902520231887 0.90328376657528686167
0.40491098928361490827 0.15147594823196819380
0.40527330192277188914 0.55258517949233054711
0.40533806722802390166 0.52800260902833939802
0.40610689109775338634 0.00767975344755778000
0.40656666052684148349 0.47789987971926350951
0.40671968297900679135 0.86626365272208971646
0.40695504268404397719 0.95215378814022622045
0.40763282432963610091 0.84594982647429883826
0.40776173059031978196 0.89556955008077021585
0.40783186442138391614 0.00870822412794181044
0.40818234595749969262 0.82704466640055540605
0.40843662950529679989 0.82383552962851225310
0.40862380989998570158 0.12343324267363479929
0.40893559565276349499 0.27667946763069362071
0.41057466777248990963 0.32041220356946442660
0.41097251117474009607 0.99129601886153884127
0.41103236128666809091 0.79719194555013483949
0.41118424525642088829 0.00294183114948576296
0.41160138516404959352 0.97355897844849770273
0.41176528164937181709 0.01492656951110716071
0.41230603159014361792 0.84784850718832527328
0.41271938483691067434 0.66065276276780759979
0.41277587986498337491 0.52243529756671236441
0.41326953172784908208 0.97640440679730033935
0.41343174215286687678 0.93868926353512815997
0.41366588614852811689 0.06034905759861298319
0.41379012681320809230 0.93443111624276808946
0.41385224071010440205 0.28706942707364008216
0.41388016160605561877 0.93978228997140744738
0.41428201750679449766 0.59897225308969692659
0.41449262234499162361 0.74867335161265913257
0.41494249403187571934 0.88814871843253329065
0.41508123553883580215 0.90020290797960966778
0.41571612293030407725 0.51549922989387830796
0.41743085228422138755 0.83733453622838638353
0.41743596716340580777 0.99050942133759423136
0.41765774749151540757 0.89049395896140570716
0.41831187792223301081 0.86424539932538491094
0.41878993436542399920 0.86767800111000903396
0.41890309809600018154 0.14888823941621279201
0.41913955120414247979 0.89848837899172950827
0.41995264680282540226 0.55253246019050183957
0.41999565037267472256 0.52208163567339838096
0.42088247861895800028 0.59409773247590902390
0.42098542643122410789 0.95813469038601928318
0.42195823370787227669 0.05723075797244114860
0.42269792491880997520 0.14249732513824350799
0.42339588673627570614 0.28029628210475920902
0.42366755046495718773 0.34842826816418037694
0.42369771606875711312 0.82771684849445670284
0.42608168257980361116 0.74678887312699127055
0.42644492564591751638 0.10254583582708899636
0.42674737846517440953 0.01454596069357794001
0.42713214163648960398 0.88223153101634621542
0.42735265477208728147 0.99724655451027977016
0.42797478108969261301 0.81889199592015415874
0.42869927945206409703 0.20928605943125838662
0.42892597327705828114 0.47260956519705099588
0.42906709803453668695 0.73919652629450438575
0.42918489998871128810 0.98490069016907888511
0.42933282531777661184 0.22782143987839820198
0.42934636283107358024 0.86345730408573750925
0.42937214787174471375 0.21539065946046140332
0.43007661416123199594 0.99361260263364670209
0.43104138351073079116 0.79646196922777634519
0.43108471313611357312 0.14237199449932749773
0.43200772812366661224 0.50115580051483377133
0.43291530497783542453 0.13282094289860610359
0.43297981001794422218 0.87870817576645565694
0.43302475522737499114 0.82186857947481262165
0.43510193736045738033 0.02864449467797680962
0.43514764021188778731 0.32375986206755041907
0.43520007412796241075 0.83133417896332006958
0.43691269270293592308 0.86773626811741888520
0.43710550337237458196 0.43617275647778597225
0.43743405198508761300 0.64895734361979684479
0.43812768561537107637 0.94847044676322234125
0.43831707693020888206 0.68835090495671746869
0.44085551234511100027 0.66758326435680659383
0.44207807018241979113 0.98496704380069344253
0.44289034520585879307 0.73064671360876409789
0.44345906984595478972 0.93916057604097480382
0.44362012201841921621 0.95470739847950114587
0.44446894171910938942 0.30419760088041941648
0.44469331928768601747 0.99366540266742753307
0.44519973105378257694 0.02567046650947079831
0.44522088381749108654 0.84115248210902870962
0.44706637708319618696 0.02721602427436254149
0.44747346319960079608 0.28590951243912310353
0.44783786045658702246 0.25128047175310652683
0.44891328003355879250 0.94686826367603471599
0.44903113624255230896 0.00585165112664010143
0.44903685596964798554 0.27385772755744497431
0.44910909515143260240 0.26629705958506777463
0.44954143763219789331 0.00513520711235571081
0.45039018311233441905 0.21468514221862711189
0.45064106698742850687 0.02966681319384301130
0.45110005815042508726 0.25031673089845601909
0.45144172747986921479 0.68439907681314615662
0.45210422491861890215 0.65994399209686982477
0.45219874643827517868 0.46439278933477801115
0.45234835945413781610 0.89407189961433963798
0.45310871297974059102 0.92439046813163094907
0.45421909936183441081 0.08165022781983388711
0.45473273942892189492 0.07550096489031510316
0.45508910944778679930 0.72214482395592161090
0.45563389381231461650 0.92231255210761831087
0.45641504857381109961 0.13081371513995809774
0.45687236625457161576 0.96639645555680808720
0.45724666413971848389 0.63988852951930730306
0.45735210442083762405 0.26310780064982131066
0.45738300877339599371 0.24835212795237740502
0.45771400736362222172 0.38157011798178458450
0.45841668483199171646 0.37685745349600829890
0.45887243322320669936 0.91880422013172924345
0.45905451530536678373 0.77619508212901544564
0.45977934670003561823 0.11571003421180610371
0.46023259467016180979 0.89286446937456787065
0.46028787716220881387 0.98159737985814987660
0.46131351448740820498 0.45708185136192891473
0.46150206008485111786 0.19420951833793109742
0.46165016780455647716 0.79397846600948840390
0.46185808736449912582 0.93911747994377436921
0.46385271748918610601 0.37104761813416531346
0.46423889452534189415 0.45183276267993982556
0.46454143485589288742 0.92314269768620149659
0.46484276356482562287 0.38484490739520688107
0.46521396416547128316 0.37918847381287190679
0.46651458559567887674 0.22925111608086490289
0.46668010004718529782 0.58481723510478922368
0.46781472174252858309 0.24289380467867568991
0.46822873566550859969 0.21238734945701420731
0.46839511111353132611 0.10224347617085230433
0.46843618094588407308 0.78460072267077762831
0.46929894785842107829 0.18345190569798511260
0.46986520930976738430 0.01181057314083367067
0.47060787377351309679 0.97484558337040250198
0.47189094520941027300 0.08838658624929585095
0.47275203852965552720 0.07871369445117348818
0.47280295698579472008 0.84798496139870360722
0.47416498456131550565 0.98248487565355169249
0.47437228985233648171 0.25573126601267848201
0.47484510528465917467 0.81323008727034917786
0.47487563549057382195 0.41539579748403648862
0.47532096303280679805 0.24838126805379850959
0.47547489029353168233 0.17274513350223630326
0.47597694906193982467 0.97354659033903601095
0.47599727158881810496 0.26782674427131097916
0.47679187352547508505 0.82705973308202918037
0.47722062485312277680 0.56704842256299392567
0.47785125989887788922 0.01387318682487282025
0.47838595228102481771 0.82154643757554235428
0.47878710791858530849 0.89037776644583166430
0.47913014514102891805 0.37567790068970952078
0.47944976120596871638 0.15423487416522890792
0.47969736094748249844 0.99031721089576130179
0.47986010805277262703 0.97929336566457036994
0.48046569122603188795 0.61778721741093023390
0.48056493262091998231 0.40550401439991351493
0.48069926631167181341 0.07808918738019465788
0.48112790856525711192 0.00508668790831212636
0.48267611574637891980 0.32279936536768222277
0.48361653411847899120 0.21465697111633219585
0.48381604865922267500 0.07614442168665924715
0.48430226722862490529 0.81452371052757410741
0.48449219127231507587 0.70433824673487699375
0.48474272113189720290 0.12114795338493900001
0.48528522659626349700 0.05231922289808099702
0.48683594262121621110 0.76708571720183416076
0.48702738865366601573 0.37446690049439690373
0.48901613793351839110 0.75710530413865473331
0.48905406036256049429 0.80346433584869192401
0.49049609729263199398 0.00307455580545801200
0.49074195552991811686 0.77859359557220864101
0.49104552823934000116 0.00361572419738864781
0.49120918979586081221 0.54296523442937472126
0.49149351294867837936 0.66479502325760908565
0.49225890904449487451 0.74750429016225383716
0.49226110101497871918 0.02018195189831372902
0.49511807953548409023 0.57217826875986499413
0.49693744634433917318 0.83660554560827626869
0.49763170326889999417 0.08438223073484751868
0.49800777916473032425 0.79966297634937066885
0.49880743880290079328 0.73679394505051221120
0.49902202585003302415 0.32155836682192551201
0.49932203634848887353 0.04078715470942195775
0.49977785714232458858 0.31616009242538561930
0.50030682966845674287 0.80984672623284903459
0.50041227158433310152 0.20546940919232151157
0.50129938624697678584 0.08429434356093101766
0.50245948699634845891 0.00532100774592625392
0.50286644350732190301 0.99852997713054858497
0.50294991449787773696 0.98036949224695224547
0.50493294062204130412 0.06619391907037186495
0.50519521785208476583 0.03940142310652149787
0.50525260714188824362 0.02843434121624289004
0.50533420902905401562 0.81284580527096161884
0.50560696519375636360 0.96225973499482764240
0.50577657279545651381 0.00187654141790882800
0.50623937023897902510 0.95875575242977384427
0.50628539604661992879 0.99177644435681444612
0.50711588161623277760 0.80165149566207938303
0.50733049353845693918 0.02587145201100748970
0.50976840049301175295 0.12499246837657329579
0.51029880705903163385 0.03474075963723943783
0.51048684174099823174 0.96428438105026714755
0.51299155432352316897 0.91160483830772343072
0.51428027222742633828 0.11981616058906190136
0.51473773219936980183 0.53959080649673885066
0.51600216995677505860 0.79371113983746754972
0.51683086684506451824 0.36345331534290631348
0.51698792257537562467 0.95045965747428007298
0.51731630124659089276 0.23649207280271769549
0.51929298285919400779 0.51573018180952234779
0.51949721181621710819 0.56379839399563969060
0.51956691346741068482 0.23585922298705361277
0.52010033017956602830 0.74932396749906304834
0.52050824891493185920 0.26989558414727371494
0.52052422981777901612 0.23530009036212379270
0.52163436882659930394 0.22389530280280819929
0.52216210570120502599 0.87351880856143115928
0.52244514283855525427 0.26268167496001182393
0.52299314834974686139 0.00378160630061108406
0.52328725205820691979 0.04757485112202552990
0.52330433120468411445 0.21071286464464769606
0.52488182276332795428 0.99649580530936443523
0.52491467300183058953 0.91711012550664949838
0.52556220052783930718 0.38206988814717207648
0.52732560554748952875 0.55926983636756066876
0.52788661037969053513 0.77110601895693087204
0.52810576478898296759 0.48696577106901617338
0.52844540934348493977 0.07454180808871402331
0.52849374247750990907 0.76256576245599083652
0.53065203262630800118 0.03200330664905037814
0.53069432122846760258 0.03511595846556259115
0.53126122456716062814 0.55084798208750473947
0.53259952918568909119 0.88900965964590483726
0.53384332583672622352 0.63873796907172053494
0.53506776659425314691 0.05440305434957193320
0.53567664394310343656 0.08361970708033272803
0.53627875191666418697 0.38204165623237829053
0.53708515760298314312 0.46135177662591880798
0.53913979250550125855 0.36257423897643870081
0.53976601067647644872 0.46033048013363031536
0.53981321384317237921 0.01274465588016204971
0.53985079339681751875 0.54940343561827009733
0.53987223842281306663 0.96947937173591602900
0.54135707258743859249 0.53815047984981034812
0.54170726974905636375 0.25696310002297317876
0.54311680191781885885 0.20824106268032691047
0.54343729482779445927 0.99041337510495297547
0.54387400603937241517 0.93587997503415687461
0.54408588370416932634 0.11695473496302509486
0.54529595874011860257 0.68623203493517526130
0.54536342192773046289 0.92919415390030279944
0.54538045140144641998 0.33411661006051601719
0.54567622113791836025 0.75895120670531102114
0.54582025087747254588 0.72206151776243465701
0.54638336656421571114 0.20685252281018348675
0.54714134812912396111 0.62192264273958586251
0.54741431257025530144 0.00103082473773674610
0.54750682012686291422 0.91641545717525585424
0.54759861962910760802 0.01698233476825361868
0.54786044240300757480 0.94683502593530666225
0.54837107695035569588 0.25552846204327361868
0.54855321105332988108 0.85322738466453018624
0.54876490910387654143 0.45048109175659978298
0.54891912987045909933 0.71947232171662278688
0.54924578139735846793 0.14628610505791109220
0.54929940979474978224 0.96173044469396584688
0.54930151732494025829 0.33064650757808078385
0.54954356214772814848 0.74925948312261958506
0.54960981642573902839 0.81025901880452089188
0.55031814067490403275 0.07750098929604343212
0.55049607901713715208 0.05149720018088010942
0.55053231249325551566 0.03266371252742351211
0.55185732573711876459 0.23680252106150359581
0.55187498604779472444 0.54889115509801233994
0.55324231068730356231 0.02326137494429303051
0.55349453239921653225 0.99568256358974516207
0.55359795114131482574 0.98597595234542678710
0.55485076089983453862 0.80178348857646142278
0.55523581907006680503 0.99800026871238034509
0.55561452285247181493 0.06311322996223822646
0.55592914475275112540 0.04918307432357026804
0.55666549731882075669 0.39728573810239087294
0.55674103888436010656 0.90277143623075739587
0.55727204183897227630 0.80026597031604096433
0.55882200443347573859 0.50751751061142624799
0.55888504110731818120 0.60489593839068478420
0.55958273518408530034 0.08078367765608451823
0.56061064700085738721 0.97666301110364006632
0.56315836649298711691 0.35839634667044012462
0.56440564663982462079 0.01568225308535065032
0.56473813309969389529 0.75989673446096805964
0.56485476365615916450 0.67383629623291385613
0.56564125770925544057 0.85292083994164491489
0.56636324440626295562 0.77275731837273897717
0.56761890379219781533 0.30647381844876880885
0.56769994390247113802 0.85767781791618802334
0.56939693427566118178 0.76757682582298858431
0.56978246416081990144 0.65199267259298143706
0.56998634102988532391 0.54340146230022234874
0.57124818924823905775 0.01912928110662482153
0.57152691353554374576 0.01120268047878759075
0.57237465103954021650 0.81928021366213110710
0.57329633753115527561 0.01780059689302837880
0.57334790301348625974 0.12344590199986159307
0.57390115171959854568 0.22081982525483528912
0.57391928986452955819 0.07433741751277744836
0.57401258467129367968 0.01424445362290682922
0.57573950473437551789 0.53108021805880178956
0.57615655664681031389 0.88666789504821985624
0.57707054601319551779 0.06160073261448185261
0.57737534714308902384 0.69301727379566335774
0.57750632501681531394 0.06026803724590056727
0.57817165487499322385 0.51517869787307091212
0.57885223144316921839 0.06022429083860725285
0.57989771466780859477 0.64576428239867289527
0.58035310259996364390 0.87477064981948171596
0.58047755555053492937 0.93108697478729218755
0.58051999393896203117 0.56586870235795039275
0.58248300951477671727 0.02680982475161374987
0.58315627414729609423 0.05357112790120487772
0.58322013485757939755 0.74709172584799099504
0.58343711202414771932 0.07972142368133905421
0.58412753687260698943 0.04453761639848063947
0.58446825605574648232 0.03558692709028554724
0.58452533189919453349 0.90151193963966158584
0.58471187407596758590 0.98639590880777483495
0.58491683962909613026 0.75281192932019569408
0.58505801916475075330 0.43530701881133132547
0.58590234938984997459 0.88226579928810511255
0.58604445359332935084 0.02947286697167328037
0.58673928416959320042 0.46668582668096347810
0.58681838591673562977 0.02260560633174036119
0.58778821694762128924 0.83943059649773732467
0.58803885505356867647 0.15190905695600120939
0.58830060397095307323 0.29378407181916260660
0.58953705167577918900 0.50222179342519912559
0.58985189465123022412 0.17786719028176189994
0.59153491780250133658 0.87601527351373531527
0.59159047180510226926 0.01622461920023509849
0.59159886218506085864 0.97316193713323584369
0.59179623975153650139 0.98831735725134406412
0.59190633822787142027 0.77822676431709714162
0.59267370313279232885 0.03110328354909397061
0.59283973896903174872 0.00696414086523033937
0.59339595585307935988 0.81312678447195252396
0.59341698357392169694 0.95935421463944803300
0.59589725793993519876 0.75893043558536454896
0.59646095495002871001 0.14577037226158129357
0.59686191752100248298 0.75114134954213751527
0.59752454737353288827 0.97293950686053365384
0.59782795414916833909 0.13849337550365500848
0.59785518644579072056 0.96882802638265130835
0.59811145189399472777 0.17442348422321249379
0.59822009546361210042 0.86933891537276530848
0.59875194042205581724 0.15707126416428249249
0.59933942669235051870 0.92878280173619032212
0.59939026836958042566 0.06642690952193786025
0.60071346066808839481 0.01963366946367984048
0.60220633610505536204 0.45239694977427841183
0.60266086219227577025 0.37146661348996662388
0.60317826129632556853 0.89298095943835975596
0.60522123309800746060 0.27263501780115562134
0.60625347951530794699 0.93015975690906593787
0.60701094912747488586 0.98760396003556905065
0.60703816718513503581 0.36507467974688567747
0.60752192411360561586 0.01145120184207982020
0.60794289824901925900 0.14996958077258559783
0.60898997352573813746 0.13171575326994419686
0.61091458665831177566 0.88772805177591096459
0.61100822124226439325 0.34169468923216417267
0.61153985333647209455 0.74846368425116438505
0.61260317562914590184 0.99775173780555970193
0.61419204059802690043 0.23672664791017380970
0.61485928298549685778 0.47464280058055102751
0.61502444053192117934 0.06722583289790506900
0.61520876070187524576 0.64826033450125353230
0.61539093573623271372 0.22021196085667019138
0.61557531526553521672 0.90873295090789474315
0.61576784322632616142 0.47108203973629242389
0.61579291043361950031 0.32481887214748977888
0.61687089282544282920 0.73388347083469451793
0.61790793588956260951 0.52399463120646827541
0.61864393053183674986 0.00351645123127830583
0.61991966987861302218 0.05774582078877343871
0.62058080950720939661 0.21214146077129070189
0.62111314025606700895 0.00155541801246128508
0.62184868764945266939 0.71953152118548091565
0.62253325507812706796 0.31433935851227889913
0.62326502026875729712 0.02666299557658069128
0.62342919793226980740 0.45557478359998782036
0.62372981310791575371 0.44534755210544452186
0.62436204229989744618 0.05516716941397747931
0.62771549353259570303 0.43895757633151238908
0.62883919858351500221 0.00081355158110019143
0.62893836775011535689 0.71708742665373781389
0.62953751938990287762 0.26810463416062607633
0.63014926311684404947 0.04586023003326389347
0.63064336682892285779 0.02099424631857981990
0.63076474209704014307 0.19817780272032581301
0.63186798785763920172 0.04053250824702391703
0.63190610677523384453 0.95454768384916610646
0.63205674572750125684 0.19088902133433968689
0.63262942186588499993 0.95890024609990265336
0.63265357299417568360 0.27754901895902528430
0.63275963714448724140 0.66277175222261630605
0.63345465205470874448 0.94181293335711135928
0.63419524848965258546 0.89084515834693223102
0.63544644486093548874 0.86807027027876182412
0.63683462769586551833 0.24969776932395840174
0.63784759260254042523 0.57437301089952441657
0.63807579034291805886 0.91453166307347844022
0.63820578869396715760 0.79385936841259396868
0.63956802803603984842 0.78911539917881279305
0.63965533963396103978 0.73165093268889314082
0.63973158025711596153 0.95568883237740820391
0.64072140902087282299 0.10834180435816199994
0.64072877471527411863 0.14165664611452219446
0.64074955356612806057 0.78378059363826846351
0.64197753048547889776 0.64798219993254380089
0.64241749138606207836 0.35483154180318682291
0.64266540233239477509 0.76972194133742921629
0.64273471564715589643 0.83766733835058659885
0.64394333442019036085 0.43472956084457392567
0.64572013355571267201 0.61414279834855911577
0.64597137508140023421 0.10270954729993379828
0.64621238520268531325 0.22004115363139659101
0.64706999218535665719 0.03955786367515345958
0.64739836470492129195 0.00399708329283221531
0.64783023261461247788 0.21139517188859768826
0.65013865776296742016 0.93645571134824789894
0.65052137948351995700 0.82902909618407105707
0.65056096245927763633 0.14422228884810639471
0.65095736920088420607 0.77150869442405001219
0.65122490267327470814 0.55343227446240328415
0.65143840642612238501 0.12711451525602779355
0.65153082361997460836 0.60348550689948021741
0.65194527460842888189 0.57926144324023731702
0.65195801363855165889 0.32631793154472299445
0.65325950083362172016 0.53721047775886265896
0.65328521648386317366 0.32224398532162412678
0.65336517846419595035 0.96295625069942802909
0.65356134556824574400 0.90814611072214757037
0.65438531074092076700 0.18086447803204910856
0.65460623230071157685 0.93517708653899589422
0.65500435511323706894 0.31416555726657108272
0.65582333889841559760 0.36761136284614731595
0.65620210288543467936 0.57431010001766968909
0.65672570821755515968 0.89930840518162524777
0.65736544181249523255 0.20872150683877260802
0.65795161984304784131 0.74341459727907732713
0.65889734579966552364 0.76610427917440970802
0.65922712665365135187 0.19984946963228830685
0.65936945977556649101 0.14579429244822131317
0.66015089969629359157 0.42799538304067308303
0.66060026211507039129 0.02611754678868339133
0.66102868456663743668 0.05714284792708756999
0.66155644941847002727 0.75962598024110128403
0.66159945212785564728 0.25524098612689039012
0.66228131288269009858 0.74287149868284985121
0.66272909980867289459 0.04594672140615684713
0.66398241548766989695 0.65076117956821366572
0.66518232376481400969 0.42854140002300661338
0.66574022181140068977 0.65011166759460536912
0.66622892125452259915 0.74096687156619434056
0.66631604658218057669 0.06115249059554384026
0.66791845763598112207 0.89306707405158169966
0.66859358974318761071 0.25409000234927092698
0.66891316550204482638 0.71120153142322795059
0.66967936379116155265 0.98578674964706791695
0.66973737468673466555 0.03351142900884684916
0.66981170356762442797 0.44464816268631307539
0.67010026815380985266 0.22044087379656521208
0.67057878341182897142 0.00847831237052842912
0.67098359668445028969 0.61482942502522219819
0.67193120685925311619 0.03571490095417972910
0.67292259961404565782 0.56646633419003067367
0.67310781267824326690 0.42353108971612130063
0.67311390363943524040 0.06221589816321382305
0.67383151931630713705 0.17757052505703410650
0.67394925119133819447 0.18999633091170659016
0.67423913748198405216 0.00395961509099851394
0.67492779773773625696 0.53681856718189580047
0.67547822950921088125 0.51814302702710013371
0.67579948357295627215 0.03305419184137504268
0.67611783562514693458 0.03817838724115474314
0.67670994149463248313 0.57974011028308458648
0.67798853933513325565 0.93334939112480019840
0.67830396769377721000 0.73890635211433763896
0.67837047226899094277 0.96197747724691728965
0.67936868718594156658 0.55448433491150916907
0.68054222646836359800 0.18441123794514610590
0.68349313696696745168 0.24369024162384508858
0.68355237730649009986 0.79545707953061095541
0.68405908092975020729 0.96040994833546944331
0.68532265281001225610 0.17414729770484990712
0.68637435244041822280 0.13822991688035179969
0.68679447605572507829 0.10973886152545220263
0.68698280453476490148 0.97358776324217621845
0.68718297461925270664 0.14576134434099649595
0.68763769501421445618 0.30504650777842667875
0.68766259850663657982 0.03209801889575957662
0.68773257809277044128 0.17052703403105448632
0.68782358632669027276 0.05084438443937421698
0.68910893008910178992 0.28792343769476330673
0.69097227939632732685 0.22601845721376198628
0.69097533845490466398 0.22431482129066049325
0.69179991374341576194 0.57593454717792635922
0.69214755490910440106 0.44406552340033061954
0.69302145058148867385 0.01536028006266976047
0.69309489992699113703 0.13172218035680410830
0.69510085854844505526 0.21629301313323989753
0.69539597314622847435 0.00358746833404854915
0.69541454174926531362 0.84897585225826543986
0.69544919116895986821 0.02523170333376190122
0.69596762245346133202 0.56865793340609327444
0.69711721911241741889 0.09291668847509959583
0.69809994165609445815 0.18328553263638949766
0.69998382466124486889 0.88434097690881996456
0.69998980040797575963 0.59716170360953402252
0.70052920884010461133 0.75211472610437857256
0.70082857103191620318 0.59320044872366239908
0.70109058678438762602 0.50764388583977004821
0.70139095144111462954 0.28482456725578658707
0.70139564735030046627 0.68225052993841717175
0.70140449433779528121 0.00035009630251081608
0.70218075591305784133 0.11892075136718209538
0.70253703220683638708 0.68108717242839678097
0.70335156563357881243 0.08801572920379907572
0.70518301870578237178 0.99238458807054386046
0.70566961367561087393 0.65611280032321761535
0.70591153889802726873 0.21948933359284270028
0.70654715901561193636 0.59494393943114276535
0.70689031664427148804 0.01948530555204308970
0.70695921903586533830 0.35231241195542151168
0.70698627511404010804 0.05357052150556874254
0.70730461957530121886 0.32904384791050927950
0.70744660370081069445 0.96038332808064608148
0.70956664164412719398 0.05607839116183876982
0.71142572894361733038 0.06915441931870058845
0.71215177987136824012 0.14821969023946779398
0.71230389483446643339 0.56378420653147420794
0.71260523542278075837 0.82379129355338576168
0.71291725814290207719 0.04015154368811690855
0.71351174851923959697 0.54810380822153859093
0.71352500074548519393 0.02717813803804780895
0.71490470385573112733 0.02013589539084414959
0.71514079823352572074 0.00623149691402047259
0.71552733563096593272 0.16600568715252231322
0.71728563131513201068 0.37082495753039612651
0.71839612985176104498 0.35185716218593621196
0.71841494733195798705 0.13680787518684520143
0.71875526232447695119 0.87842519862544388154
0.71912061872604104984 0.87137836199960250205
0.71921043382594440629 0.53833975645302933888
0.71962360821802495714 0.73034165530917771747
0.72063598421577124142 0.57548737427467411276
0.72120151229835249840 0.25696459930243448211
0.72409080119414503951 0.06814626611581031668
0.72443250047729135233 0.88113662620366439704
0.72487944448452668045 0.24470728214131398648
0.72612313827794416898 0.40780307948884392255
0.72722083995719577487 0.52630395728795975607
0.72830002397808979442 0.95732156879381735681
0.72878686514686519260 0.57468026503472469102
0.72981420820081910339 0.13528145215576509175
0.73057961920964331615 0.64469463916874425458
0.73277732707951026558 0.54296204954220617100
0.73303034880880946211 0.08440310753021740275
0.73347735584488871208 0.50693368513298098232
0.73392623249966792986 0.01224664304630095936
0.73491696407034956540 0.48748473179147328027
0.73523011082714539999 0.61781604840500869980
0.73552251344710561920 0.34659220744350738297
0.73616089279095020537 0.87676564428446646104
0.73654848275477324826 0.85700609092953117241
0.73786090386321867562 0.03273202424688193002
0.73845222299339807748 0.75803288274930580304
0.73955793791149371241 0.04505367141901817085
0.73985281404056701948 0.18740708800922820099
0.73986309970290986548 0.54199431434238887206
0.74077532563457149095 0.15826264895530128829
0.74091995233505902885 0.40495222158544402768
0.74153954580873293612 0.53650840476679562130
0.74209770093880922381 0.05583460760087877173
0.74213667682352402188 0.40046872962280949393
0.74214010076017844497 0.16606105436992291136
0.74440191058761784326 0.12916124637309120415
0.74465289611619422949 0.53470080127760188926
0.74493577619959872038 0.03472491759684182000
0.74541805774512714944 0.35081672291201621006
0.74615338444585532773 0.34629716936521842685
0.74640206313896273471 0.05216035349356706874
0.74662497190053844776 0.23924158729248021227
0.74673498319077868945 0.17285755915281408868
0.74810128212513338219 0.60001453254794889780
0.74978961615836825505 0.56462490736824111348
0.75088407292704262286 0.70758199045413916473
0.75125019214990795824 0.99600611965062890718
0.75164273958020788591 0.70417528105079540968
0.75173629673611974678 0.17144407729999130985
0.75239929922129988871 0.46733902193911469602
0.75283059290239395800 0.06850351265993637195
0.75375287453584416397 0.44718140911401149662
0.75379400613011227072 0.04150050313726783013
0.75449441922658055937 0.44698478877474401294
0.75486850646158598632 0.13668486045309349852
0.75584863935689905468 0.01327245423296797081
0.75620999760232199272 0.84985965400426877192
0.75731437968166170904 0.21912248631332170712
0.75753820591834430953 0.65912243782527912828
0.75777211602542204893 0.04851864452609878225
0.75819441443307933337 0.55574918858241872943
0.75880210726877428407 0.09115235607345673063
0.75882337463772908670 0.46641628329036338707
0.75883713806708441574 0.43736487277532398732
0.75898604535996283538 0.40302611368746538156
0.75931013974549721457 0.70188539986408204907
0.75951984920996107320 0.48663258717202728665
0.76005923211892323366 0.27863943120384959684
0.76039087925011539237 0.65845762029803156512
0.76136399666033738320 0.39962219440026752748
0.76175080413904783239 0.44585249081132510840
0.76215312681195113154 0.36477765410203827345
0.76223525789583779222 0.00525697154741466832
0.76301353505996738491 0.15031458733816591145
0.76344931621091582929 0.11463088218229940118
0.76353943439003935101 0.74755621812667116810
0.76380949159987210351 0.48233976763989711012
0.76482172505537382445 0.08257510882971808019
0.76529813568817550706 0.32811159389980570911
0.76541799454218939491 0.71459848343288823180
0.76552334745802141924 0.05157504013743152704
0.76557569909996847635 0.04136444367832924768
0.76602173434447207168 0.69246927200404628788
0.76681545291838448808 0.96860026829496681522
0.76689530849932441292 0.46659050109948008167
0.76746664315208568130 0.00911039667247992568
0.76933439962741190232 0.44491002101404308888
0.76936999088868884833 0.83967054926635775747
0.77087208775321636178 0.10530790600801830104
0.77106080363792106613 0.00499979437277620065
0.77121745010565712075 0.71209236008122123174
0.77124576154687929375 0.74839470564396026742
0.77297749148536054609 0.27447302003791157476
0.77314337570648727915 0.40218806023500869307
0.77315669724991575862 0.95267503750737658752
0.77350813908455939849 0.07577571487952117213
0.77427304859085055444 0.21598017918775289092
0.77428750731805207064 0.46342340036107437795
0.77434519398582135619 0.59015389564314801873
0.77455067847649328172 0.99951608710237216382
0.77491998581560006532 0.02888275453095435000
0.77534304833573952642 0.29497244595891369823
0.77595915180258645538 0.82542161141520808965
0.77642758979320425361 0.70701116667441354924
0.77649106197734074630 0.34526768875529190161
0.77661797782613506413 0.50701047540157606619
0.77689397847421048926 0.24167372992808799914
0.77710012637189240792 0.09059764664367664366
0.77747753251075568670 0.33064708801353642764
0.77750414534162692881 0.12844647575529691275
0.77761431753478194029 0.45305723047578450036
0.77878984089782599121 0.03412233016495779675
0.77886341133031466999 0.37467429483639097532
0.77897292363018411088 0.30616089704639259939
0.77906885996028485408 0.08189242618527436957
0.77964528031830804267 0.68993802960005568004
0.78089114042304541563 0.13296170178140120921
0.78128898307004279733 0.39678074910728222680
0.78228359995827556617 0.38834992374198207266
0.78336040722179678397 0.04718016517133161170
0.78344313851780089664 0.23713672167412749858
0.78353218665960155942 0.15536750422735950972
0.78373579436287399425 0.53211528800352969615
0.78407148129186088337 0.21624521723653689076
0.78455715529314495882 0.68781482069126675949
0.78459453687758951013 0.36160655977926331461
0.78516114051416652231 0.64569534073839940369
0.78519433552845085966 0.16417937130923490607
0.78537345306510464304 0.28203008216901759297
0.78546636861425755960 0.38017231053970962362
0.78593888242571185998 0.18083219005900361132
0.78596115350797646215 0.06757686774801119345
0.78608338829058621577 0.21320302428958240459
0.78625361626078105193 0.83543538343036294336
0.78664737038588850027 0.35215322479045568782
0.78687607633081857461 0.28186076676441107480
0.78693994601273464795 0.42958941254315552438
0.78724788141630896998 0.63935239817991884603
0.78791649876982616796 0.33190063179546047678
0.78799467918042842562 0.58016462980703531471
0.78836196658318680175 0.37463898605492468308
0.78855229241286517450 0.05644006592794326149
0.78866685830640148591 0.21224539412766699198
0.78893220034236288818 0.90161411696485049827
0.78930450551013009441 0.32843775572611377811
0.78938430959287297917 0.34526958254087469768
0.78944319007955487955 0.34359403153965062394
0.78955828836336927612 0.96483837393670290883
0.79183285601417041644 0.63413877765129511577
0.79211265715358536443 0.13304622503704338632
0.79273832936794452753 0.99704605340286600601
0.79479410119513782540 0.52360630815566955309
0.79507946592425537968 0.52514441991513416408
0.79545876240031232474 0.67446562643093332934
0.79561368675536681128 0.08852889453289403132
0.79564899095394014950 0.26831299016905757471
0.79576829764570644610 0.58509919917683095303
0.79588561060402940317 0.33267898171721288492
0.79613328141743089361 0.15780396623879300311
0.79615127261809004455 0.12416477847734279372
0.79619892650193835326 0.31083650330998202627
0.79685708883758477050 0.36384784552642518429
0.79688194176823068382 0.25724256157736452577
0.79710401184644319450 0.01007873269352200021
0.79771171329325063493 0.01383152980127345076
0.79900940177197976588 0.42420526397945390595
0.79943258004230743907 0.24637021911290959975
0.79959989135732378873 0.48239920144196152263
0.79996041834370423818 0.12742164328180730082
0.79998786949336764263 0.03470026988219720998
0.80044113864128607627 0.38939241871362340053
0.80045316169701052900 0.04149275462402957082
0.80095391118675873798 0.05617511675985498165
0.80150460352210506354 0.45591089339821977422
0.80180721572539692676 0.57318864934988400517
0.80230366055153634619 0.36047996320843972429
0.80282511947430823529 0.45260558451801641278
0.80381760619516606781 0.27296427585189692033
0.80402128100655545495 0.50959516182218023150
0.80421519028983323718 0.49078078250427692453
0.80499484898569795277 0.13976241393183361228
0.80518519773526464611 0.47854336303811462194
0.80637326072875648020 0.03106978521925785053
0.80647920852833909766 0.10974292974011140567
0.80688533323416844478 0.76471220320580945984
0.80731847776307152920 0.95426342080635018217
0.80775330449524873622 0.38011981993513327405
0.80784765529377555726 0.66110868794594279674
0.80938583145239761940 0.34276260850433931671
0.80945780514583742793 0.94979820815227788966
0.80950651674707385652 0.91002624033562473649
0.80950761107134250327 0.23216237913712201024
0.80964433556422066296 0.21373082445643470928
0.81034152740267773041 0.03488622641903538213
0.81148747806543541916 0.72677055834498671683
0.81187708396415925183 0.47511889273020752045
0.81203238967899782352 0.89976006777062600417
0.81204808078879253674 0.83354588266295415178
0.81222751953586524998 0.11046462864339390286
0.81224442981374578299 0.01138344505988709079
0.81248893507805020064 0.56989018178778716450
0.81283296685547357097 0.45129558157418980802
0.81290476669609990079 0.06269359209547664680
0.81451029387396967074 0.03923133680926438327
0.81461521206262998973 0.33478823395397572238
0.81472836251257119144 0.29960549760356808280
0.81592147276871118677 0.05695318274150185101
0.81594693420341335433 0.47158858820171062343
0.81913376177894559049 0.72148324731385937714
0.81960673200245448555 0.07519413571663891016
0.81986679795776606916 0.74110609334700783268
0.82036084958778821008 0.56735808535304366185
0.82079226427489371254 0.37722412749783029717
0.82139073662681649779 0.14711718769289688913
0.82157315991870227823 0.64785817804884271442
0.82182473863219540622 0.93888244091254635659
0.82184087780221770636 0.06886643301909800563
0.82260533388511247743 0.54908582855449672433
0.82274183000625877860 0.17611339330278669157
0.82288339665668119860 0.88818545406099147499
0.82353033817775844749 0.68640647406930799246
0.82353893075380035782 0.04146000287563589293
0.82363357386714708408 0.42642664128504420562
0.82393117196121867796 0.26087266621021171220
0.82464907378367435786 0.22933313385791370687
0.82541109024938608130 0.04470949440641980299
0.82570886328790016329 0.15116851788119428646
0.82578878485829487754 0.03120756807111146891
0.82583600126617195958 0.11900707296267390434
0.82703847854937839745 0.55699398187034043772
0.82736358209116411810 0.55204765822847723378
0.82838778548592451045 0.06833615007762139371
0.82845420703972449950 0.77568653008984889130
0.83006911080497780553 0.97444767223957362567
0.83028702936275067259 0.18776054199552461021
0.83036887283511096047 0.31000946099681642165
0.83083137998956868575 0.15021922579198040970
0.83109146014030788052 0.33075046024385601484
0.83216621867440920823 0.91503672401464508646
0.83239087600858974181 0.29650651622087681458
0.83253580295359319585 0.79425749878966245277
0.83501704192941195171 0.77082697788615561763
0.83579158326954949843 0.30092538428854098687
0.83632156631431420202 0.53650767928299425424
0.83711729868771567187 0.59897057308356438377
0.83719882734204376096 0.08192622759809842226
0.83720991882203987799 0.47156178201560328134
0.83740169955319010420 0.50553694198810894544
0.83744875748123670522 0.03857849135057723339
0.83861653110333378436 0.21222567069977010812
0.83875355014134045373 0.41040461123875821015
0.83943359354824320651 0.03268834901083061961
0.83958502077297536559 0.00571646190252639297
0.84002958421822904178 0.11940350663533090547
0.84050868785718291232 0.08965426244572749503
0.84071679471003524231 0.05035425531855485665
0.84092016760566634659 0.29925534347632942733
0.84110562549168976787 0.82727988557985920881
0.84123361506224370032 0.04090329500023460324
0.84258113150562274907 0.25953425182135608784
0.84351421709999541143 0.06519978367157386323
0.84383514217335453544 0.37346479532648202415
0.84433783807220363915 0.72680744254198348386
0.84454589189222661894 0.33047505996469400680
0.84479653789098185790 0.05016010365097022666
0.84482518067476886081 0.65821017328043718297
0.84503626697345257668 0.13927112836581451161
0.84526714775748934549 0.32196518089652642614
0.84537093544392349909 0.78574118075931542737
0.84557069504187110098 0.41787585928102710664
0.84567747363452949738 0.57547822305131435261
0.84617198172430740932 0.10170471675308100090
0.84685786809436425226 0.36767207914189947715
0.84725931402616072585 0.47095728966136041205
0.84730669033378813726 0.70672801283556507812
0.84738244111208893550 0.78173956172082270655
0.84762436858575551657 0.28242715419031710899
0.84777084751993925238 0.49917866474792998988
0.84819323108645860998 0.47057427080697339372
0.84827086445346722154 0.23933214140920280877
0.84837542274356014804 0.26486008919476289325
0.85001562821653575686 0.75873656499683161947
0.85085272980860293668 0.49792831423476718866
0.85112136312184905051 0.79011723231667385647
0.85199987821218448047 0.25167307447940001630
0.85240039816805879269 0.14571998864813351382
0.85353687724179672092 0.49256015744353898178
0.85414214628256157624 0.23749172585452049677
0.85429195354694065223 0.75755895888319491061
0.85439021606066856140 0.48403515343974107266
0.85470968602352015431 0.41595723060797951121
0.85478063045681729193 0.14656859918886330774
0.85478652143218825099 0.05049114922826670321
0.85496483005122869692 0.19669896708803669139
0.85560549732082513685 0.28016889723105242727
0.85568532914218120577 0.33605488453910087321
0.85699827900844738338 0.44636480789224780574
0.85756918231955736598 0.29558888205341521394
0.85765865424287812679 0.54554265207609520250
0.85766142387397359403 0.38795539626827968416
0.85841807845562034807 0.03697873099730519808
0.85914565795512831681 0.56366201981931951526
0.85943450298780599272 0.55888953244519234964
0.86079803003522326055 0.47874356614375218610
0.86096994902700330066 0.77823276303037580703
0.86147394715855596381 0.73629832519412519165
0.86264148840029686305 0.70656731729501742745
0.86266135160093748713 0.38924029777267588059
0.86297538440216303712 0.29068352456814749996
0.86310816987048477600 0.24583784122298810160
0.86381259829941403616 0.16943452239279441218
0.86404931882749957950 0.41826805676391171085
0.86473931555392113957 0.75677627920818013596
0.86474405076767379974 0.71849849201511417629
0.86489621919383474768 0.26283189463512457440
0.86496970033984910131 0.38057524671911457936
0.86506808698226478338 0.45457783822347541669
0.86604879791862987570 0.15522733592365350885
0.86639322068152790912 0.30003160030101322375
0.86650505576789904616 0.75832722459478107968
0.86656802870611804313 0.17351157331204800083
0.86693920367870758170 0.03757996817639452924
0.86740282877898300384 0.96844183611552647761
0.86768649210292081442 0.00804924281555474685
0.86783140754924670279 0.38540324357261340760
0.86823274989391641121 0.44580583127994122261
0.86884670232143679236 0.75309900087297898530
0.86913073970078791319 0.13803008977905428800
0.86955188061612431749 0.69808143496165020458
0.86966454849887087075 0.42153365105920731493
0.87076589130309312026 0.29151821407412081832
0.87161956551962260775 0.90684590902395390000
0.87187342581883109371 0.83708849650993710778
0.87237193005531532553 0.16538587820690289765
0.87256203068578630511 0.96672084426403448454
0.87271103570060315491 0.24716784492652418836
0.87332920358990140386 0.10854515373009410162
0.87340915326853352241 0.15949746505877060443
0.87345550638874747129 0.01405982974298147954
0.87346374702432905135 0.12386316530949119386
0.87370936438061896911 0.78829954496954990351
0.87383239053115158157 0.73103159585706756207
0.87406015257338320890 0.64759023530951231873
0.87548367737398835597 0.63254568429869639790
0.87594394890500715256 0.35150375788258658716
0.87606566577945332863 0.07463952852187916154
0.87613977814463062099 0.75425902706343217474
0.87734349103375408596 0.04565308273083457102
0.87838152033389260698 0.67582808424551077398
0.87843293220720097825 0.11876445274713040567
0.87911161829480410912 0.55022017105175191620
0.87963230481970788865 0.53060977325217439926
0.88053751787180190025 0.31431910213077590699
0.88072874744248563772 0.27584486846740990940
0.88089619699746335435 0.09651900112903766260
0.88094480303189248716 0.64667046316245380133
0.88111790884533403023 0.83364148368092116925
0.88147169128773217306 0.14132778024292769192
0.88149170609769356144 0.47741618640019028996
0.88169550269796914677 0.35275820711250660544
0.88176623007323007286 0.05874305596827567033
0.88236556011975164626 0.16490697608790419459
0.88278130149171274432 0.41760443868121477351
0.88288868622095173500 0.44952106905069161291
0.88339141726609726746 0.14220426256172299939
0.88366380721110693308 0.03683809756334033292
0.88393020773858865802 0.77782689398676851944
0.88565025993926638215 0.04210126799309477086
0.88574859796324900696 0.10122949694737899684
0.88611832964454595452 0.39681976392644402463
0.88674802221061632679 0.34684900512360827829
0.88686681346707862961 0.89101715774499856693
0.88748616183041306726 0.55309977399749210569
0.88769302069167621561 0.32904922791091117951
0.88797912185361016491 0.53159778732070150919
0.88809831192170241021 0.10091135518337540633
0.88849359197095978402 0.65452416582345329665
0.88886249013890683557 0.74960358480766353662
0.88905129738478394508 0.25947812475923420772
0.89054529729811304772 0.13146157420698359464
0.89061349762277930431 0.41672871836811997692
0.89219257743303448382 0.05207345052234901850
0.89296183254438377119 0.27001739665151441860
0.89374889705754878566 0.64573631313432167111
0.89377067309696234254 0.72765555238761714385
0.89430269259455696940 0.29339322044882437668
0.89445964285353329881 0.35227402649038430660
0.89557319226787823752 0.28406891617426377472
0.89595453372436739681 0.15623455812069431126
0.89676846577618440914 0.11416819630587879408
0.89864513971019210903 0.32248534017042257416
0.89880892414044377681 0.99550540878210069806
0.89932552483572703039 0.24153565324743581089
0.90042981097007535052 0.16332379346987799251
0.90117335470795445485 0.15921901986693220987
0.90167640134731186219 0.01572154698192906874
0.90191473945778954935 0.15484248821290899634
0.90294401427647885683 0.02193293834083109850
0.90315920719272335671 0.88769366563756346711
0.90381354898947763310 0.27126525042168148083
0.90401557261082599037 0.40527732678577449432
0.90578633496730032171 0.36720862966543399430
0.90605667033965542334 0.28170448917346507800
0.90621927824106973670 0.01641350052560441863
0.90670871834242028342 0.94861363265931042399
0.90795995087429270942 0.21411073679701320138
0.90833579275668541175 0.05949391559888173031
0.90872879251092175679 0.14096282400760851150
0.90885735837651204783 0.63471032087981293923
0.90941330835968248181 0.27054807623131360561
0.90951496585274071993 0.24645870157598839811
0.91028307252434936814 0.13282416420358900133
0.91035800449601078643 0.34730515560548042009
0.91120257465042675538 0.24753253797300250882
0.91199103005756987361 0.40068567753737038828
0.91205958306498957633 0.90771506066454343831
0.91229286820807220515 0.29982094322682151244
0.91237906893789111340 0.13545906741840318954
0.91374809323175076869 0.03455430140173521014
0.91423870508039384308 0.14319849450603480689
0.91434297110104012507 0.13163026909925071295
0.91480442660765437513 0.99798069542433220924
0.91488031239371303549 0.23286248271232079521
0.91507890624744725461 0.73958975024976569834
0.91541358351680146566 0.17096800640397399884
0.91572135894184292226 0.99582996558972958212
0.91602531095647810044 0.35485525759144981306
0.91605351362070541743 0.52399287622367429762
0.91725779696086429116 0.04119641722920108773
0.91730343207482967216 0.14179554874935040854
0.91731028261480429542 0.79439467569971389249
0.91865577452725555307 0.33473208695779638200
0.91877109883423269121 0.02260424456382092995
0.91947965859566127556 0.98822095856115033108
0.92026675963053117258 0.20613567213429120906
0.92064043873900724968 0.14381754571825830502
0.92230985963389622295 0.07622172544780836390
0.92239449293563613441 0.79056849425532371711
0.92258682638129607678 0.04014603459910814909
0.92263645618194811693 0.78153517898520730167
0.92340288826677463518 0.17019511960330299671
0.92370756503720374830 0.55146481888249332393
0.92389184659339518291 0.42651646351005051416
0.92409429233615181243 0.52279251238086410503
0.92487269112733405674 0.16544643448994170165
0.92538834750884757518 0.72533670967058039292
0.92644853151936568114 0.23674706785272470189
0.92651966728277068697 0.35266488093781500623
0.92670110482909728855 0.26633657880533601059
0.92738858309944316449 0.50727544544792024794
0.92756413367678891557 0.29916820490154277801
0.92830212237706388745 0.10390356927460110692
0.92834776324247669788 0.69147138044818079461
0.92840575036881844984 0.21741562827881488751
0.92857658107300278250 0.13604265025616998908
0.92884911306109763096 0.00999014984259283256
0.92892258096108493159 0.72252779541183931311
0.92914826772922509690 0.15104711197139258916
0.92936263295036269927 0.55104415623322122730
0.92938958023186568624 0.40635409946741651854
0.93013145939472774426 0.18131183727759589419
0.93035083845488464327 0.51845533766897133887
0.93102228032757150533 0.26732089844757161989
0.93200249204503526901 0.09422630888208105571
0.93243745766300334399 0.31119169759536391417
0.93286301709879126953 0.10469797325770989482
0.93305406025104209444 0.29696493038107030227
0.93342195474721223469 0.83318324067734561567
0.93378074958109791304 0.15766868229752240005
0.93422171049530911002 0.03879069597892458726
0.93426078679579738218 0.80674127866307898671
0.93439926820672891683 0.45402008933499549137
0.93484214378135432888 0.80582651725939402620
0.93574442764673126938 0.40583831081365950855
0.93580706606513275325 0.03275012209886408315
0.93582414063093755097 0.89508569188670272787
0.93583881921996092679 0.62545319729881221349
0.93597003362361641532 0.96093641047204259031
0.93643856993439156255 0.14274609900644830152
0.93712828856243068909 0.09612779419234340761
0.93781955570646979847 0.33714147431881508199
0.93838846666156361387 0.62189799624853503435
0.93860345018931334860 0.42219503835718558138
0.93870527619200672120 0.30586396632748319435
0.93880910054253319252 0.88314520532825424581
0.93895643667168093849 0.71345219519383085149
0.93897295020184134984 0.40491242415493172713
0.93897900187993588172 0.79441059193167862240
0.93901424511809916673 0.16700403052003429116
0.93968853162308285665 0.09401375545578494197
0.93983919120996006757 0.14197093097599181033
0.93985568612866132732 0.69560194368210737093
0.94014008055728681690 0.92709208305510570902
0.94032646121420448981 0.35602608722169998279
0.94051300435413986989 0.12538277569317599069
0.94059693239084285477 0.49980752878401391026
0.94066572866810882481 0.74006441996337801736
0.94066876466789406397 0.23223829926750649832
0.94081775459068739398 0.44173685502865561725
0.94105982163980739230 0.24104405283233920620
0.94144022739462895899 0.29159137695843512228
0.94212767437679634241 0.29223813862066988500
0.94217744701367456273 0.04378804608138064935
0.94244466276574334618 0.60328307360961630490
0.94342363803083495455 0.58359320777089229715
0.94427956534093515639 0.02423490451229004874
0.94455154290900822378 0.05942944552668882885
0.94501988836960038043 0.36515948190414798669
0.94503697942496478479 0.56604082310774805897
0.94517349322462873573 0.95999133520109891649
0.94583449089155025025 0.50236955196226928955
0.94638130691346511458 0.02378870610001126984
0.94648694470886962637 0.67406739827500572471
0.94680126798479702366 0.41058269222053361824
0.94683507330703320370 0.67002952553163519500
0.94703094473486693072 0.79058263463426248219
0.94729625934886763083 0.43987210431206641426
0.94732623040617336407 0.09875311904147032749
0.94736080078057949283 0.51404790006132250468
0.94801891495400736343 0.25590038673531501079
0.94841629702555085846 0.26142152285213582363
0.94873254101986548292 0.59172843979561817740
0.94991787879196321054 0.20447434683971429936
0.95009461061442845864 0.58321920437023400119
0.95017083589353357187 0.40398813234238850622
0.95046807202195782160 0.10454958464598289314
0.95076376322784850181 0.61540833871377231823
0.95124078946875678664 0.81527454087271256089
0.95133710570559915087 0.12232495223066190693
0.95135075424947113110 0.17223557661536709196
0.95208612453216412419 0.70807770065454156416
0.95219417494510305566 0.78480884954010943222
0.95221825898631784479 0.23153083726682219257
0.95263341488600983276 0.50517275643048309419
0.95323928220087528196 0.06751123794598579142
0.95350613326886268784 0.21568078601914258963
0.95368309126577877066 0.53408848439147393883
0.95505731536385274349 0.36912811486399849104
0.95508372820072262588 0.07956006668799509018
0.95516549956026419732 0.76503495608013771800
0.95539057157289253297 0.18249854662396389204
0.95567602270135609821 0.61491695930827772187
0.95607189818994386954 0.21420036499641989525
0.95679358375068535025 0.60822407101403319629
0.95727855728298349991 0.03002550314420393898
0.95758986902156884025 0.88085183893894203333
0.95762323965001361348 0.56029271277312719945
0.95779342981529114187 0.19856681556910971143
0.95791197967236685340 0.00300518424298434894
0.95823135826671623771 0.02504915443812482864
0.95857560151158838213 0.68011869526394896912
0.96012657785679955680 0.30162803684251038305
0.96012922238737397063 0.14919859339926261343
0.96031315988249299487 0.12228856256423349669
0.96044194072062538670 0.05297491437163492911
0.96047300571945071201 0.13770757481658579824
0.96064638972867200106 0.03749754328904020273
0.96142252187023879983 0.89575654022522732678
0.96171745786429307934 0.24756842342488480369
0.96185862990477455359 0.08593417432034289316
0.96199192679910994208 0.40705239715407598444
0.96214731486538784822 0.39505262588837780635
0.96248669497833461151 0.24911691409721428703
0.96281697380515451901 0.10095162504957490290
0.96306973449904964557 0.99887781825841570615
0.96400122150308364954 0.10392742725269099591
0.96473267710737586889 0.76242348864099873662
0.96505497233923842604 0.22560357789064058864
0.96626612430579195134 0.80695535027516285265
0.96711119650975996276 0.11970622643811390517
0.96724088830346466317 0.33509272656761657228
0.96795693739000820965 0.72947921199531096104
0.96828540818847508298 0.36636166553254062572
0.96849548375537619638 0.19702229469462029243
0.97000028191426390656 0.42999051590582748616
0.97050841585578062620 0.31980476777392830012
0.97129644237239309845 0.16949759260007910000
0.97153303086862197180 0.16515084009446809321
0.97165716706903249023 0.60625771454960997175
0.97197988375799859728 0.48331564326218007244
0.97198016416690424801 0.47464162529473941099
0.97205046942865025450 0.04509133035264346195
0.97246055366925088226 0.28108877332185927544
0.97261625168907839267 0.44472077265011161762
0.97271353754768508093 0.88030143495678614407
0.97276627875629173570 0.20453645737372769253
0.97298764755707989327 0.07649888091308676419
0.97321197954709404154 0.37329795832102929953
0.97333074851550893669 0.59209688451704922674
0.97369239121023642980 0.04460735344152400028
0.97443653067016788860 0.63048442161147721929
0.97529408495673719504 0.14340474990094201346
0.97533390713494794166 0.21844940221453570950
0.97534553683317715134 0.72114364451469092909
0.97588703606461624229 0.18175971401312498998
0.97617260136855510400 0.17088543482177179222
0.97622911008251500586 0.86134632571208957774
0.97633068732886829633 0.16341944444348918686
0.97700494956146999304 0.19498381163955169626
0.97743352736585031870 0.82613882273000516232
0.97803787981819845232 0.55987303871193694338
0.97819524868209950519 0.79320291616896643205
0.97860365509905222758 0.84567707627363208900
0.97863248306286276801 0.44847122717912168977
0.97874337601464178604 0.22623708783745868911
0.97944208960759315818 0.46176566833935367429
0.97947071461647172708 0.52577176163383743113
0.97968319203113041205 0.51080212901500077205
0.98039527378435309402 0.28471830599181718879
0.98064748383676725307 0.60768259904653276759
0.98069272622411074458 0.32767915846546591396
0.98083555905131114550 0.34654035279828920846
0.98141948961412428520 0.19542044466002930769
0.98154261023724265200 0.71914056063752218595
0.98190636949073584194 0.51040097169151643630
0.98212991421952755555 0.62716736474226153497
0.98232702997028920056 0.38536021852010698963
0.98268980088202761980 0.07362163507972463439
0.98303126389014672259 0.09818687262876335531
0.98350125395726806232 0.43317073118443139013
0.98367659076779256910 0.13712968664454711076
0.98381210014052833390 0.56176485959326594166
0.98394495328963882397 0.06546101857911612587
0.98398358794032014796 0.79088597182308040257
0.98434259253571787518 0.03356082362373036254
0.98439297873080999768 0.28200742708723808283
0.98453974684812917140 0.58140908613403741168
0.98485256182114266910 0.00186149722181738796
0.98510883843930374670 0.17841206972080270177
0.98553112512112850396 0.47352295734883337319
0.98564816723469372839 0.41540956799304568081
0.98628616232823740351 0.74917047043819273711
0.98636853762608311946 0.70474693494990647835
0.98640603752671129900 0.25201514307509492729
0.98866756979397918403 0.04259185724211844715
0.98868366979939870109 0.25896825449800281449
0.98900227149655928205 0.03489510388879112773
0.98915336708180123804 0.54931795874493338783
0.99066450295223218436 0.18822906328219660144
0.99088385654832289440 0.42729168505272718814
0.99103390850142547563 0.20301380921550829517
0.99108957141262410406 0.05929309723604513777
0.99166721454275308378 0.03742969491037050761
0.99200713710899812714 0.80781868726339611797
0.99204429108311054097 0.04392032269968482172
0.99206203449464602784 0.06373012300545333186
0.99209698704682403037 0.45823595280367107607
0.99225910330677236093 0.94258246771214015958
0.99243409070753563217 0.72439483346909883110
0.99243436567637011159 0.65395431009135152056
0.99253848868467764444 0.51824407752914769532
0.99266561073048820152 0.64673950734367890991
0.99287332138753026101 0.59059172115434599437
0.99303478592208482834 0.77450631930153124305
0.99309083720704571796 0.29439843609962551563
0.99329902194058505849 0.75315797488663815962
0.99347749821173902962 0.27993695343399349618
0.99392721339365397437 0.44001279760302858257
0.99397198264495700837 0.12229603677824529839
0.99407216342714188606 0.09234494755964206547
0.99498407565635393901 0.27854676742422052049
0.99501000835669173306 0.11535668686483539769
0.99547526598408098142 0.70004217254597334019
0.99554538305003437149 0.71200840616470673083
0.99594360118227376333 0.84841132033795918499
0.99594848103749300527 0.63820733891280556627
0.99655465934540898854 0.08191035360325937820
0.99685637803404036905 0.34776521523771330990
0.99685885818300112859 0.22337700417637859629
0.99691878708823755684 0.44921957579224808255
0.99782488278066927556 0.82294925451198253086
0.99791819776910128947 0.68335800358293785628
0.99836498264364137434 0.42158849093034539424
0.99871580747306909487 0.14356225385325169230
0.99934923693441335413 0.47511186536998428753
0.99950787835570387152 0.03018479644468718970
0.99989775656945301119 0.22240363121788589429
0.99995180756586399262 0.95314379144480299022
