0.01235188321302648981 0.50321315953492729012
0.03015841229063099052 0.49204326152005728456
0.04041782253223669130 0.53241187697075431640
0.04060458040122483236 0.53165689073444311052
0.04134216493890229688 0.53067797009320905044
0.04634237223833082009 0.54308111132706571311
0.04886914138755570763 0.52829173235176507539
0.04961960507652862784 0.51752464873899017839
0.05149656140158276330 0.54962411351204742971
0.05180961413233242663 0.52172365140986076693
0.05577475430517864208 0.54423118843044970827
0.05724232860353172664 0.45645071090759020693
0.06454336702352236887 0.51451330545886031498
0.06907291401855875090 0.47234822503075707401
0.07110774632800176409 0.56180769385357176571
0.07206600400648066618 0.54215148625066478250
0.07319246333176654407 0.57261210256673655827
0.07407554908693714246 0.52753759210828643500
0.07529792856928008149 0.50805978376388516438
0.07535367331830433724 0.43217398603802559265
0.07633241496011222704 0.56406936013470354574
0.08750861941840248903 0.53717413516024892228
0.08938726133029628595 0.49057445013674561007
0.09009136211319013210 0.56182825332670660590
0.09284143655067988998 0.51264910419305553813
0.09444681863646198217 0.47517096852898671466
0.09882001131737028210 0.59588685596296064872
0.09899422865470253186 0.59308537093101654225
0.10003297645662009852 0.45049896108923892513
0.10081624556612700516 0.49884839929375490719
0.10091538753215190116 0.40961651746734478730
0.10099191527928899625 0.44814998067912309443
0.10445442794303480549 0.44764363862759498636
0.10761813622897989373 0.56087501162445807523
0.10789606473342719384 0.40835175094736841928
0.10862888425385859581 0.43619259467153959076
0.11135185737216850288 0.59970932677854205117
0.11140492386778590161 0.60308811382651006383
0.11213221877650439429 0.39691460874275791282
0.11697820238990150332 0.38942035292828547366
0.11775868074724500645 0.47800308498051108375
0.11910046954582829970 0.38704253783331582506
0.12102604435422950613 0.59167641449628005645
0.12127920318949940437 0.53767249043937759279
0.12211771845471759701 0.53743113210140136538
0.12279272386658879324 0.45675220842380381825
0.12286751290427329331 0.52102917064656295576
0.12299854756764939945 0.58129854559119498170
0.12329784396585760642 0.47635412288656897584
0.12348776697949849501 0.51469562684023484334
0.12351622074455380351 0.60918694090664637919
0.12601416165211520859 0.45476302484473457577
0.12627211321393019827 0.44552669356648699761
0.12745485662626210299 0.58685938761436862166
0.13367304306901700572 0.56747953302134590547
0.13460804798399131355 0.56340399611203961783
0.13588413849235259079 0.60634443701027829210
0.13862195879837460599 0.63745625244824122291
0.13893203217216879009 0.46658478249947721306
0.13987926163465719265 0.50039724820491149337
0.14141624530060120657 0.58389521872106497913
0.14155799948935340882 0.51963923557046731716
0.14221595508095330462 0.62685183700055269185
0.14257334103781210688 0.62472017415086167347
0.14360331680811688759 0.58308215247757566591
0.14417126651003228655 0.51367833747634961128
0.14569968298179750144 0.60295279786796540655
0.14584919853395550415 0.46942923375146111686
0.14868609327132889519 0.49706173498202688155
0.14910886785552848743 0.62202153059043452377
0.15090240349040470735 0.45146056546772539431
0.15165908956199589119 0.57939872605914766179
0.15225564029833649204 0.39393327260027288794
0.15275737437681369268 0.44841795901506348310
0.15296129764074209434 0.45114501512031052188
0.15340843039159318684 0.38198284332712079125
0.15442412709991751307 0.59894783183157784823
0.15466422251248460040 0.35857820154939107349
0.15519583194579689156 0.49605032893802297744
0.15587652050781358737 0.43287778318324537929
0.15698233599293950902 0.48042738075261148811
0.15808040591506400396 0.56119448320739440117
0.15940104275964719904 0.61452430599500207364
0.16065830827691471305 0.55562463566797637426
0.16116203401172679577 0.35636944582685498029
0.16175462651133828973 0.58311805351297585354
0.16264681725817151103 0.45031462738931221645
0.16572271425399939804 0.55556897024589535494
0.16596776585572750595 0.56992089018494895836
0.16609279086424791338 0.46859764632350719982
0.16665761688896640891 0.46517364917739367769
0.16674246154294050659 0.56907448164215324038
0.16815331069135258657 0.37751592681196638468
0.16937163683191919228 0.44066798675707519184
0.17178941471169659194 0.52309007850073929724
0.17325315647993211332 0.35556985529869322704
0.17401126388114249166 0.43325887331031587291
0.17701044512414221277 0.45624093419795319626
0.17777235493890289342 0.35360238843243790852
0.17832140134432389322 0.56785175965709455692
0.18041683672297670338 0.49835955771426587724
0.18170922566558658784 0.42829124208580487965
0.18198733974755879061 0.53106351092210080100
0.18530270326053599472 0.57142109662345497156
0.18602844300649021281 0.66613330961398020680
0.18644287555519190036 0.51951775548802414662
0.18767333715981521225 0.37969699148993601989
0.18957182486467991089 0.49118456721859188319
0.19137858441637770057 0.60663296217481166295
0.19163537498909619106 0.45620270862762080100
0.19287205915806890366 0.55039587482568130827
0.19389325778643920484 0.45252475735963648695
0.19479364877621610508 0.69315100243800709112
0.19526542607576180544 0.51276451121635624464
0.19541423822582298930 0.35201201232923251538
0.19578578468723750738 0.64664205355280757193
0.19609357878931729657 0.62605899856183744312
0.19617601626757288913 0.42183571152470838994
0.19732649862239859395 0.69523738955255143246
0.19765382534152300953 0.56653730060196139107
0.19801906145941919335 0.68859365502287439575
0.19995380593469250230 0.33218501870430128253
0.20037852543193798716 0.69172232425440327575
0.20155041344424048932 0.58852288888948534051
0.20221048187277398944 0.38493767180305388242
0.20304184881081568936 0.33000449491636629773
0.20513029149129211048 0.32413640350783889943
0.20542383534117000798 0.31218786854550661936
0.20721423026055099670 0.67844985254856948753
0.20842593911448578647 0.30361260462489941814
0.20903220653600679269 0.67224873954959274425
0.20926119456649711070 0.52622392245328131199
0.20973511201419270389 0.50729431445059658401
0.21020995926144600552 0.58623942218995983566
0.21033863709365610561 0.44767006914678919571
0.21118475476494691367 0.70548559251859122021
0.21372405692743279282 0.37420224894734238630
0.21377478876657540763 0.28769045182141311789
0.21457489602131490924 0.32048451759328322463
0.21626672726369380872 0.28514262094522380142
0.21708836735636830029 0.43876739872671477460
0.21921231396464499475 0.56291980066167457419
0.21944614126435310619 0.44322419916052591127
0.21947877277381469541 0.39803439889978320387
0.21957454321349931248 0.47420708900448949041
0.21960594819294210200 0.70446270575741432030
0.22024716229035759540 0.69814408439651964855
0.22026394469808630028 0.28428018175640917820
0.22176342622838779439 0.65408976342766955714
0.22250190726495569504 0.70517116886598729675
0.22358502533005930601 0.43046016336928372148
0.22425365549600820292 0.43053694733664987782
0.22565730278527540431 0.72119492122574568871
0.22632207128938039431 0.36178293315921761231
0.22720118306325298718 0.70326010892648138650
0.22754557584048040741 0.68726061590610487695
0.22776973578175949142 0.71093062163862796865
0.22828902827719591007 0.52573788572696344978
0.22875070112591180949 0.70907694601197568396
0.22912340810405121272 0.65136006694899462044
0.22931092572736319624 0.50233776055257628457
0.22953029919021258887 0.52401846585689904057
0.23051997833448578668 0.53830066219812588990
0.23114688890622481221 0.69129269360596434790
0.23121755834658311302 0.59084938488396665512
0.23126901553533660283 0.64975473999949528991
0.23134113871130471130 0.52759455084590123342
0.23247630524134119123 0.56077921128412089313
0.23287020696158169941 0.30664826200169642556
0.23456444860989880685 0.39431427195169060917
0.23467850869562378868 0.73065524484313681963
0.23481461604832040702 0.61531908397878443129
0.23643078354435609345 0.56635522313432351549
0.23754270361109189325 0.69899890423404720252
0.23761176075642909122 0.51453044298880479257
0.23788772627355178613 0.69478262214734465285
0.23800164099460049960 0.29007036198863661580
0.23903412613025390443 0.42862012571925628412
0.23947536122323981322 0.64010224596132903052
0.24027951769220601275 0.72416037620226614280
0.24043060695213469558 0.27972216558770951478
0.24060843519722499573 0.51136102675177130816
0.24110057683836388920 0.62991092208514642969
0.24153096490552930509 0.31619339858112249786
0.24284622539421810150 0.47610233276559532634
0.24385161697068619135 0.25739458569771350716
0.24564874966018399038 0.48696247894640637410
0.24596165782652198994 0.62013694985801559589
0.24663448440537810713 0.74339221170874836275
0.24671363057407269537 0.55112307886224309872
0.24791669511983360774 0.46794164371716262529
0.24846585201260171227 0.46204904235794530543
0.24875419244549770714 0.31239642322689847864
0.24977176628704789163 0.52564600413568329795
0.25007419332432917480 0.47337044659335481001
0.25113215461355609115 0.33766325431384719424
0.25117299548645077856 0.53869239931180212810
0.25134157916859162230 0.43948539558331700672
0.25185746917874268780 0.32493175852964367722
0.25246715519765122737 0.30899210568670032462
0.25267384760167571622 0.66170470987926488515
0.25312374518828217873 0.59329046509898097916
0.25375383146344188123 0.69022012477125893604
0.25395970358452141236 0.34406569200844339118
0.25437593012000409010 0.27966017807499321535
0.25512199343302810473 0.65231317333988891871
0.25567149286804158326 0.34162931871115231885
0.25734087392545168527 0.57367669305571467042
0.25854337123903087248 0.55297596137244175996
0.25996713158544237920 0.32441696431452959892
0.26102412999303709062 0.54106130713384248399
0.26120963589015028239 0.72127666368851106604
0.26133019189535600102 0.53297081910324473064
0.26139988246488138346 0.67278171146268239688
0.26154027560314951906 0.26974657145398200919
0.26167472399532382132 0.53378600552583144179
0.26189531357018530633 0.26307778179568758192
0.26204014865314401161 0.65031257025821687101
0.26227297106421310069 0.74148996815210777012
0.26270569546350919232 0.64224707658474400329
0.26320800190504689553 0.40718508569715977652
0.26338978136086227400 0.71216521020772949324
0.26607879120979371912 0.50364542151043323326
0.26680057828998687830 0.25822518878938588438
0.26769989054603560152 0.64211589332640695016
0.26804236402276598872 0.51362572798197425605
0.26812866596525758434 0.26344347783511951056
0.26889282451924251260 0.32342953180618050357
0.27052909910655642545 0.75023434599452210048
0.27095925474950721679 0.46839672608609239646
0.27096686791001267647 0.52986012826013151322
0.27171807117262841702 0.51234965361336237688
0.27271941282348100000 0.25409383931521378752
0.27569509462826458090 0.65524527664843934538
0.27631139069905941152 0.61810621493004269666
0.27686513967034931394 0.29461040588048298394
0.27734439276856348577 0.58441222120747138291
0.27836984978607831609 0.38403770441380807865
0.27844942514263887334 0.54857093149770719265
0.27860230160084109574 0.23219931716337360861
0.27882122320000707338 0.48232006582764330727
0.27903731721206997962 0.42860143339233108817
0.28021081389641072645 0.52917992917126777108
0.28089470483490830421 0.29208970491134989000
0.28163881436439641703 0.34335325296400720507
0.28192666928639592561 0.21946393228449659341
0.28255322453308800990 0.42659819291993017476
0.28652676482078609510 0.36762053350990331335
0.28765880159036588681 0.41174830368455150875
0.28897676475585837297 0.23158921123769998784
0.28900586089054758343 0.65491132545821661992
0.28949420143561999108 0.61013330351115591110
0.29089998193825411521 0.76469483528117432325
0.29290232397708249046 0.21929658819035768857
0.29316998256320997429 0.78791020403810918538
0.29319318264269250696 0.59139503684533656358
0.29424195301703798267 0.50267521900442835303
0.29502200317724580625 0.21691628307007271292
0.29532025678909901156 0.34095115687425692208
0.29567938032510721058 0.58700688264417388851
0.29603708424200508853 0.58507467226009934880
0.29683058072291701457 0.38683797448593132406
0.29691474367402997947 0.71534528478160430698
0.29714383790704562704 0.60403931176643554934
0.29723968185727511759 0.48021762508178911233
0.29734368577691328017 0.22989403327212040717
0.29738219726447062685 0.23512898684649080616
0.29812202588867792175 0.71061082785609863688
0.29993673345826871168 0.21164879635615460596
0.30131279449882142352 0.35270374617366528902
0.30253943990332710090 0.33681486223189377460
0.30289940207999088706 0.60145516196315973456
0.30314295512433031554 0.59573394442990912356
0.30439529509951812614 0.80352254470240003226
0.30452569072650742532 0.52325209128450522744
0.30475454241558241897 0.32981375639621157703
0.30534219825999692199 0.38324493904624662433
0.30612397317916212325 0.37817253691517860315
0.30629567896661841209 0.32710449313039602348
0.30704894601356502726 0.32644451000804658447
0.30859606745657530702 0.26442425544938830129
0.30990174906781020603 0.25729122500433981857
0.31275243317032908053 0.58819224712547946154
0.31426420141381167239 0.34432524671739611621
0.31469673457409330641 0.80018717394000515863
0.31553735548541672618 0.34187989429850818013
0.31590314234909838698 0.38826858925952462132
0.31595458587834479580 0.44438638626919868546
0.31625515000203657801 0.77166537531053680521
0.31626333391253030891 0.58063404668932971919
0.31806829584556878254 0.33691738972048451695
0.31926009135928612448 0.36988161415645481878
0.32101650905325918028 0.44214107255686851961
0.32163749458888840627 0.23197320713015048832
0.32180673018143240993 0.58686148436644802739
0.32200267493880230241 0.57635204413215368469
0.32271996891990600842 0.38518055003397777547
0.32475636384856571004 0.72976369582392652813
0.32482778263623768300 0.67353555499516604144
0.32485190803018687555 0.72564400376786530877
0.32545469889722261625 0.45135463215385240865
0.32566752910411961297 0.29467782391836161437
0.32573431365021310313 0.58871826968209906017
0.32669893019936302458 0.67015591309138367038
0.32674122478953998572 0.70764470180326921600
0.32684608642116930177 0.53993605523954224523
0.32769288933828721877 0.56318309950623191007
0.32828028676441350919 0.76297693603598815137
0.32836187099774061249 0.58435573302044752086
0.32935021302738187732 0.19169070236296389953
0.33008970890804312237 0.27084698437058829512
0.33017397136969128812 0.26241897757847199024
0.33078588586431251217 0.26079458627406981730
0.33124608661439358670 0.23130368822217731162
0.33174472833202578448 0.45035945530784898816
0.33252261416524397930 0.33064343551635611007
0.33344422371764609325 0.41753499305634411698
0.33463383907874161283 0.62092495531148317323
0.33468486859622531560 0.41614158207491180885
0.33556319164951248224 0.61395694713523640829
0.33723716132010317370 0.16891046669766060506
0.33737876748475942312 0.58072984375061309503
0.33774657863089119214 0.39810309617660671888
0.33852768847638969874 0.41068436547694109340
0.33889148993803108745 0.33848056534595849509
0.33921280209722881605 0.21014819022904859813
0.33928857179664478894 0.39412243054293927269
0.33987344450265560836 0.40803875080957857646
0.33989760342709912644 0.64690839974125058376
0.34018835611285991316 0.47430220778069420717
0.34096286879486359389 0.38316344281907299685
0.34159259172567119078 0.25775406485218388397
0.34163884932588312049 0.51316146201700119089
0.34244380976116151061 0.51689321792771014685
0.34254634835553871008 0.16696366277248059218
0.34463071574437020850 0.32178575931305342106
0.34510487513351167932 0.28635702573642107804
0.34524653260038851155 0.57054816973247368672
0.34531310554159622139 0.30952712537083471034
0.34577084593172840998 0.25199827306585931286
0.34655629291880341025 0.19534056640232710933
0.34732779446507527910 0.15976264659535410750
0.34785593135986930813 0.18895448331379149920
0.34849974996785298975 0.56148061108360836080
0.34869089280516740725 0.51396104757732730128
0.34883964326674532508 0.47859719293286201447
0.34905263687135079653 0.74638638958166758641
0.34951955782224969349 0.46535145613108852558
0.35010851128195130677 0.37011578244264997650
0.35110670162194512756 0.28321823542863078238
0.35119989544294438755 0.40478480982027509327
0.35192708236289388379 0.53890965093992115875
0.35245223765837252472 0.24096983780552949650
0.35260523487500849971 0.45015397141944751835
0.35452385117241391743 0.55980899876318679365
0.35465729139952650861 0.67316815028534493504
0.35542609920264128798 0.37018484953488312028
0.35567141912432681528 0.44487071300411978880
0.35586175681880849453 0.32745014114828258078
0.35617439296114361547 0.17709587997671538684
0.35663569537197742365 0.83294917326987938377
0.35725479648104907504 0.32295450428728861292
0.35733511654548560932 0.55969233458002631831
0.35734548380365732667 0.66464535893723231119
0.35751081513997717831 0.81994910001231513519
0.35784751022376670715 0.82643955881566399935
0.35836831151424280995 0.22100388135277479473
0.35840397024391751346 0.31685953002282607471
0.35910802028744231995 0.21852390187930770260
0.35916145627088197356 0.36632408925813797484
0.35992130876610428647 0.44010708678358329005
0.35998917782837480672 0.72587457573070945926
0.36024803347476969106 0.70504804640975837771
0.36050453449146102614 0.34778650558537449466
0.36103335105426132001 0.78931060972911371021
0.36250634791623270736 0.17500644889454730624
0.36258791187810451850 0.15372309235749379019
0.36349753842420512440 0.72568776961545289339
0.36353954819026290668 0.64128320029940677482
0.36378340269810510721 0.86337089110182063667
0.36404978414618477389 0.63817249796867381306
0.36443846160825399405 0.22906697540231291121
0.36465843879856441045 0.55530585989853098461
0.36487596271636291156 0.36814861287728539718
0.36507636636652257556 0.51505588857075113030
0.36508684855686440729 0.22550403062791518627
0.36511147405777627517 0.39073043851136818327
0.36534337188439341970 0.71602877666687669844
0.36629945851765949305 0.19410220647911941017
0.36706114353823782182 0.81607055691014707133
0.36707189104461551699 0.31324975953836198261
0.36755466866254049574 0.30371742954256147895
0.36763426691997558304 0.17072213342579278805
0.36779851741673907917 0.81515482714219444915
0.36894694498491531487 0.21002030745696048664
0.36901029369893828536 0.30297928181895428246
0.36925545399466741525 0.14569508575529399597
0.37028288440364021117 0.66423817302122434292
0.37039958744803558321 0.81500874547844581741
0.37052437518144232254 0.36097646850155512555
0.37071793889356541296 0.54778648501210402966
0.37129675901093278645 0.65137465926175952546
0.37252105444607019891 0.13724262577625520598
0.37276496472897791001 0.41215717636207688246
0.37290844380856330575 0.32908490461876738209
0.37406841875606861025 0.12991180434670829280
0.37431561177798017281 0.26770352152800197532
0.37466641841816261671 0.47586398289191012001
0.37522525373027848516 0.16680355832327128929
0.37525366607110660633 0.77066865687907615268
0.37617982636594671231 0.30250342887178260920
0.37749470549959618371 0.40344010838118571360
0.37757132163388718027 0.18114372120809249522
0.37807867589970028943 0.32511112337526021365
0.37860965976859811688 0.69893527258919430079
0.37874856444680538026 0.47401152781732658337
0.37946676827269637533 0.85867716819448325349
0.37980897060199397819 0.30245351010793258828
0.38056005138404047639 0.28590023418535531752
0.38076891270400969880 0.16347643951146700880
0.38151723024147909946 0.12718389394655960078
0.38168534705653589523 0.15411156190046920722
0.38171714789188149197 0.75579159182939048556
0.38215078300195437500 0.54737148667523172207
0.38264633331776709557 0.20276380239756849888
0.38317176593438539989 0.53632348541464569536
0.38333378063559891968 0.33656926362719119528
0.38367431644254512690 0.68291752918621606572
0.38418717212463548982 0.53471323436646156502
0.38452297259533341212 0.30719252092990217973
0.38460507635467688914 0.11808108804232740618
0.38686067885235320141 0.20452218443645339696
0.38755994372488211663 0.75519993703707877231
0.38762222151422898175 0.11451887893398260410
0.38801542163521191009 0.38436266592726781033
0.38830161045588912350 0.30570882002867277860
0.39131351614156661967 0.33247698056047758630
0.39219732265232348789 0.13451525745526141109
0.39269862343639461155 0.16795698571579950609
0.39273938405538877383 0.71497492166748066733
0.39416053151567681523 0.63665656558949368371
0.39451074763485177721 0.38406916316531369837
0.39550973027793262515 0.67491132504675332981
0.39561628824197148102 0.59672971387230699936
0.39689303482303239790 0.25382039630983749268
0.39767060544533777700 0.36642292025034811642
0.39777230419261572214 0.15098819024813439627
0.39806755041606151080 0.71211912424782397579
0.39812727719550872196 0.67458286128930133874
0.39902679004274599350 0.32832569015775731058
0.39945630639618162627 0.27456398703985007703
0.40086787637220472336 0.83698984307371770974
0.40088381909724768448 0.75445410183164896001
0.40110345729109120327 0.89481317321437137124
0.40189132111689251925 0.74790008362423199273
0.40275300788135881547 0.90144581756291719543
0.40289365182278991107 0.26316344826885290642
0.40303872629617187862 0.35603335771675082011
0.40320779681729851385 0.13145998160499750007
0.40399851250936352764 0.83582196360586424877
0.40505520461432592549 0.51464952215154080584
0.40512450744266781388 0.88285626870941125155
0.40785917992124209874 0.44331374090900399487
0.40852741241817597251 0.43651574615870858409
0.40869204203825798549 0.41784425634011018724
0.40882030479580361293 0.59516584070259559436
0.41053547680526297770 0.20334352796551211084
0.41078598673417071607 0.31444802240297081708
0.41094598017888200880 0.59277681057672393372
0.41102345083414387750 0.27160900487547312565
0.41143019426910998337 0.24919736840661210753
0.41320837929635417796 0.19580640363256440750
0.41389370330730268499 0.22158756831960199629
0.41509820191551549673 0.19210717330175380857
0.41551056715492878935 0.52926863455904760158
0.41584019876186478770 0.71147283934363370062
0.41615195472141752742 0.91438885270153957840
0.41651525301599179318 0.57484042666984358494
0.41662317363806078419 0.20400007835511291265
0.41708194862025982363 0.89857312882629192252
0.41714187985804629388 0.74950674037700726338
0.41752404149248389942 0.73880561196687133396
0.41797363441367052506 0.88913440065149484948
0.41828587829729180214 0.21830099603247640760
0.41834209642749309310 0.84500131676532386216
0.41861115279077110163 0.70759096699774071126
0.41873234731451791646 0.37527529747424182016
0.41877746942491400617 0.30478569534755478587
0.41890588593970351505 0.12299879562699600477
0.41902573521218977604 0.51151464125755086165
0.41915046221705548612 0.16009839784889889902
0.41971682944394400616 0.64550340609619938359
0.41989547812153260598 0.52304494768632170398
0.42207251034762549580 0.13384028193770108883
0.42284295998656362681 0.29906304636924707641
0.42318180599196897340 0.26877867873881838845
0.42365371348496339010 0.08979633107383311330
0.42402906286373898137 0.91406792791910751461
0.42494484316722891393 0.52768860323472721596
0.42494753847312471962 0.52599030765037213531
0.42499426315105459651 0.63864628769982711987
0.42583525359631518858 0.62420052873278497607
0.42666604368094468436 0.69355826274790421948
0.42780068155301220756 0.11850359519187900204
0.42887041789774371647 0.89031458071485336525
0.42989050247176702202 0.34104114499142207384
0.42999335245604319855 0.52142168290907187078
0.43068769024457381756 0.51191255572824878595
0.43080824560680808233 0.57343162891320409447
0.43136153099146501422 0.68762875227676889534
0.43141995194387411372 0.82073999928637675350
0.43160711801708068203 0.88986964486503716820
0.43188316707093671321 0.68464191500948823332
0.43198134198262477801 0.12511486055470891210
0.43303978401205589499 0.85386785198062498115
0.43365574726066130617 0.75062722959330641093
0.43569463738685371146 0.11309571674208250547
0.43615977438565500801 0.32436269540505580089
0.43716637311544948030 0.08114997932423162474
0.43726332578963977848 0.15521606436770929438
0.43748172569207921523 0.56996571305245324890
0.43940844730185218969 0.70791656941566249994
0.43956962582061642753 0.27503636649782658985
0.43987709342703340543 0.10091508820331450413
0.43994512897554438613 0.26770323180949467945
0.44054031233797469325 0.69214882259772603224
0.44066679317375911928 0.07039595024380973509
0.44144795396645208907 0.19317957033155419566
0.44171168428966889330 0.93770943626234626311
0.44203686299904809687 0.26066034723936248874
0.44223517710760601451 0.93462123641014327458
0.44252904341363608065 0.90648050625700182792
0.44261369533478289728 0.88295212313585647035
0.44277908601396220867 0.09370250113234446232
0.44300756686902681425 0.35743912872043520634
0.44316247505902378601 0.78665770309199389843
0.44357022452036631854 0.61607364670266051565
0.44372737531677919343 0.56120489792336969437
0.44390413461833877484 0.25666059594648027442
0.44391035639573611649 0.88221879415095216803
0.44418197322140917649 0.18860751874562428632
0.44485394255410448672 0.18405858033446639843
0.44515329033005179848 0.50310774060418894660
0.44635141345399531598 0.84842161032674090482
0.44662255263223288315 0.31851449064645198650
0.44737215666279622761 0.50308987428810592046
0.44776599114466192342 0.74412921850172897287
0.44820794269922309416 0.33610614329341531592
0.44877564061704960929 0.10968433597347569675
0.44936850940437367274 0.25892585624970371194
0.45028397804312197961 0.59441216605252911176
0.45092783649896317488 0.58377771042634973853
0.45095432817835867656 0.31606869731122400058
0.45154826196720471154 0.50305658159275623564
0.45198109129928532024 0.35587701524450787716
0.45239614946333578382 0.74305861216506841060
0.45244961740081962587 0.10449758451768739742
0.45317293308700862253 0.56064275523967532777
0.45402171115078249208 0.92569114223739956682
0.45501964504773151354 0.89136966933455386020
0.45584681645426849972 0.34746308585129898061
0.45590371306954641240 0.41573433161786127465
0.45624837392075490161 0.17265368721310059286
0.45626788134021617482 0.47480864767009089977
0.45644414376825548363 0.72450655978998435014
0.45666613300971858891 0.84523998853848125723
0.45787532799735930489 0.47466861725200298894
0.45847744341547391755 0.90460635274975997877
0.45890413604128127423 0.10179289571918000157
0.45915304875721968392 0.94763585637850900056
0.46042419318018612540 0.65760499583157516756
0.46090396279800438517 0.92533527563523987336
0.46126704816600311299 0.81584440761946463994
0.46177527126894268861 0.06286535336651677408
0.46213690754763969704 0.25210708613602378358
0.46259888755860428811 0.78979839098223370009
0.46269692328510531043 0.29948220572099748527
0.46301713733115951177 0.46789818606479799401
0.46327398425616561628 0.44427620833155001545
0.46331164198613478122 0.76513509841493032582
0.46342020598866379144 0.08744951795684763329
0.46552143978416732351 0.05993348057146218738
0.46553507098995872138 0.72053487335809063286
0.46586596044852779386 0.67884126959861046391
0.46614383171971007780 0.41547900564884887586
0.46625685534773209096 0.90311652249683527227
0.46751853876020271761 0.24853098842938170510
0.46805468315198828222 0.12843329634454170307
0.46845241020551048328 0.86272757012926282183
0.46879346258769311051 0.84631195474397591383
0.46947497409675431612 0.93453539246486105885
0.46983071160498240948 0.44253610640403850951
0.46996076843702538905 0.04702854503430731192
0.47027585562547780107 0.06008877024807812717
0.47039291346949518857 0.09772712607509093097
0.47126442700523007989 0.31110232603031262588
0.47131016377939988216 0.22850044056549881355
0.47183681735150867498 0.38990796868056448732
0.47257569329913018397 0.03767334697844205299
0.47337617621119371103 0.12111678128740699378
0.47353454722398707899 0.60390772874368636725
0.47356023893149967741 0.38960481381333150752
0.47395356590781362316 0.12084872965503909437
0.47407853329569782375 0.02694023335872774982
0.47543541128588578948 0.24725445841915449918
0.47552944764423821233 0.51623560290391568017
0.47563799308663951004 0.38950799608132902208
0.47577536557572319698 0.49298417560018809036
0.47629339105975448954 0.59109334214742925706
0.47740021011246508431 0.84196436602253876824
0.47747456769570401081 0.11584590995426680138
0.47802158584426390764 0.51200431483454977855
0.47844288270268647834 0.11258088170046490206
0.47904427787149511664 0.97293099551245221246
0.48060037878288841551 0.33337579949974222027
0.48065290536645322028 0.48542626505397551417
0.48074112872744501068 0.95469605962905490504
0.48132392819865160716 0.67595628377506911111
0.48172838966425640672 0.88219677938101215275
0.48241102668573931922 0.19822992507065420598
0.48318203711000040634 0.67641119314267861284
0.48318237435554017845 0.18186748585808179546
0.48361279343327612246 0.01782098303771617945
0.48375308494653762592 0.63708371891090775918
0.48444540787157291950 0.77855687122216554741
0.48483039327829569043 0.88193015745798231109
0.48508575215836602368 0.33291685992998087951
0.48585712210501219577 0.58149318763562840573
0.48598262332025599086 0.62892915461985399173
0.48679907657933108034 0.23851073569739930647
0.48723161386182017862 0.92652774587260411376
0.48728312741330381819 0.67014466774550918160
0.48736229063660069238 0.89520134242074000941
0.48750384991348078012 0.88630296601651958888
0.48762112808388702323 0.28535122391805090025
0.48805017254277288652 0.83367001463055534494
0.48807482571705579355 0.38189556037870059368
0.48821851986713460381 0.45855426731570542165
0.48938960200950371027 0.66202061790449340251
0.48938976900723102359 0.25884813211531471078
0.48964744102394042180 0.81750851433675508773
0.48998807389975090887 0.94543185922365180485
0.49074782938405459021 0.45208628505113762630
0.49246346362850401679 0.27950528664741769447
0.49250848462501628511 0.44698779678177619212
0.49300560050463759776 0.78998615143396611060
0.49322124888636609263 0.18919252022570079430
0.49366012348929522169 0.06076248095804991783
0.49372735670522088780 0.85652031581132959115
0.49433407762214198744 0.98970799486488680863
0.49470669865302308033 0.76760353373832435064
0.49505393652102841484 0.33502915159424700997
0.49515863933221770932 0.33402182813749298207
0.49553635468690432342 0.65870552896027978473
0.49613237789863540161 0.93893418116068649848
0.49640462243404120946 0.44245038528737068440
0.49732919855695251199 0.83877495254018219484
0.49737979114707081552 0.25760940687130562399
0.49760923357688940927 0.40873831889798167838
0.49793278428947718162 0.86830260316661822539
0.49805466977047829769 0.32873140998242000865
0.49904217061282207801 0.18488583931126920112
0.49993602864158431798 0.36959504044554991609
0.50020312178950632198 0.32583998381876272399
0.50078911308081586196 0.78371691157110112691
0.50103550990679679433 0.14738000448087801297
0.50128270949214803753 0.83862719185512912823
0.50158276363370912776 0.00995689001371380389
0.50198238785028914677 0.10464928725271679943
0.50216562215880089504 0.27385529551454967923
0.50306007053924295391 0.31541340778421389501
0.50533666013079170387 0.35908983575622377415
0.50570190741312615046 0.83803307727054765497
0.50575318825378801080 0.69508399118074781775
0.50588132626271575809 0.13032954578987440697
0.50603072459065168154 0.82505511382077834082
0.50615709674487596725 0.12896766829944761312
0.50625082574430413374 0.59829062692057111139
0.50668174355034245604 0.06058613456676841674
0.50689334185373058350 0.27723644142481257413
0.50707455872573325983 0.25354540145486070823
0.50753964306326404543 0.94939372786269160542
0.50761852148654884598 0.27044239896374322463
0.50766644909626723603 0.48211465089447558263
0.51056324722833967833 0.81526874246958280779
0.51079174461498300097 0.74994383042673629092
0.51138957214300950760 0.37889747748014079853
0.51151198775212691761 0.83258282986613341148
0.51188032756360324349 0.91183925363184847868
0.51195114768173144437 0.32897489664523849040
0.51242250169273240168 0.16294407094286508797
0.51261583672551103152 0.09186469378940376185
0.51261770797937888933 0.11754399661482109463
0.51274294651269314294 0.82765353526870533152
0.51328856832143932021 0.37807318801672418207
0.51433642258668277325 0.20514066903404179487
0.51455007366031491056 0.85923758361003066408
0.51525554262995854060 0.02718709505278659941
0.51525955173326654091 0.50213834432639636862
0.51526598726682881768 0.92135467024124972912
0.51527057491857775062 0.26767827723527931605
0.51597114187158510390 0.28475105335298162013
0.51654578720846555662 0.84451563607905544284
0.51691771459083446505 0.18018526531400169688
0.51717066184746796065 0.84266323997664582812
0.51725519935188812859 0.87918133527960584672
0.51763930946301961455 0.06379064807874601506
0.51823906711250344870 0.55376225544500867759
0.51860411799984329484 0.02805301459915432102
0.51881034875740095202 0.67941007264145492073
0.52057136947100923763 0.76590030724260071970
0.52061542465171550820 0.81502432111733880138
0.52063866848558826295 0.81634819201738006988
0.52077492798480462532 0.54923831352840146725
0.52100665218953690072 0.02379040011686139877
0.52148238203230679044 0.56338066014476184673
0.52195695868582758781 0.51226817197503438095
0.52202639015784257914 0.65487997110802120826
0.52250363772260055573 0.44969363277509372123
0.52277992838503439810 0.70296608264554616419
0.52283605518891285158 0.26100419197698210283
0.52318427428351976793 0.80873441389019851133
0.52376139902262086601 0.15315563892995479045
0.52412709382472832953 0.49011839038881988007
0.52414209415533974390 0.80580924748836835203
0.52461234882615137565 0.61455405001703400369
0.52491823995845976469 0.73862688783651919699
0.52600190375244915142 0.87345219212577940304
0.52713634526095187738 0.81465994581358658344
0.52731460597225998654 0.27591600213305472744
0.52763548146468375322 0.47808190393139060603
0.52789916684723880991 0.11267670500955849489
0.52857435369929106628 0.05763111016480326754
0.52900932510320841651 0.04715136201042535724
0.52932603376608955426 0.86459363200472150179
0.52952501546764396689 0.72792495807612089820
0.52982650749015780534 0.51904594968317363524
0.53029554908932419188 0.85900900391696699554
0.53131599200765167179 0.82392328268187109419
0.53318770004131277318 0.93924294727150425821
0.53380298744935694710 0.13131229053211398994
0.53404103242731082446 0.56181254330529950547
0.53416293966902339552 0.55179718934351951187
0.53449293406073838941 0.09016621692895521178
0.53516603156969055899 0.79449644336673774792
0.53553691721761798039 0.85544903400398641935
0.53675333899607080568 0.43947822526471069793
0.53714330770221307976 0.35131616028901857529
0.53741504515332449987 0.45665487743454852287
0.53745107038567785374 0.25900091270551789391
0.53793223412547319651 0.19808078504405049469
0.53849796649495940137 0.11225599858613920234
0.53879724751178525999 0.04021078397307920049
0.53917689140402191850 0.82258793918521844191
0.53921323895643047397 0.12141775345875270575
0.53968862526726024686 0.81417793129607829439
0.54064436831034135000 0.17991159833240999433
0.54079220495268442992 0.14903415189080079784
0.54100511146855911893 0.17636799566488040036
0.54104756388571950687 0.51585095651143197948
0.54220256242506870148 0.84437498457139925634
0.54255576411550499039 0.51293078467097641404
0.54309043314857552431 0.80396220092100212362
0.54328627180337696334 0.58323898389948825027
0.54393796684931561281 0.57167793206495143288
0.54436484198506407406 0.27112461513323338202
0.54455323338342642714 0.27082339105526109790
0.54523977784768795640 0.93917883880881114500
0.54552218164967858360 0.56360563791073525763
0.54560442735339587106 0.76406693797240077259
0.54602225365637457877 0.75787400335133703333
0.54607850028202908899 0.40188082978223998998
0.54638872012915873366 0.40502551614605158958
0.54646927453724969403 0.40330447937771107814
0.54748820049132618237 0.59443890684200095809
0.54799559570179168233 0.29281807468692688801
0.54825223818933621622 0.68317207247894939925
0.54860335912746027720 0.65335394851998362942
0.54894445959563542559 0.14376183007019729954
0.54897549955219926421 0.93124834015991841962
0.54964523979678836518 0.51098564448757632928
0.54994501869167411456 0.63943015546766057700
0.55059280975749758102 0.87110544315948579275
0.55098745717017649781 0.25865430627007368614
0.55109528229140991584 0.79442655459905298088
0.55145411111900066725 0.41698787225491329433
0.55189518326696040962 0.55077955444500337201
0.55211763146936043700 0.25843078996250579138
0.55353152434283203753 0.53174358805374499770
0.55446010298994719001 0.55615995685876562504
0.55463890915928282244 0.17236087168248370727
0.55477539812460308077 0.65317868960569658299
0.55558310568486868330 0.79092933691559574871
0.55569410595918034002 0.12087397387193569986
0.55643335565910045926 0.65309908262993787709
0.55735428995363933691 0.81501281431576022563
0.55754601079369003891 0.23018264126506179923
0.55845259752357090388 0.58479220541989118676
0.55881619022669570818 0.46282673489434028591
0.55921311465977641131 0.49564675694383691917
0.55941297145719692807 0.55355836259386670406
0.55958244447717064851 0.48148933100338558999
0.56004683628471330081 0.47640448612833757869
0.56079578769410209915 0.86728138047274294653
0.56101264244215676147 0.62992538686426513550
0.56221552181929290715 0.91663454651275932950
0.56250654248694964554 0.65292063183886350775
0.56263584941721489496 0.62126059619644480314
0.56367582169675645165 0.21904911822810699262
0.56416302888222180645 0.74017019568738695590
0.56425132460422022795 0.47607572347113208400
0.56456478728817194312 0.11400205246469119480
0.56472828926812590478 0.81160336349070860695
0.56569486822529235770 0.29076632336150720626
0.56587585271399598597 0.21414850270995899884
0.56593878167551392444 0.30382609835171897616
0.56594198852077459705 0.60627047086627017247
0.56615068488444741934 0.13661980049864019815
0.56635049779332224951 0.27616520887856138566
0.56659070118741972077 0.18616871215575489518
0.56797182697236048288 0.15402232509407040584
0.56814578098117629601 0.76909088452441165540
0.56844613347464967301 0.58330704375003994411
0.56855296232902974296 0.76171873478488838494
0.56859168572666285435 0.41240610012596379264
0.56868579498702898078 0.51800749378028687619
0.56879361766566749470 0.92607628582945789031
0.56941243156412202353 0.13130597168799129637
0.56966791873795874501 0.56773608335651737367
0.57203706865149972494 0.91647665381191267819
0.57278432568183712537 0.66985299903308148650
0.57283800319525990385 0.29129492799416567550
0.57428294719481365327 0.44654606657883638698
0.57467141251687370307 0.38861658173251489856
0.57526687689700328754 0.47436712959240401322
0.57560740152716971529 0.66723039020873819993
0.57578042026455655833 0.08460801799871719986
0.57615349471987520324 0.66695575388237815506
0.57636693125635163337 0.55251516530555677686
0.57653665792780217636 0.85020212922665105992
0.57679878802886841438 0.17289783065544200857
0.57695393027087416016 0.12477288168919449529
0.57732428074147512653 0.82217189469721396744
0.57737485050807657583 0.09848108010318146199
0.57738966867986740716 0.91176142354233236098
0.57794559160684610966 0.26950264962083980702
0.57885253557092153365 0.54599158044950280022
0.57888909092886620122 0.21846528776500809266
0.57907214183514410522 0.21355691998713710600
0.57976794264019160252 0.29007134965370751090
0.57992168645989194964 0.49258546488107757266
0.58027107083347884142 0.14935907771736431360
0.58212090392120308113 0.81924010779812206362
0.58303935075730595194 0.91133105872804798242
0.58312904346251437371 0.89408152309255217727
0.58425411716196296030 0.09653894027424070323
0.58449748549418911736 0.88659829482135921186
0.58461145382565926631 0.90219161961555149887
0.58494588639386702056 0.88591325310812996108
0.58501218345102246055 0.34305715147801529863
0.58512037434431385385 0.84472876702704402518
0.58519407262897182864 0.59484071266671989520
0.58653954420591880581 0.32883575057790992435
0.58703028959574821144 0.16502027743235880841
0.58721706482649438374 0.85980596138567555453
0.58769695756512851936 0.55002813156772911718
0.58843252804523549226 0.43538058044397992541
0.58906056583716359665 0.21766000469305579745
0.58997329023206113163 0.09512615493409970480
0.59013002885357146443 0.31079510638130580791
0.59063035054516244138 0.73490421453764431803
0.59121169307718235419 0.67980112359124900134
0.59318423012195531374 0.14760991984970078805
0.59364894049043581692 0.25006978813503022430
0.59431538065749889288 0.43652623048460698074
0.59651306430721739993 0.53856351889497322549
0.59673342264267281720 0.70403041795224430288
0.59680574091262228453 0.11648191096170909531
0.59733965193310090136 0.84772347637959610811
0.59789326155950839325 0.65748428645758938416
0.59852016060167345657 0.59144688322798644187
0.59881578049010131259 0.65534172465706930222
0.59891008854410288098 0.17289470616060931274
0.60017169069327602760 0.68141553195033577328
0.60029684213784761937 0.20165210912706910129
0.60070274849781912785 0.84440101304511772096
0.60089220326942516248 0.49523779361557390688
0.60125833705193798551 0.64655863989906192657
0.60223240509873343651 0.14094136432928919267
0.60295684368860114066 0.13967912982040509018
0.60323216513901312119 0.74841035768119046345
0.60328084366778800263 0.61570505484475968050
0.60365245899140640429 0.57092030634068346995
0.60415137258101270223 0.69357119889725749040
0.60420442625596215702 0.24651008975378499444
0.60529455645540242159 0.46837881155084182261
0.60544962037542604527 0.68964832056961444806
0.60653432376927096659 0.16152265449002178865
0.60654233794487044662 0.67342599073285014377
0.60671025374400178176 0.66631368573169436065
0.60693221050410239847 0.60283935612338956922
0.60750475135613823952 0.65601138240950118696
0.60753506607806884166 0.46472230316383300597
0.60766548959702826327 0.86505655640282197449
0.60783595635566955995 0.45343565244438310824
0.60859041599369867459 0.22160780939340790630
0.60943343706739427912 0.59882479065543836594
0.60961398820556433886 0.41799498950814401033
0.60974729351016454526 0.72589262111180175019
0.61014157761956377968 0.11300736016376160264
0.61197881981032020704 0.21366085557395558814
0.61314379689934350726 0.84081327298013630589
0.61328370570014401064 0.71987400179557536894
0.61424561599386695576 0.11523948027526270677
0.61433863763321394647 0.76591921723166167535
0.61436963225161078661 0.27074603398413710220
0.61540718875291977596 0.41533853125072928147
0.61635025200753601471 0.26686058599848211381
0.61640791757505231097 0.23405088154286390889
0.61703443722821671447 0.20011208575670111354
0.61964490204913180715 0.25486143699431418330
0.61986106130873175335 0.59877292907929102750
0.62035382227482072093 0.17295707320079850566
0.62114094068507963442 0.86265807958958562462
0.62118713356787547131 0.40532500876784172128
0.62124662617909398588 0.25480277324810979289
0.62127697842260165562 0.75604227404096724374
0.62346053255464661813 0.40291300383267880658
0.62371167631918544849 0.20662614401683540577
0.62425669125068039556 0.85739528779244933432
0.62430720232779635115 0.86923669863591557228
0.62447388056536023981 0.83646838772711384902
0.62507250668194425103 0.15225033736726970024
0.62532091190500349587 0.74966721041596651176
0.62534032446533160954 0.25106095879348111488
0.62557697006973511655 0.74366612255702968515
0.62584672805000152174 0.79265950925809836036
0.62644564588054163501 0.37457699789559140147
0.62665038191510658017 0.19030096061511289629
0.62667326957835534085 0.42718007163134591453
0.62689818404948860486 0.73672667570384386959
0.62740598051022355985 0.14168231895532260034
0.62814151037280063772 0.15076220046100560768
0.62814651854519432117 0.41052076801386738758
0.62860403678098042413 0.55606849605505537237
0.62912411014419222788 0.14768308552134709610
0.62943108066938557865 0.35628019680233369293
0.63054530848352130512 0.67613692649723400319
0.63163634196607754134 0.27056821607694708787
0.63180653411090204052 0.86407785063494013666
0.63243671662112010967 0.18708883859719599441
0.63314047070546108920 0.59001385050708787805
0.63464017233898140091 0.33953554999223650723
0.63539930170032210555 0.61726848972604309029
0.63599181005231075758 0.60249110129062977137
0.63630041818728610981 0.52507200923974373108
0.63643154672919111103 0.71013047999200351601
0.63660664359847418670 0.75517794751117384155
0.63664580185906716192 0.79048051792160090034
0.63717538650867910910 0.55596754832731043461
0.63751981464230633723 0.34386887862572151908
0.63813936554057237860 0.51734776129447068715
0.63836615456697498594 0.48660838594173888572
0.63996548451213386421 0.77688656034277270290
0.64032716086646690457 0.79558346156717030251
0.64044221825052038977 0.75484119809794736344
0.64074342595650057852 0.52148958887240093318
0.64201901303124631060 0.79035196883825609149
0.64255540238266584119 0.78231136393082045810
0.64276351035609913254 0.33870411198168548506
0.64287130949075199648 0.63693492456596234597
0.64366868386489806131 0.20915186442745659079
0.64451611373903971991 0.58292033391300379641
0.64463665960621241435 0.53436402537050198269
0.64475948831686102913 0.56891194547938506165
0.64497960471627524548 0.14703337153699710949
0.64500534505606876845 0.53381807629373989599
0.64545997123726461808 0.72928606542652130162
0.64550260083370858410 0.44053064642129519113
0.64725104377077569140 0.81019490516892034293
0.64731802431638851836 0.24346486623144861228
0.64820304627839464562 0.17515750725947279443
0.64837294335964545944 0.19244796589434171041
0.64856250679666560544 0.33018999306978652486
0.64875152720306594745 0.62973914621544901937
0.64878828248157072167 0.65652968220239371622
0.64890224953986741507 0.32848106042294167306
0.64954923340029013801 0.71993444515294913177
0.64958153161950893395 0.65565182841841396222
0.65013340475799841212 0.64794289527706483423
0.65056238875249239317 0.51245722479349997691
0.65228679159016877964 0.55220711487911999793
0.65363987260410527647 0.18971825645892900769
0.65502697760665395954 0.49354229039016972447
0.65532958675884356303 0.51042484186195558049
0.65557242127950809962 0.79355621995717884332
0.65629633599946890499 0.20655940508098138975
0.65649732312359798669 0.76739698482004214952
0.65700374197065414261 0.62156949570736064192
0.65829098393200946582 0.43870829592180432543
0.65870869112219931907 0.17372588251132309312
0.65908089258520841103 0.21609729194386120832
0.66063123438127646647 0.61446878885565547890
0.66086707928406773771 0.21473547121162350759
0.66101954811802021705 0.75043728561742018002
0.66251810985575398938 0.41069661759448961025
0.66328896599304598691 0.78057715663023952146
0.66493229657861641080 0.19345467194694321300
0.66603466412422118736 0.76493041394262839550
0.66633371923427009431 0.67203984328055332842
0.66636541788622771776 0.51994161534024141424
0.66658010981376369930 0.32855712996693647865
0.66959655233911130612 0.18572540489303268618
0.67062767890745444976 0.64892635634282291868
0.67224013491367951012 0.51692365101931614380
0.67443596157839458272 0.76386036913950550176
0.67450620102311209525 0.57132011835658547128
0.67454322341753314429 0.18469723385478781230
0.67541206337315851105 0.37074950749688861951
0.67548281552223843338 0.77828766203449284422
0.67564372269235073443 0.54717835203287279455
0.67623538624669699004 0.81856303754593517930
0.67648178292416827340 0.32553581991173352606
0.67650773296583388561 0.43697045826876168562
0.67707033404970673462 0.51129236835258329297
0.67777235232558286082 0.43526440751493800096
0.67846136132721268641 0.50912080988889452104
0.67943830613094557958 0.50767295718150251549
0.68192201303289767811 0.77558520192610713728
0.68226113798622878281 0.18858545679273719387
0.68270933120525623128 0.75751519952960366666
0.68273589854099159258 0.18632220521516759670
0.68300734011594843587 0.31367912742889658695
0.68349461358067675754 0.50414580889899474059
0.68378141040224926783 0.27905052696848392513
0.68424794969381064202 0.39653323342295809795
0.68436489541421274829 0.59144247899773105814
0.68557717868016776475 0.52815784848654256933
0.68680680520231995878 0.27489530056593541874
0.68722810543806045480 0.56504980546355321191
0.68756024225629652769 0.59844470276818861887
0.68796950021794156527 0.68495861714844852308
0.68819974373402692525 0.34034856723459588901
0.68892603293292553612 0.43262053858964999442
0.68935938024647114286 0.49450459622226672352
0.68936577054826642108 0.57547326473095317123
0.69009673382579228562 0.69314283749513794231
0.69036883089139422509 0.80754921775922805516
0.69046784073117184466 0.55673213488330297594
0.69077051415691126390 0.67499233092181720739
0.69156442426921849176 0.78821486143806096525
0.69216202973620488681 0.25674644746404279294
0.69335060230388967373 0.66288869757962798346
0.69446064207435675986 0.49111929214851551828
0.69502566131935650251 0.75646718337588014780
0.69538301338551389286 0.25061742575599277316
0.69683492587839490628 0.78676927314176081651
0.69939953146953226515 0.32133111272225600707
0.70046843465387109706 0.43778694097236658944
0.70134801336371410674 0.48530323929048668763
0.70159860198206092097 0.38487346257665927540
0.70170804812754894453 0.43707907257201822349
0.70199179635157382684 0.70852408768377317383
0.70349251318354633078 0.67307129809441967883
0.70362171373920834316 0.75640991415837510736
0.70369803860874158286 0.35710492132996318748
0.70394347102671239735 0.51951113242165969375
0.70499902346036324996 0.48107926023150271444
0.70500009882326319932 0.34860705992551360710
0.70637972785986336000 0.75900835137120525875
0.70651237098359298550 0.57288144802301721459
0.70738153823121752151 0.47441598862966188888
0.70837788598534368045 0.78495472418382183921
0.70856074405309199538 0.42120499863517779637
0.70907139513692807320 0.39885132952445567778
0.70958722196691093043 0.27262681214282807884
0.71068823002000858224 0.37554652095583562765
0.71078800716232459767 0.76774909586301098852
0.71134124989467650835 0.27131083071372208426
0.71305725074908399286 0.31730101078835992734
0.71323922288613328391 0.35779355690973280169
0.71333171784377069624 0.34784871282207657783
0.71387363695160765964 0.26144258622437599460
0.71393961858883181471 0.38021048040196148143
0.71405660494054357113 0.39638317292167452033
0.71469458959234621886 0.25988595759659061102
0.71628967237867680051 0.25421448322014950083
0.71775311152542242699 0.61103427878278071539
0.71843981867495709803 0.75327807055185691532
0.71877925124187758144 0.43933888102442031354
0.72151630239467978711 0.51036551986498446265
0.72176022328254219040 0.29390900687499410537
0.72504962238359338400 0.49436365361711998023
0.72543516886349890260 0.38525455300073541132
0.72547226956179267088 0.27999401863682871205
0.72749679573887249262 0.74130398063483282645
0.72925392232696129025 0.72593218131364423140
0.72955755036221436871 0.24776295630449168828
0.72969581568620656142 0.46653460309148708784
0.73006506213024191521 0.31601936443833278378
0.73020412307777293748 0.31299520610944531196
0.73098666777324716737 0.37075032531268681257
0.73142724968455630208 0.60110755739850119106
0.73155852764242135233 0.46379488698231768895
0.73378463748874356298 0.33312821493883459922
0.73531932731558258265 0.29834720910656292725
0.73571342994111499358 0.48027167896739642039
0.73619448137942400390 0.45365780335343741658
0.73709659875165411957 0.37037750326945662049
0.73711279473123636485 0.67150866676961262769
0.73854879827482788901 0.58357304557445421889
0.74129815016801148264 0.52767173008800638545
0.74132552837442100557 0.66788527158132671158
0.74197676619046126767 0.57421589719245524908
0.74346196312698153985 0.70822267516770232021
0.74401035260822878659 0.47500935479594708077
0.74448417544299361204 0.69855726602771861522
0.74475709741939788433 0.72215732405326160670
0.74577749037740947990 0.69812598436029205118
0.74713810020765858422 0.50784992845635745784
0.74784561927807413628 0.66209055090331292437
0.74856393641083174284 0.57987935683306901513
0.75021203067685737764 0.32303505890847838966
0.75143256318934070759 0.71803570785422587974
0.75197029366625101066 0.29515202123375872123
0.75215496650585667027 0.46300055138126339216
0.75225072920930990961 0.34621012351295749054
0.75256394872534337903 0.36905938050711400988
0.75508744653122783497 0.57578256994518084433
0.75531402652638290895 0.45858695905342450327
0.75570021113495144949 0.49162532988406937307
0.75820051020898815430 0.51492151512852979423
0.75837079236702631402 0.65350114882242937853
0.75861083966630582509 0.48745861737975199057
0.75911630835060905920 0.63727051076915142147
0.75920286132345382590 0.26603368148595218923
0.75952584222398411562 0.57388092912147958824
0.75998903290928143672 0.26455932305133367244
0.76070348620804451034 0.28149159886151159382
0.76078652833677995471 0.37784384583603447538
0.76102417785245968229 0.33760977310799011875
0.76115580158610629535 0.29398882683800758864
0.76240614041350962538 0.32579288688142171715
0.76268742135461020659 0.26843740595012222094
0.76503876152226724106 0.62633858385038265748
0.76567034600618477658 0.62297333671967114466
0.76665182466954229223 0.54905920117937989655
0.76689129777963593870 0.68326588911421348715
0.76692474160275081463 0.67161793804715286260
0.76738120463705716823 0.72773868317989853782
0.76743561973524698772 0.32393704222575642193
0.76760692123071516679 0.48525147950809610631
0.76783799424141851997 0.60218231615839490356
0.76836590551049899211 0.66844798190461174325
0.76886213323739471814 0.59118607094228292631
0.76943893156576259607 0.54423785688441750352
0.76946450253635667593 0.55568291778246492463
0.76956035562778224435 0.60619066084296979735
0.77004845902311647166 0.37516421903440727581
0.77106094329038887825 0.48355055199921259668
0.77111560152589930794 0.49240205456974517340
0.77294729593021549441 0.37142686637448357745
0.77545510505275172530 0.71955354036734076040
0.77571767020988668939 0.48205888235333632652
0.77756723502679003790 0.71834119284535113970
0.77894033436111664859 0.56970112283122387176
0.78021484009788344416 0.58558164796520784101
0.78043550886344503770 0.46491941266730568705
0.78056393671188362138 0.70014528353330507393
0.78113240772337344531 0.56958109435657733322
0.78230142127494883830 0.38669345104424701631
0.78289043274551284313 0.50819252205309162207
0.78292003966276635385 0.66702837240794621287
0.78343287806661832118 0.56663676938333695787
0.78406934959758123327 0.49223170597844789764
0.78522336145750848413 0.69020285265669811814
0.78614033795125359827 0.48593536159163497334
0.78628477511464656136 0.48364464322630917881
0.78641448545101921841 0.63705987769778271712
0.78646368003261502011 0.38553814548110670879
0.78678232427050343034 0.55162216050865675587
0.78733817844778763995 0.30249846484585618533
0.78917945394540645054 0.53363380763368373216
0.78992090096816169886 0.69469501864573379724
0.79146699512656892850 0.51611022754416591152
0.79174045644304258396 0.49821749814543747625
0.79197191258525756474 0.53786411915158849339
0.79201454400855653137 0.68825992880064679191
0.79308912013642740568 0.55653794172411830132
0.79481191863651301510 0.37814701424164898214
0.79497092601837693326 0.49363156414539360872
0.79659594787846998987 0.58448351840442536176
0.79762937637168196403 0.44305572802956050271
0.79811890395199336368 0.63384044010017859261
0.79872105018132566467 0.41626392758366098645
0.79976585649747167217 0.32335326169450218092
0.80202372660433474127 0.52273357280535504010
0.80277452689189809920 0.37309118288216530646
0.80345083698120278726 0.50977893089728132381
0.80449356801216609369 0.50653447264549200657
0.80478427319207712642 0.49159429338884108596
0.80493445115565454007 0.36840733239628747908
0.80580056414878131754 0.68715180022578881136
0.80722429133140172208 0.57214439711803943833
0.80767403204580534570 0.36526487358156928265
0.80795995747102566931 0.53756766584376181051
0.80915739687713639228 0.46178980141175302032
0.80940619719512196806 0.52986144341476271169
0.81135529892921509632 0.40199737715906191937
0.81336762017268204872 0.52955240140986326036
0.81374403856246391165 0.55023814767807710524
0.81587570725057101395 0.66579430365474590037
0.81687259341158346970 0.67600363287306830529
0.81773208680475706345 0.64169910504918292737
0.81779552275390987592 0.52948134172729732772
0.82115364680748892390 0.62997036344756929260
0.82160382898249351147 0.62510700624613702026
0.82240024822421708972 0.34697431662479588654
0.82388143491752707792 0.54119643157211094753
0.82571381351783046387 0.44907759844920480674
0.82638382106470720245 0.44511802242974668475
0.82646546330433190430 0.66451891038997779049
0.82791815294466175601 0.53962004193798407403
0.83122208114062401396 0.53961867278656927560
0.83514201861097159263 0.44073243782106452660
0.83570545072386548391 0.47024428841593218786
0.83659774739315895253 0.46517051992832181284
0.83835123124295096719 0.48093633055219620065
0.83943879886439698446 0.34611475140731801092
0.84070711428031952295 0.65482751678692752151
0.84098459118447366212 0.43894560996481679638
0.84140069436000863856 0.65425821321168087241
0.84143269323246516755 0.41384403612683401397
0.84147110949329617657 0.43439525812760221291
0.84187460285506487967 0.38420577937190508733
0.84247919578145191721 0.40175788118243721536
0.84390193956275771914 0.61717982546239125163
0.84423729238470390790 0.61572756236150794074
0.84489145526625020199 0.61008049444709377962
0.84605790586490248195 0.43063091552296728359
0.84698387705051625396 0.42849031340436932735
0.84709424520238563172 0.60315253141801727921
0.84727279931861732010 0.45438645369905572569
0.84814956420612652721 0.39616293969295968136
0.84828076914984829049 0.52771769102311860689
0.85017005043416249421 0.36612637666631059341
0.85037727838832311011 0.48007828046176082015
0.85102908433322832504 0.62081914688147121772
0.85439359312173801531 0.42809233717930672558
0.85444335230378465340 0.63169394727313077365
0.85521687441014582198 0.47895645472336517701
0.85636583648256781043 0.39214967196342087608
0.85913442254978200641 0.36041406142583837235
0.86006737480049189060 0.50375877159109738734
0.86185640625689408090 0.38493676482928751437
0.86329200863085153728 0.38440429705438838859
0.86362352459658464632 0.49817623745073108532
0.86364435772160141891 0.56440357472243929404
0.86589335630252706189 0.56268495418121278195
0.86711056204207725973 0.62347922530214849868
0.86734660641815741755 0.61697572824953694770
0.86765654921129542476 0.41529042629361251349
0.86869171137224987511 0.60927229044202424468
0.87008019317189633224 0.60016071929166014964
0.87334984678267302272 0.40157455535150310411
0.87372953992315394167 0.58546557373941876534
0.87467937838022091768 0.43600794106366558278
0.87661682786566519354 0.54225054013542306475
0.87697273349489301975 0.58430460263122618869
0.87720885038521156929 0.38434637015902212154
0.87791614481998958563 0.55470182374526055824
0.87842119241703986443 0.49091521909755297948
0.87987167923756126608 0.38443989447152282501
0.88045123346553888499 0.44911098720697362197
0.88158026727715410598 0.61650018447289878232
0.88337619147288337640 0.54139173856159505949
0.88483097793831999578 0.43328171749455257622
0.88783979340980745398 0.61122158472269627616
0.88921760216597478532 0.53636944066670344533
0.88981559485528927134 0.59501316361272449385
0.89084810844148387687 0.58672561679048662597
0.89310185915515960531 0.55344300429701631661
0.89569314061050031572 0.55329035178990249033
0.89691663260855936102 0.52651090987442894509
0.89750359803884982579 0.59487499299203394632
0.89955908021616104442 0.58629987396441640701
0.89965272307722221612 0.40100798798882791862
0.90125485316941322811 0.45850210417519132733
0.90260331440700714012 0.41141124011330548749
0.90376573794647785398 0.55302813631104774661
0.90444725595480734981 0.56574131091735702093
0.90599002338591105854 0.50551806537212784498
0.90845120035157944649 0.58327680376144175334
0.91294083404493275857 0.48774606537535170059
0.91333863653425106932 0.44263147132209901269
0.91461198563743961731 0.49854015013013391888
0.91579963686093512898 0.41955852085729339329
0.91766206112494108638 0.48506914083986452102
0.91983820301166707711 0.47986833446752097387
0.92045833742526561583 0.54616329766627613740
0.92125132521999042456 0.49009691830940260715
0.92166774391707384506 0.44517408699989841070
0.93689002338816518289 0.46152935376937881395
0.94058404313531607244 0.52889159748899994273
0.94218060400773451235 0.55005493416654205330
0.94668030581215945052 0.45841363000296420083
0.94672568147082658552 0.54823573444827289336
0.94943478057011565507 0.54558576230744337821
0.95515768943098944277 0.45546899618507352692
0.96395268011664880792 0.52124225396742762673
0.96612741439468241555 0.51796322194562538499
0.96706950590094442610 0.47191480148667447336
0.97228976358436425276 0.51034433416379521020
