0.03940364865448597875 0.52605279936426097009
0.06475785264098032901 0.53905829614885858447
0.06763944881288197486 0.50966925488709491354
0.07293596718128392276 0.54205743327548050470
0.09465837142354827094 0.46967648433121050866
0.12600927710761120060 0.45557814667136597997
0.13276412896951919618 0.46951655118763069297
0.13878343182908869924 0.44702245973107268551
0.14509363364569061172 0.62794867661028919148
0.15359707812177109121 0.61831430262523601193
0.15627219714812620732 0.44146679792637977258
0.15898726271723229164 0.59682527870335466691
0.16015834445670959485 0.46578245642605398125
0.17259830003127341058 0.60375207725680146709
0.17451828417301198937 0.42179580942800709575
0.17899621405210919267 0.44380625897995101825
0.17900006728343600959 0.67056817638199817111
0.18291431304460140095 0.66984286788458580197
0.18486998965573508968 0.36115457869751482756
0.19660015810737940800 0.56171223712997975230
0.19801035114585111008 0.53721239402731646440
0.20199965420956189632 0.52067747790048213297
0.20589270923839630978 0.68685777680362702924
0.20751932304506529037 0.48849858392956607700
0.21589688019698960453 0.48417756343660789398
0.22538853602442099344 0.41812280596879231043
0.22876110452745859747 0.39555221919907090911
0.23295713236294590676 0.56113484129331014927
0.23402976882402970471 0.72765611280320163790
0.24323060624169778876 0.71373807638808250964
0.24455886762886530628 0.71392906450466997459
0.24594319812363948929 0.66316246028972147819
0.24721587810057771284 0.31793366624247387797
0.24923566144977629677 0.52012045960755159957
0.25312995219785178191 0.30799690389652750744
0.25636099903717901594 0.65257878630103505202
0.26132927159007618423 0.55304575190376370486
0.26163306301240707441 0.41550903965455310285
0.27399731270754779100 0.39851528525012758220
0.27524340695912258292 0.51392375373448306863
0.28217355169286717498 0.70921983449854519854
0.28710580960184362009 0.51295249898180483861
0.28823198788354481570 0.76361352445388175347
0.29143676370184362634 0.69243338852701907804
0.29150796352237007270 0.54915276540198132427
0.29205537412240589745 0.76394469944117815441
0.29659362158720070646 0.52757910824256293303
0.30016203996345447447 0.72404708492151004240
0.30040050323784051045 0.75102274606675756274
0.31165932554990749548 0.67249095747428910830
0.31391044976865589700 0.58356893239923068872
0.31450408812014640780 0.28529658718070721735
0.31488443307665447968 0.55173599532744621587
0.31782647936566732483 0.65327900844012465331
0.31829164914388852203 0.46067097441729421003
0.32017177851523370702 0.28195938927545521890
0.32110480441896621651 0.52506815812648999220
0.32214392527031482372 0.80131596849894881629
0.32471446382048807511 0.44532342425246368434
0.32505008946725510999 0.79430377139694441357
0.33055806305802787337 0.62650316549287421442
0.33416324726782442589 0.69858990314946678435
0.33466998177846452034 0.83337018966746434501
0.33707123487171047893 0.60304920570088105247
0.33800762041078641351 0.83125036365132665139
0.33863091397955558115 0.55849225324041551488
0.34076574596775949244 0.79110145086590311081
0.34111319869269418614 0.37501240086212411784
0.34130828265435031454 0.54590401196079541002
0.34450532891176077754 0.64205495578083526809
0.34700580068363140462 0.54135042959807100349
0.34969006102455851837 0.36317420511452741527
0.35269142607149467361 0.85235195222501869416
0.35357939654057241041 0.33304798162031917785
0.35638567165398171710 0.26941864815080229789
0.35738522333099631556 0.47012758330242837568
0.35781561710126280618 0.50315691425531972047
0.35808910278345207345 0.26852988512276199096
0.35835165450718520219 0.45566837267465670758
0.35958010713760102384 0.45560577636952187541
0.35960117685541120869 0.73941358510542709581
0.36059221366338350956 0.68627122451906641398
0.36103253074987101678 0.52954477123136756145
0.36218069036177180653 0.31109027363224200924
0.36564281262945358408 0.26819627200066681327
0.36654531607391327430 0.37825512164715768826
0.36757758192078587856 0.52116842105109995043
0.36769908129703637867 0.66884568018674572798
0.36843036672627482719 0.50304660324974304064
0.36942534644934521548 0.26297471619298912193
0.37024121281526001237 0.35485608624914671827
0.37209045493206638344 0.51802249805821165562
0.37276342729952477439 0.49286533678311711393
0.37346626292322948615 0.51418120422060942243
0.37406642437905140985 0.44561106436256370245
0.37508733692213280797 0.35326950936743428677
0.37523733325779828895 0.23750591805576060089
0.37585786087716899218 0.21870694022010220281
0.37599271388521049442 0.20673614455902508680
0.37612320802525028851 0.45104771276091659704
0.37627780411410982619 0.81754769045189001897
0.37738878868721198456 0.43023517625281781918
0.38122864860789440478 0.88062989440706440636
0.38148268313116112660 0.14967219454320829231
0.38162173056454051778 0.50518487416586022043
0.38209245289497478781 0.66049746774493889312
0.38453597736737410440 0.76794688702724933638
0.38583399469049678432 0.40790034525662721698
0.38630351303772347826 0.86595635864862985365
0.38718421216668297280 0.86664583412930273898
0.39280640294481650177 0.85448047210608579771
0.39345043241148147661 0.39985820324947102256
0.39695567660083891370 0.89434369106041211595
0.40375254468198762403 0.25669500531617167605
0.40543589736268248469 0.35105513718837372261
0.40601371293401111728 0.43376697580736922610
0.40717445677651747937 0.49373884493538189311
0.40742137679989481880 0.41846231967761382542
0.41229410990427151074 0.49189114358744612243
0.41238262108278289642 0.89756219474636467215
0.41299601445855060877 0.23574610935219231234
0.41446326292304247474 0.85969603126768556756
0.41672789928823317229 0.68441331922807135957
0.41741514865541001766 0.78036929142237010382
0.41798005862359527418 0.83394738351928521247
0.41978014209011788038 0.39694743301410517766
0.41993185252062442681 0.76337103939808270692
0.42194470020205387950 0.70362008393306141318
0.42201685505081110161 0.65370223839029517610
0.42403290949423827483 0.14546107231904509272
0.42560037713653431357 0.11030341317173379678
0.42739654396346177245 0.61215047758980178916
0.42891657711951408638 0.20192021826684380947
0.43026881595942717551 0.91626208979368273244
0.43079848864666159258 0.19971993066569759812
0.43194051642924857770 0.69757578074853987538
0.43218964677610238745 0.39272647828602968989
0.43374302493725658270 0.27128816419480911160
0.43491085173250337848 0.25075959071934261768
0.43522571679202970429 0.69261816736085835000
0.43536154189038722695 0.36553724057610759157
0.43763515713886280700 0.81596658674454947136
0.43931735933830429186 0.62701786189469632671
0.43987945343975931589 0.93054367981805929944
0.44002191378149380085 0.89621970545961870958
0.44069737286186122516 0.93520729072196806531
0.44619850049167408823 0.91011953534141953881
0.44738529637848412079 0.76789675516485444984
0.44860194170329698027 0.59436204123701996682
0.44879727209445630098 0.17511133699312630974
0.44900348164470021972 0.10981858344213900336
0.44941558861973751604 0.89185890332383044310
0.45092103559925111878 0.76629594709377235606
0.45304904171812199198 0.66874432681682594026
0.45664024893531829363 0.17201127930785400921
0.45891500184421962771 0.07612230011470300095
0.45943454118348808768 0.89772448733017051747
0.45962522018696871928 0.87220134894337231213
0.46021109989323960576 0.33321175146383541499
0.46751413526433860390 0.23584723121732881213
0.46903756138436897283 0.80284377124266836923
0.47145598688746559457 0.91006586255534038798
0.47149416754501982663 0.64480311360015218902
0.47493382847542942038 0.58892978219434877207
0.47494769154598448502 0.75897240402775645318
0.47512548162803647234 0.92331456687937385475
0.47788944187909221384 0.79295388431436242271
0.47824716396978339539 0.58646960306150197617
0.47926577415003152050 0.56309325196511406109
0.47961236041467281144 0.84698657198803184443
0.48358404178888547698 0.63644045608064636621
0.48466061364450169213 0.91251391344899457359
0.48590790874827760604 0.45508246614392611207
0.48606364273068181081 0.37502621839868621745
0.48794451999113958029 0.88303591811893766828
0.48809793481023822093 0.70689655173636767316
0.48829890360389549553 0.89457929136346736598
0.48988417738039352622 0.73990013184454994644
0.49155920835432331817 0.76554264504714353290
0.49213230321651368904 0.44676335321235882692
0.49549959682351518708 0.81907351390976201877
0.49932823485755711834 0.50766925286323905109
0.50024666932277905840 0.49823969219622471494
0.50081618675543482233 0.69058714389364339592
0.50125369035804523410 0.69452154405896082690
0.50148216137297385586 0.67755805819120540345
0.50275671016304701588 0.92918177006737356916
0.50314443685297460807 0.04279249773625581899
0.50542375739361444786 0.78263913324876421829
0.50554255752558840964 0.77694643116369221936
0.50592318916526990424 0.68233561196723502285
0.50603790513882473956 0.01985916897576434081
0.51054785983177075614 0.89832443047394239244
0.51223390761072007393 0.60673504372521203099
0.51287114451034332419 0.76106044167340425322
0.51407762902788578518 0.49293622858269647846
0.51479802097971494312 0.01577776963431943083
0.51494927739735685268 0.19800592605240760480
0.51573559480862474214 0.55457018120034995423
0.51579815712826604379 0.23078319952844950080
0.52033162882116446024 0.42484224224897249034
0.52179839586398113482 0.90850615899069242509
0.52355840793401164923 0.88384395451837460822
0.52373399744666548905 0.18550158611638831174
0.52561157414536141541 0.54321999895976103012
0.52622249917018915077 0.54075955538427378233
0.52929681283452156837 0.63974852321979081005
0.52948282275769864569 0.53425887646596059710
0.52950166982078905598 0.51732920809842108945
0.52968962745555592253 0.74781815003229856753
0.53269943270880337760 0.06592511244385146352
0.53277211718166628263 0.87935218137969350938
0.53349224409085027609 0.89419326365311158078
0.53473725192355436864 0.33257626983364529938
0.53589387152075962373 0.44213986944881727981
0.53604401496776010738 0.36018825137494769884
0.53990057473361030560 0.88537237681133929001
0.54134815995128926502 0.63564465994065488808
0.54476405875456668237 0.17791942799414051102
0.54814468010116712549 0.19668130287367391329
0.54987583280810947706 0.18003881853364250842
0.54992588342233139631 0.15444358450455109022
0.55071499572408644241 0.76559469189714568493
0.55208547503033000847 0.06315956048360737984
0.55289921332644109686 0.63092657369917337640
0.55413580176642807107 0.87114809247827584837
0.55487776028441671006 0.13611618864330998768
0.55502024849557518582 0.17363302012526229956
0.55518295087853708480 0.61017519588518465135
0.55686955453150110973 0.52097476211041349181
0.55692172653924820747 0.13478072966088561202
0.55828897204604921445 0.06195109397872299722
0.55954254147539228548 0.89495747554142257574
0.56259652215741606796 0.89047149665696201382
0.56539204737189574512 0.56297236741791956138
0.56656878904464191837 0.51367284667831680789
0.56702376552699718104 0.16849856987566710909
0.56766410561773072985 0.75669470712860464889
0.56914995038755356038 0.51581325085298324051
0.57027352892664517903 0.38687672575873732761
0.57038300737241209859 0.84909009674161550763
0.57060235936504943854 0.73347294375596405747
0.57228946853433737552 0.72620405463448500782
0.57319389547339050228 0.14826293011256769239
0.57352769989475116397 0.88177698182311403663
0.57664723476639645483 0.22893042671671540167
0.57821519984971292416 0.86973067878610488268
0.57913523658078691625 0.84592229429324472534
0.57949087857080916475 0.88200414904539425898
0.58012501189246157285 0.85341144669963642233
0.58238249900926619684 0.48182157833035210714
0.58560577273994018910 0.85611049896430080342
0.58573939896242310787 0.47786394391417458261
0.58578549762615972352 0.60729373460405866592
0.58624509151567660847 0.49269773579467901481
0.59076455100714819757 0.83405048934431180729
0.59081821999519956723 0.67035196140826602829
0.59192390005123507457 0.83872483351388715800
0.59343167254220241524 0.79914916972982663612
0.59378050051330710790 0.38559928643073371202
0.59464705134220907645 0.67988285386979763203
0.59523552604300822289 0.57733040478081631974
0.59554136194328555209 0.61394706473766647026
0.60003010157627478804 0.76825058070432916679
0.60173807759515285376 0.83672532295349399956
0.60475189334312573486 0.38096595683748518679
0.60656246642848699047 0.75455292671571694285
0.60689424369933997472 0.76005536954459662624
0.60696698005401794607 0.16593371144586599453
0.60719654677843060142 0.85142121965984207677
0.61148603499856490906 0.36843475446068008061
0.61383446281403530875 0.84791797519527245530
0.61581333985895769789 0.24865837034492879742
0.61676555992939841033 0.22680812524279789222
0.61733796618632208464 0.45959333413294112258
0.61767229061334494311 0.74957328644564114040
0.61796434523800569671 0.74291061704089622619
0.61804777291807722062 0.84579053234253909199
0.61836181978300075457 0.44937054612664628639
0.61841851957948668073 0.20521921715438110057
0.62130581545863883264 0.80123331444735357287
0.62151100911485068767 0.74509223459078566254
0.62264720602378575975 0.19446103622977020664
0.62448280601726580130 0.41548622633487342082
0.62464887535487334524 0.31226086899615418391
0.62634328808497929941 0.13595841228690289104
0.63179262778969802472 0.56164926287208938316
0.63450626690215750081 0.28983523540719491329
0.63869127270175773958 0.73779781831033952599
0.64306425558754054528 0.28486996227561317552
0.64638365520561835709 0.54111339770970234841
0.64650775107263147579 0.74092797702854862330
0.64663638499967357465 0.72925531952007427439
0.64707689190338257834 0.47547782478043409959
0.64805808499911821130 0.27481479657406482353
0.64825012341554999473 0.31765601729132481035
0.65075789358633195913 0.75045091383241213645
0.65132848067557913563 0.27272353881730831970
0.65153115746054557356 0.81219370494199971677
0.65284543075501033638 0.17023166419429300311
0.65630672295250569448 0.72746432171898045560
0.65759785117188929160 0.38364476125584728861
0.65984306768620981654 0.72620291810155412904
0.66210451059718866684 0.70591305330614473323
0.66249185379455044487 0.29117103889446860343
0.66402616072521258861 0.53606460222223395462
0.67925224855760224507 0.70154520508380524557
0.68024047594771885894 0.34457112570895148673
0.68340082119594913745 0.38075869698425257592
0.68417627392349023019 0.26307907860625767693
0.69149591388509246137 0.71990073496222228844
0.69699848620054682957 0.50685859759364859656
0.69720844502893553063 0.69568114809434822288
0.70011881794388719502 0.37055002415376342428
0.70018846777349841304 0.31506919342055211830
0.70032834473971161682 0.29573059188497818894
0.70102472549573313643 0.49283129176724632670
0.70138727815855150816 0.27858130489355270587
0.70174473281353166865 0.70121389109872989120
0.70381576813962831718 0.33721552715574287795
0.70396360004974889435 0.44085241177327139095
0.70882868495099748962 0.67589242100187674200
0.71243322384098539679 0.41862686343543048517
0.71323813096723664984 0.67073680279123504278
0.71351139312504152645 0.57005029129482842620
0.71500276540055840435 0.64368972630157306192
0.71779364620414387588 0.57566925782919231569
0.71789349276596714500 0.26009526554492140571
0.71941651142527285323 0.23264016002747220369
0.71970055809836619432 0.74935187874774766836
0.72309051538564939055 0.22322788226310230630
0.72602317125400783748 0.67025653291619624596
0.72721391963869108643 0.71653058373986855401
0.72909595436589957895 0.62457849064291304231
0.73193140439218018489 0.68429062432229725843
0.73285327100793229427 0.39148182950674259573
0.73660714370788371586 0.24925775674349709421
0.73696761506823948995 0.35840865093042179046
0.73962557394868910787 0.66068139856692120748
0.74009444728879247855 0.24395725589526670585
0.74063729922046650511 0.34829241470906951994
0.74077484444013541598 0.38910515287632602144
0.74209485275106046309 0.67822861580405502391
0.74233270537289708368 0.33866430073765418918
0.74526577134464377927 0.65493164284374971729
0.75351306064178469324 0.38454138290634248820
0.75386865377134737454 0.63561344180495527034
0.75692879867407536487 0.56098611085451344227
0.76073193566060404169 0.28951134781882481573
0.76088026897780347557 0.58655109243720537915
0.76112279333781029944 0.54041276613659527950
0.76244676924015286623 0.61726813838225558229
0.76309678975382522204 0.60704787856237274468
0.76513532646928517078 0.55740384699352618636
0.76538603443600272680 0.48435186156813431202
0.76559626491435284201 0.57427203576246754757
0.77024327969052563958 0.62824682334769810232
0.77235872315382747555 0.30262288971961731621
0.77386937309891179471 0.54212522697354392776
0.77648709344673716437 0.48340600092472330029
0.77679888531103957749 0.31148265821366621919
0.78242606655436186536 0.37636385590877358132
0.78384334203999317392 0.65103391340876626270
0.78622948790730118329 0.65777402502763337999
0.78817989540252342273 0.62503228591332038455
0.79155781578624340167 0.63356605366903506749
0.79228764697887832380 0.42161780423443079302
0.79595855673373172579 0.55560819044168374692
0.79639420422377271702 0.61392608860604624965
0.79723964762013854735 0.53904216140128768942
0.79952707528636868251 0.47155310521772597632
0.80214856300199766093 0.60041058686866599636
0.80361886214094724323 0.49338581887894167322
0.80423444781692965400 0.47739103418860029393
0.80692863333408149096 0.41399318329764450697
0.80878806721034657290 0.38376415281376202726
0.80985942699144886081 0.42711948228679652573
0.81157168898762277465 0.59139532017449281120
0.81210148754979494257 0.59407803695339500560
0.81584517396712163961 0.65011192391653094269
0.81854912278977776108 0.62224262613483760642
0.81991259731983534564 0.48336497600789857243
0.82203324133114963335 0.52797458030720678668
0.82518299603428979516 0.58282259453916307468
0.82537424805008974271 0.56045221597315342255
0.82664755969473302510 0.37198699389791262115
0.83442680459915663516 0.34725593590894388019
0.84066228599045889069 0.35309441524801632450
0.84132840296459643348 0.36088079960354052522
0.84272043330861112764 0.44372040014703900690
0.84407061955630147132 0.48534621496112462236
0.84992578399904050723 0.45460919847295760965
0.85529690294467974887 0.61905165418598329108
0.86215496832866578281 0.42136788780319461845
0.86257782896463186528 0.39098137341013361468
0.86370109376684089941 0.46905048232592688739
0.86502931638325830654 0.46850134611050020528
0.86730781648298016506 0.61841251143433006998
0.86798612314109102606 0.37807257792093951210
0.87002311624967065828 0.60707495042276615749
0.87091798397849584656 0.52456674489393806393
0.87337110670122219958 0.60497670238887180094
0.87735528381294258793 0.42225578627320842218
0.87919514026359646408 0.52447442078148964750
0.88629541462489114245 0.57773763382337506300
0.88708355442446951145 0.50003983049756373092
0.89194430827673798490 0.46770150846841501702
0.89378366281908361302 0.49761795123967189625
0.89887400387268689972 0.42106951459059177578
0.91133332095854047150 0.52671324630097937636
0.91240396779209664846 0.50747636347634406118
0.92280706819448155009 0.50458607696924107078
0.93492047028314351209 0.45484746541685638910
0.94069849116456538685 0.45201677182342481220
0.94316426581422485587 0.45241983835212462584
0.94590894071844378033 0.49912654579743470640
