0.00903632257037345621 0.50707923356706596785
0.01505908045171944036 0.50147191565107485101
0.02005935367379363052 0.49767647002869358497
0.02444355409668519039 0.51834235675334916493
0.02852936189601628855 0.49191157514460842615
0.02897760246050951061 0.52186128980686008472
0.03033377028236761141 0.49088959828267758612
0.03336860845008816218 0.49214904470084447352
0.03653338131976491265 0.50714231652687113971
0.03934118706061873194 0.47570947649935602097
0.03945590224661044143 0.46442794200179438047
0.04027979177905050001 0.53584490298755771409
0.04510655434376364958 0.53183314274271331623
0.04801394579090156878 0.54699602391465962370
0.05207700286299143944 0.45042235136236857818
0.05295838825072596290 0.45026723112385091952
0.06766275521889175693 0.44601314228675481566
0.07051987551457450376 0.52887029946312202888
0.07176737830455648393 0.55874432362293058318
0.07298816139716535201 0.52883300202180649752
0.07528790098848481271 0.48533419057791071793
0.07725633148103705494 0.54815511495718960422
0.07771409530482376038 0.47939186033169628454
0.07972065761285063168 0.46969241592568661270
0.08475006220123082468 0.49202265110138382331
0.09000896856222495579 0.45791920897405180568
0.09042500126695707241 0.52536886120099812736
0.09341141862302693166 0.54536165856134710683
0.09534485986610918840 0.43988125763230367937
0.09645257265952211778 0.58088346942955870755
0.10120376287786629621 0.48379421459219451584
0.10169014889769459331 0.52720028962903398018
0.10263065692892869851 0.57947317095329875514
0.10468363457536289385 0.46235353279391122605
0.10576482145018860359 0.51947191091802480400
0.10680218388732590218 0.59774843152659817846
0.10691333510117839722 0.56680861868252419011
0.10912259228274419354 0.54690767551506558330
0.11119863455380299411 0.43524537909084998200
0.11284462766061309491 0.42696230693283698798
0.11757282167172579401 0.41652354823174331244
0.11856068891217229344 0.61729304060077139216
0.11921514672142269342 0.41546078973619449126
0.12325650577644579886 0.49567830091560577399
0.12414691317805330584 0.50088105288782913682
0.12427865958841100014 0.49247936047992807440
0.13179642042161829329 0.61313458707517687341
0.13244919586427070235 0.57133294473475693120
0.13313884648209620143 0.39383360828205959958
0.13499735408704580109 0.39504604921205971335
0.13624061459624051129 0.45383937732916090901
0.13661462012565470103 0.49476621878392712528
0.13830930891836448748 0.47812305163154811272
0.13974213343455699210 0.54676734898090106896
0.14028740295040881270 0.38812495757599657642
0.14216617792350180749 0.36799494553120437601
0.14315813831907309162 0.35763875018990531895
0.14381721911774950073 0.61207889860649034031
0.14537030215455651327 0.60326225812821954175
0.14572971514695179374 0.58407458819697199992
0.14826004512266180435 0.46994779846487977348
0.14832150802489590946 0.48656916454577192610
0.15133190465278800740 0.53118610297026214173
0.15350290141725639326 0.44564625085348197331
0.15363467110711440111 0.52609835595873466474
0.15413084807939350651 0.48577615370582849508
0.15636200862784599419 0.35693160039051452515
0.15666223550659930108 0.52570206783756390223
0.16109134380109979556 0.57434002243583048841
0.16226615081635040183 0.56655140919226376628
0.16278131189299860360 0.56230994843607828848
0.16302507847262148744 0.51424846273717472744
0.16386056068261151131 0.42627676877675740874
0.16398716293600099081 0.42561942567026961326
0.16477965451164411359 0.59818819953356605623
0.16609456243247860963 0.66231791013157870207
0.16644846519358849624 0.38874584600753658847
0.16755205524603208889 0.45914628518366529253
0.16790442254630941199 0.50534286147023643743
0.16801744021736189638 0.65883706082428850070
0.16942222750127711173 0.59438961666243628201
0.17121534050852640907 0.59392820204406504558
0.17285519816175490271 0.64408579852798830689
0.17338773732619749968 0.34415132417268090581
0.17439023226126559862 0.47294118196144752098
0.17532060992796019705 0.47602193416309207530
0.17544143130480280290 0.51740089303899428064
0.17566983499111799016 0.45764688294132011004
0.17719847031827601347 0.47584076632421429265
0.17842154158267028996 0.60902816560442885052
0.17965777475041411204 0.38587669494033172146
0.18169820667710870343 0.56720731079818620390
0.18240201723483129292 0.47356512629191338526
0.18375738220761259067 0.37388746809702261276
0.18491794130418770514 0.32932796934057850802
0.18543055940190900088 0.60576765213383088060
0.18632483821123568823 0.67905004121489731528
0.18644667257903191349 0.63847287702459443182
0.18652597892278999225 0.31599840602648421317
0.18693679063053850187 0.63731051934735682973
0.18706735399176779855 0.64902827127214779424
0.18748600758360109420 0.45928502693569439597
0.18763723048949310090 0.63673850021157840651
0.18843139466484529199 0.46228297696226638980
0.18875678934751211058 0.42491082239577987467
0.18935155404852740957 0.55408845267450168581
0.19040432071513119228 0.53526606585844072050
0.19089524790002820875 0.64842071829275993444
0.19131249526018148654 0.47995881959126118765
0.19330439256721809738 0.44594188301809389863
0.19477257950590340374 0.47611022175165201853
0.19485884097957908989 0.61634762123503927800
0.19517683062200100186 0.37322165558285430587
0.19539938506064749579 0.51964152587100831404
0.19571512247149819297 0.63917532939973076278
0.19573938927451328684 0.51937656251088215598
0.19692594344852420996 0.45478066607812517308
0.19729605173004569063 0.40703554955820908656
0.19888944968906829835 0.68048687297869636659
0.19943106189395490291 0.31428636440226620508
0.19945845028567590895 0.39514601756224188023
0.20087691206109309361 0.54780116150436752864
0.20312439191557910001 0.60745499068259412034
0.20340611808631681168 0.67659963229249964201
0.20448331282481441162 0.47591834380392489257
0.20563965861346999997 0.33632015811759030655
0.20595331252218640472 0.69296221250891931742
0.20632811004996590154 0.57714864604594739994
0.20660417114930951232 0.46757240654197967933
0.20854426841033599227 0.57123652247948308869
0.20902666559764249143 0.59963700190656787914
0.20943875569014919202 0.62244182289526184260
0.20978067518386889212 0.66954670819566253215
0.21029931548696359500 0.42860616338589457852
0.21044506334361889888 0.38109931238024319367
0.21336973340498499585 0.59600719916347466576
0.21385474763492670625 0.56947575185209864390
0.21525424574591259241 0.33196350824065418150
0.21535049614658768879 0.31109408444122588211
0.21556493359537329257 0.45243445762385542386
0.21610582038004400030 0.54684497105694496177
0.21638983416746190858 0.58560114200340063206
0.21648482156911438845 0.56659123420765511447
0.21653171939245741129 0.70973535396606357573
0.21734189185107410935 0.39822479278876671271
0.21742012010071978811 0.42691930421356838465
0.21819091497324719087 0.49038435162142418600
0.21895132988640139682 0.48040833887511197320
0.22035816423102419503 0.36860125916622338282
0.22281513480337000743 0.39640282970249918204
0.22366579027816810288 0.30283328799708358892
0.22402945848546229612 0.54007476758677075424
0.22479715301310779219 0.62398654653960938798
0.22527218177103050523 0.39011681060877390070
0.22591518800280499524 0.70568576379432013113
0.22611785650898619249 0.53395172117715505866
0.22672157368516929199 0.67944169553258859651
0.22902430012217431243 0.50335949272968294466
0.22945993042813481178 0.35646694789271038406
0.22976706090075219024 0.44540977605527909411
0.22985615348045129736 0.37661383987889829328
0.23053169096732700760 0.28353680496245792231
0.23162748635573318645 0.67884233251639247708
0.23166991946405179892 0.70380204686511105283
0.23184755526505118617 0.57865810166582110075
0.23192356429705299203 0.28022680724172671640
0.23242570227682379791 0.53491903652390893065
0.23256661785897708716 0.27717198113321478425
0.23386805318429018663 0.61050027139464024817
0.23465696641715669268 0.70372012121635485471
0.23530829492898930333 0.33691057839262839035
0.23662666403264470683 0.27637784640281037873
0.23689058372026308708 0.73147239179463630077
0.23966800353384398736 0.67058863901165477461
0.24076067119785429793 0.64686691334645152196
0.24131325501271819189 0.60651525013288098975
0.24356908141439789772 0.63734487564014408179
0.24456182877669049858 0.42633492713326021084
0.24486657190606231360 0.53240184228310283299
0.24514639820244341073 0.27312101699534641064
0.24532383280652200752 0.26616660017043991537
0.24587736729381740042 0.63718434072250984546
0.24729574864988190797 0.32369382479777430994
0.24769355704406539886 0.63657432499885802102
0.24834347346110891008 0.49046582248695097528
0.25096485281262020939 0.30055169297764527947
0.25189601980055020825 0.74847658388800353269
0.25201012099045089210 0.63483689225434991599
0.25221283927414500647 0.29350765368290698820
0.25233380239066061090 0.51820937549986523241
0.25363379557139559273 0.36023918003814009436
0.25470710137192337230 0.48875956106583251515
0.25494712106617151148 0.72500209612182930918
0.25592514121539572391 0.25343249534101791598
0.25593448595548251578 0.71111208296080263835
0.25657839637210561046 0.29117823397457470724
0.25658127276862552346 0.47836046777786711548
0.25662275329402889357 0.75468020760980025763
0.25703850876293532490 0.64047926614172034920
0.25807533238956220645 0.74063804331502147704
0.25895517602068401919 0.60345201540805326612
0.26053445043236017620 0.46851128080880422022
0.26138098864503761520 0.50519286431116605662
0.26207024752098501130 0.69787329688074484224
0.26251953544671441376 0.75435418099607032261
0.26272389953168812093 0.62480137741494390369
0.26376652768380748348 0.60342129102342578761
0.26405643855436589096 0.66933397203447086987
0.26527197693707749160 0.37475837883317197896
0.26644499137752780671 0.55582064999313185449
0.26812500772692432482 0.63885400091304611614
0.26846112461661147952 0.67203509118614168649
0.26896362267713042060 0.45664715080461160124
0.26939665585377270407 0.72344937138868270488
0.27119064440552897999 0.62727675906089719327
0.27131095077759848078 0.54769553280230631742
0.27209413614100091960 0.32216427669682501378
0.27247133567580522628 0.42810955887092538852
0.27378992849928618369 0.64746973069001301226
0.27406034901791237468 0.51971765056805718785
0.27474795052473399704 0.66483980304300049902
0.27608207891274161305 0.42630201734338218911
0.27631250068982771140 0.29084738709346180663
0.27833157937043251362 0.64248449540254315426
0.27931368914174431461 0.70710108669180082863
0.27984400475771259442 0.63933275829485280983
0.28086249115661648945 0.44228423464613658700
0.28482831423434190610 0.31042464404695091496
0.28591781106144398272 0.50967906944888830001
0.28617605106936572223 0.36382467187221478877
0.28711679003284290568 0.77224041135930432400
0.28858790452300758789 0.70270314334159111880
0.28914068070327658688 0.25320306488387528399
0.28941849915190742681 0.35520091713728141336
0.28989391976589951039 0.22095981987192370166
0.29024439911011568061 0.52083690822482420213
0.29031576235902911698 0.22029461892436261183
0.29310061418824029378 0.44598904603339301067
0.29413059007431391345 0.45600281203269349417
0.29646496849892989278 0.30461027832532788784
0.29797759775453880327 0.50123305960876485265
0.29802947098031840056 0.62109924867425569950
0.29868267530731207327 0.42777082188317250289
0.29893833574751010884 0.21060991246648469444
0.29942911904389779565 0.41622543748226231708
0.30307161889060629800 0.28394538009730041495
0.30372899563630911812 0.61798066571633292199
0.30425111321591341573 0.79696230409388757465
0.30465833878871850793 0.41509541284416778817
0.30541012766579961335 0.51338059457511542316
0.30618120789096647805 0.43213377242748557405
0.30686556745762261222 0.64586381703436113177
0.30928574561000599097 0.63358341758136194066
0.30941856817461521612 0.40390218758776541552
0.30961220348527929147 0.38536265717734291547
0.30983889203026981907 0.77266971371942705371
0.31069337308334371572 0.80940663803547552302
0.31114504428007261350 0.33559767836483200831
0.31149618356203401248 0.76222156728457535202
0.31162361004525679364 0.56219848810615213885
0.31187795722376387975 0.33509312057589440981
0.31237934888966217839 0.55308070808577602939
0.31293451306346981022 0.35676813257009148961
0.31296904899108590747 0.79165593247866139492
0.31486862594002290594 0.62579735955450810359
0.31558678140141377400 0.67815913677940165005
0.31584802619215490704 0.74938458544248454096
0.31607304446252898478 0.67708242770717563808
0.31640629612130399817 0.30253024493363528391
0.31813396130151588848 0.75330179076204650812
0.31888276188580372272 0.62419533763341683574
0.31958964451164850740 0.28342050642493288315
0.32127322032466171242 0.64327121533480546844
0.32268879108833170566 0.20483615271026328619
0.32280530494363579574 0.22116638839341171141
0.32316697648883729865 0.66074215620183085473
0.32333142032336831262 0.36610962963025822647
0.32333685060303229974 0.29840937984501048064
0.32517123884763582398 0.74701779886113239826
0.32576665423467898730 0.43212494906851611765
0.32762913982608182772 0.31035931069126987403
0.32763210894182992483 0.67598930168857795930
0.32806482360822242228 0.27122871305080309412
0.32828551961273100268 0.75060233080529004113
0.32946670158225771496 0.45089442078212788045
0.33217787872825338402 0.36331719490946368101
0.33224226000477868892 0.30071377766790752251
0.33235905298525841856 0.18745529073078950888
0.33255535303772482125 0.23313078453480640118
0.33259779750117640651 0.34580150180597507559
0.33314213716202317750 0.82511526146500235868
0.33372694690331922152 0.73922356274022438249
0.33531338062859661342 0.26535444767344090744
0.33571068363148082181 0.30188785748192409342
0.33620237225543808668 0.45747793999785868468
0.33662998545218891788 0.24938336178000700127
0.33675717584468667365 0.74152082581114520110
0.33723848224548691466 0.50825203405709251658
0.33726727574863180070 0.39033734828731442290
0.33773071425882950081 0.41240809357171287486
0.33775899532028719197 0.72484751362314459033
0.33836829818754077248 0.47076152787436281733
0.33841010411325778140 0.26387589412813761136
0.33846945045183068901 0.40794356132280140681
0.33875086980583590801 0.49152407318092328214
0.33908993888076982559 0.51657401437174343961
0.33918492601818378551 0.18649694275243389185
0.34090165438850522639 0.66967207377023441062
0.34113584700432530994 0.22674382632934758641
0.34176644489490387580 0.73734121312874068011
0.34243911814129268656 0.76714740315773410906
0.34394227046392000791 0.66333903365562330023
0.34490896575831009319 0.62454088586999301214
0.34498298543254007908 0.59683789717352919713
0.34507590970895940519 0.82809424760302552393
0.34519623437764751506 0.82187953849235417803
0.34543633496159892315 0.26131342062363860368
0.34652696836857421747 0.21661311488652548740
0.34949816185709497995 0.72161972135444507614
0.34954579153639381284 0.57437469428542053951
0.35030110172054018669 0.49893785233053050687
0.35053534217839060760 0.81205482862347400097
0.35101923685404651243 0.34234289376860571608
0.35140253984407487930 0.44486176630048868130
0.35199451752005328498 0.73784269831845994414
0.35232456167195258523 0.35679539648941732688
0.35253104536238238920 0.16125527646449289154
0.35317960260886588353 0.33032938887455237653
0.35360349085125497570 0.31892103206144550853
0.35419469640948919587 0.31330355970371992491
0.35467389838657181755 0.80342169998007062492
0.35499019675745357993 0.46980167921168480838
0.35512288060333618844 0.19915023435288339848
0.35548765678019411673 0.46967287325971657230
0.35557703775572990779 0.64968363970961373610
0.35949474053380070515 0.72823097886976950743
0.35966845388662138649 0.48004184045211500953
0.35967563550157088947 0.71631099618699867193
0.36125398470090830383 0.41435775062900859211
0.36181231042897749051 0.60907416898522748205
0.36184288055904312298 0.18068628607204709202
0.36198887917747857301 0.86127967379674352788
0.36232944940677702661 0.15549072151970638744
0.36355253087130917633 0.45631506559288087521
0.36410064286203758233 0.40540363636030429806
0.36462210912053288903 0.79687106553958064747
0.36464120425681878501 0.30273315911119230703
0.36602471306713540988 0.24889294876374548626
0.36602996614039901013 0.47884552994637430423
0.36707622995700212032 0.24083433550790758759
0.36707722689523691884 0.44065449464731670792
0.36755910802140329130 0.32957034846470567580
0.36867763057832492191 0.44275774694822822575
0.37062680276949389047 0.31834424139814998522
0.37070419957105249509 0.38511673419394010232
0.37091590547386227295 0.23373331597094090806
0.37147957553011368148 0.62844565881734293367
0.37256209570860338021 0.72662850429313907696
0.37263720147105849900 0.63919698295215743311
0.37300553474473591153 0.60504423962223252698
0.37507734117834179433 0.60428622987566316116
0.37593985415382702442 0.25239049019362880255
0.37595054870964278448 0.76143132646262046137
0.37605311290525189616 0.62100845612850974486
0.37633609532217138227 0.19203485905614070539
0.37842186273685718412 0.52610927391499739958
0.37874786151325651185 0.47348025170294072428
0.37961082359093789584 0.24911125132095479628
0.38064027633998848144 0.86857944669330477971
0.38076714733498528975 0.84436385827820947814
0.38193009693702079099 0.14120173194504651026
0.38294015481500381926 0.12068941786289709428
0.38329412683444258336 0.20982602022625509997
0.38377046528322739105 0.75402786255882858768
0.38429496987132988339 0.42935545693110938048
0.38454149379691687782 0.73526779013930254614
0.38531324778332720626 0.79781680121680220719
0.38677184608029840929 0.70011694012097180906
0.38690170442871807399 0.44111429346857400358
0.38750442174599708522 0.58449859693936423444
0.38790876276746177886 0.46663536974505670507
0.38818536864277830567 0.15337330912461411003
0.38978571932256189658 0.15219705933563801303
0.39006263075516228733 0.57731969638850899607
0.39053662693746721279 0.52569479876611036051
0.39189723808791410153 0.46203445190400738163
0.39256318739950418761 0.11736220657895320152
0.39278302045972768308 0.73067510924854828236
0.39285021624460680911 0.56251019914085764739
0.39369423702250189168 0.44000375168246691482
0.39374158561765171260 0.24900400098398009496
0.39390457817255009054 0.55962816139319115916
0.39462127754652720490 0.24040593879338770233
0.39556596964885759604 0.14133509942917690805
0.39646375332038280570 0.63519383347362623482
0.39665976796654162095 0.36610300216741037405
0.39700866941995799353 0.88830952540296537201
0.39752316667951298479 0.79719519093149915356
0.39808299679268499549 0.29869541041117142477
0.39829890374342818982 0.74863351541386713439
0.39841412006667648038 0.42606742029161798202
0.39902682919372217674 0.73903699350854901162
0.40020928737906080741 0.67351817505860267499
0.40031537114288212598 0.63381328563888184036
0.40119210942786537322 0.44118878702025271510
0.40124263106124491429 0.27673825271523838643
0.40236247415538961558 0.27518665213450210771
0.40359688911579150172 0.26727391134728567534
0.40380298566823952244 0.38630122963223428867
0.40427148119279310290 0.20723730998106570933
0.40438140829748381311 0.31551887731971139939
0.40462197723825399365 0.26665129416083732661
0.40524202216500748719 0.86488126474160398338
0.40539810003784731984 0.66018708346080778870
0.40683675225532228703 0.86055863901405349470
0.40770590994554617437 0.57635797791670406731
0.40771826571298541708 0.11603070580551790025
0.40782996903885831985 0.57298361153529364653
0.41015883387201601540 0.71368193070058871808
0.41145936209463451760 0.73513761350003659079
0.41194277582443067365 0.40437771051475962514
0.41200128569181199145 0.10720759287538469962
0.41275338147001827682 0.77151308727099288109
0.41278034837932309209 0.57822626411493693865
0.41308055019741440894 0.10086549194164740051
0.41338741482075680445 0.73455052859488434436
0.41494961485546560942 0.35941532151157318253
0.41572684989334940386 0.69517167687593128811
0.41599536742814968715 0.18019722766649479140
0.41621026776247072032 0.43837198680492278635
0.41658584892860667237 0.90741804930533809248
0.41680106203105959928 0.52820121580485857038
0.41684760733123121801 0.25829739842222831925
0.41805528248373591271 0.88232017435306409059
0.41811022625591509616 0.39578864564785110058
0.42190473170788700408 0.34581342390528801989
0.42208423828339597383 0.90051401478530357370
0.42279859481841730595 0.85698733051236342106
0.42337236153264562466 0.48008976442132200724
0.42356561388540081570 0.47250339946933300750
0.42375161748103562509 0.62413177365863614643
0.42395295907984098527 0.46963560281805838414
0.42421180675033437479 0.30706100315898571251
0.42512582575474799906 0.40533994872048367819
0.42530662888570841540 0.51061383173907226585
0.42556416703112831534 0.33059409565855807367
0.42701748209882178786 0.92624724984234518832
0.42711711619898612424 0.11760392568810580649
0.42776085709257127832 0.70836370582884100600
0.42787065939402879611 0.79019684454015570729
0.42859334293326267762 0.16227504136422540859
0.42896462553200020995 0.39523652784304291741
0.43056869771778477629 0.68340198209431257670
0.43076569725840802016 0.46936416476220377270
0.43087432675238007684 0.25442927685750188482
0.43129773027015910758 0.14779555474103550639
0.43286904779112828079 0.40404325630906562372
0.43374167007412900432 0.68137145258631348632
0.43466744283946717742 0.56859155911989589516
0.43493298043689637700 0.82733979145397196220
0.43502306328991940942 0.30846060681608211684
0.43510558921400199761 0.23955400440867480327
0.43616318035462359193 0.20078721851271388865
0.43684127227686908590 0.12019266541254429448
0.43722869748535647672 0.64881825515708591023
0.43733885569618569100 0.84658228000544366587
0.43842839731664351444 0.31770812397061787280
0.43932870698295001244 0.80830865652314976000
0.43950479974289458074 0.09041174824837150403
0.43960708704722989415 0.58786813761491896191
0.44001076409071598894 0.27603011835090068837
0.44017894839427340603 0.19081634401569588788
0.44066365214878389089 0.31770176236850600215
0.44084210382378341553 0.81944252358084646026
0.44089879101534107386 0.09720895226592829452
0.44100774496755512644 0.54234143641574328321
0.44140399247641898262 0.87312029642450195155
0.44257121526314591176 0.08107075368614302668
0.44272573771902251627 0.08378714319860847137
0.44291744593986087652 0.22951495851690109640
0.44363464344627517866 0.51062329588592825225
0.44393878387418839182 0.11693217861609160602
0.44444571588378800620 0.44567171093714402774
0.44480338911608108265 0.33674595344057800528
0.44570480280384927596 0.86719750346524648865
0.44625023680824849048 0.86078544842281867755
0.44631926318065201498 0.40403223481514571880
0.44692683432446361769 0.08351380665433028039
0.44777510205979187408 0.39222292543785930441
0.44811098403896948428 0.81074780872468765747
0.44864361208388831015 0.77152546530345578191
0.44866677686716460727 0.85144364671442773762
0.44882515924443178168 0.44033187800130380030
0.45008951552427778342 0.06699746966653585822
0.45042269666225809299 0.79322927491137373845
0.45047295654310770541 0.58415309158993378169
0.45063710853911598253 0.78703855571623471121
0.45147783875307379020 0.70632933062589731144
0.45162711319141790600 0.18539983460068429344
0.45222948824719261252 0.22569649165297128723
0.45226667187000241244 0.48335946694852149896
0.45266318284320422594 0.58288074480222862306
0.45292418519063959437 0.26307506980876688152
0.45319281354446672161 0.57139988299769628455
0.45381186928893968435 0.82283111804639474940
0.45394135591056811174 0.11194709836225540112
0.45417134327311847741 0.18467465552969800080
0.45488957019783732294 0.78087260216437925919
0.45667710256109061984 0.18330903644909959938
0.45681660617617081410 0.08128990896532362065
0.45724416637943288144 0.39562761555190001372
0.45750846293474012327 0.86286488047387011058
0.45829644450261380895 0.55925249282379052573
0.45842704372978920757 0.94357373640529618175
0.45907259630561830788 0.07521745804690060933
0.45934050869928472194 0.80399433838129830132
0.45960932041533092418 0.26119739942135838939
0.45983971750369911913 0.78742185050900204146
0.45984226994007088019 0.73096227471821551003
0.45993730977125379944 0.16958838742875589900
0.46078252612209918970 0.29270782932430589041
0.46097626961563070713 0.13596522041180150731
0.46111457273680450664 0.55167344163856502082
0.46183255743542028782 0.16664382440956029829
0.46274387354981111331 0.79011986858996030580
0.46284471019463052643 0.82101633916608307562
0.46295067294203828823 0.93242004290026858637
0.46299061959855042359 0.38140211495513881568
0.46313587822014751216 0.06568259960144673393
0.46364385825080411951 0.76446070559108059150
0.46504952158750351154 0.06684708224585478309
0.46547532141443692666 0.55125482784429058469
0.46570948926700628245 0.60643582271364360192
0.46653936581346278079 0.77826307527919991180
0.46677577847372542230 0.52033358587180911226
0.46697541953471810583 0.77791088299485522395
0.46817424062725382372 0.28933645446058020578
0.46930605209879738826 0.72251230729954407650
0.46971765357275441222 0.51961165506911721756
0.47072632280547688222 0.06094564859948792268
0.47167836144331437565 0.02926552831932139123
0.47201265118779911489 0.50800228575956241084
0.47219878099070400346 0.93012912543036152524
0.47247727692511221065 0.44179581140935958450
0.47248372244200070869 0.60572466505342448251
0.47258187950755831119 0.50590167081686476802
0.47459384229301582181 0.81259527099491335456
0.47489678961312919991 0.11035493989933629899
0.47548718267674738858 0.43521354663898131898
0.47575338859810900605 0.36312683639301351901
0.47582485833274512643 0.13365991797002610419
0.47595261877943212392 0.71551022008256603968
0.47610202949529667471 0.23151779039811770655
0.47622877348178377366 0.05211377301808328699
0.47642730690590417986 0.02492925516792432114
0.47665289025533957856 0.36167585045398181753
0.47671075355595338152 0.45585265288385318216
0.47705925247896308061 0.77419807162213671869
0.47810157739998299098 0.65712120002046203737
0.47818946647353688384 0.52886784231275074664
0.47845822396713538760 0.25718068344776168210
0.47854572873079137540 0.59994334814416871993
0.47865430192117280894 0.59337243483062696026
0.47895996091606268807 0.70318429531906079255
0.47900795394986939169 0.83788700306038454979
0.47901577290259267361 0.65497255838966816910
0.47925193885958922158 0.51024628920338233051
0.47944042938664460651 0.14320644235143459300
0.48002292685106262571 0.76937418387368727846
0.48012529505408607644 0.09234083848416652085
0.48042399560402049286 0.75468587662048058906
0.48151218360194147916 0.87859751663562712931
0.48298053961587639193 0.48712025869035019410
0.48339233663821529197 0.95269464178170026880
0.48390603596791559315 0.31508090582914038968
0.48416560681278297817 0.35087295074949648166
0.48440904424329889189 0.82391759293372379691
0.48455922555771291371 0.48443575261875088112
0.48495730904052242183 0.34619321275111969438
0.48625784452390952151 0.50925605813642838005
0.48647495267967810761 0.80451758467693412769
0.48663791869622519126 0.59272538157434373485
0.48685655020496632073 0.88694905036309090729
0.48769905260262358393 0.04963630307874478120
0.48774438355158522551 0.34184630588231351700
0.48817740289111760665 0.43935403044086168700
0.48832812874247161217 0.69387033445141521604
0.48888031522278502239 0.40635918582813052025
0.48892115831280952287 0.63865859860412088622
0.48903178470724978366 0.77575690242476114111
0.48937997287050571948 0.19880146052090150177
0.49008891947944621670 0.63487413322591090825
0.49100689927744167740 0.10423649248396760214
0.49108349877789597704 0.68710447288928022669
0.49142650604340681886 0.78414629231886823213
0.49224388896570231422 0.08973611852699792113
0.49236183806568190047 0.77531256409407955932
0.49239280525771861319 0.58925082625087377153
0.49291658168836077758 0.38425309321834022480
0.49402846602269628873 0.84260836927731030954
0.49403484781522827296 0.67698586177169106648
0.49474792763686548103 0.31036045099502190814
0.49605700993962947853 0.27122977283826621431
0.49645854876679468282 0.48275351903514041041
0.49647741353237800910 0.04843342961897856291
0.49695747755988600725 0.79363298992550102007
0.49720770680125042640 0.02034660244856623112
0.49722800260557631358 0.33917689182761379119
0.49808517075330971391 0.01187830962633817933
0.49815110789249861245 0.04624811992788412790
0.49847861261740111782 0.97063261806841927282
0.49898087958708681189 0.50813828837503460800
0.49901440269338248612 0.91747133652727286268
0.49975407498462248723 0.35312873562433938490
0.50090814299512886887 0.81978736760491421887
0.50125714118046871270 0.66998132048965364227
0.50249468500655924963 0.75828882232682837117
0.50284456077112804628 0.42830231510986471744
0.50291516139974346000 0.49849353914431959733
0.50452203651964178110 0.66933588912170227658
0.50573502648913770674 0.06665283018868262133
0.50598497627004945798 0.39972979418970522314
0.50641176928185582806 0.81775511370679232481
0.50684252487745673488 0.62893706600379173377
0.50692665392716440564 0.66450987956981022453
0.50695284530400386291 0.88941434800933694138
0.50718015150627637766 0.38583196307414119319
0.50877091638029336984 0.66378489504987203684
0.50914456576625266582 0.08960699311396702615
0.50923891915723473733 0.23000555199519048810
0.50991213376301669502 0.15735627025284271152
0.50997205605757911506 0.22091728154022460817
0.51003749823681887587 0.02663344035267567120
0.51012802798778067448 0.47901806736399438202
0.51081182173471539887 0.84711184783730442138
0.51088755334871727154 0.02167937971115129966
0.51092058060429235145 0.64778939048563488612
0.51093761639823209730 0.83206248660834569719
0.51111421844999682662 0.49774931252345472332
0.51160127836865176842 0.58626877417930245429
0.51191255698222914994 0.04191035405776877276
0.51243030104737796737 0.75747838896993813229
0.51350537360743964133 0.41187748561504800016
0.51496719838423454796 0.59646751807357534236
0.51541514693216661236 0.30936017583152952692
0.51577705630464232289 0.15757106696333059159
0.51587836900041539323 0.95067230488578347014
0.51594938488979869007 0.45139736005391928320
0.51597738238448143111 0.88837043228095224912
0.51638306365736608150 0.14090036852370810272
0.51657041136523429437 0.39345225762731350638
0.51658517470979159469 0.56867747966202952803
0.51665369995021548366 0.58560555456223573056
0.51711350114390342014 0.62464783548140268010
0.51730980084058375557 0.15402452541314470835
0.51748776321995970662 0.58053303476140216688
0.51752987693045848783 0.47776393165585018252
0.51814730670618702746 0.03493273956155518167
0.51860649541597492185 0.87867895064060663746
0.52009965877051078653 0.76131504717242648450
0.52061023938018979873 0.13713135299136181011
0.52099082289887932440 0.18036660413581501183
0.52138289195683618082 0.30653644074415170584
0.52144556257561502921 0.30983617526175477597
0.52149641351729303373 0.57228918830022834641
0.52219914765149810787 0.08516026347511052030
0.52260549143767709435 0.86741277298606955792
0.52279584396818556957 0.38266940031304957914
0.52292129779311546933 0.62168146908758536995
0.52296860968008229698 0.13109351464484289562
0.52339257984893439168 0.21265217208827999484
0.52340996107555903816 0.29980819388447732532
0.52377463834739612647 0.29328209553550937949
0.52528767755741312406 0.81963227247320569191
0.52543717980327864225 0.47136511968838429310
0.52665114857649408808 0.12384839275464140651
0.52684900382248245343 0.09577119838265490959
0.52734214815251279074 0.86067375937622991877
0.52777868133637495518 0.46972755581394032287
0.52864374568726946180 0.05068230073725665807
0.52889062652643958895 0.66627204448615640064
0.52894707604155377645 0.49508181927778788234
0.52900984360042024868 0.76799140788580322337
0.52964481698068177629 0.76068536563626720781
0.52993243111220666997 0.96036867691021321480
0.52997762544426363363 0.76518188047943014318
0.53081293878327817648 0.49432358182015390113
0.53084764543269880033 0.92629233852433279228
0.53194891726021475975 0.19521840211556779066
0.53220922728547404024 0.95784092864500369746
0.53228633187726548393 0.63765728455450221279
0.53239674527997804532 0.49014989378103829276
0.53255677472968099284 0.20692053068737809030
0.53312374451268162989 0.94029417991739328020
0.53566764914336129078 0.26617212771380377445
0.53600850419088819088 0.30466739186386920801
0.53612490517772659615 0.28213541492870730654
0.53623404036326982602 0.17729400448054760675
0.53647602507116143311 0.07072642794040207015
0.53732690409368999429 0.19361185636040920133
0.53796117144382304964 0.26434457610051020904
0.53806982609649744997 0.36491824021552110580
0.53832577859970121015 0.44496903682083949194
0.53833878011738645064 0.93883949215501738550
0.53860396743926219898 0.68821376738257300509
0.53863927340028117108 0.46603730080023259008
0.53900886603521502849 0.56368339354556973309
0.53962500519504708052 0.47967499051094741880
0.53985419024162994983 0.76448983768312350762
0.54022417326623506373 0.47577025114001680883
0.54161748681993893140 0.81583504893025071691
0.54186571409950146094 0.83953571963682027679
0.54220530998285765278 0.05162622830754103748
0.54236000802274797472 0.75708377478932953331
0.54454078046593668017 0.42932882358458890337
0.54532954334617167458 0.68245039033416310392
0.54547972149656342999 0.92012040696003116746
0.54556334121203020615 0.91081970228294473202
0.54573827725552037649 0.77056302375537377713
0.54575948797625772890 0.67927154985883175797
0.54578544870222434060 0.74131807502526370079
0.54649762884743047220 0.17906900220227128795
0.54715948631351007947 0.11446241931947549741
0.54750903938534722926 0.33961213802920531268
0.54755890953327968074 0.72350064054872409436
0.54770557081357662543 0.06033361703399898329
0.54791448644889684250 0.74719696164256155235
0.54863381284676770999 0.60509921068273264666
0.54874278821503652548 0.64303222345307176067
0.54880504349592940105 0.16657271196635259347
0.54931685522428352897 0.59746074398488957513
0.54957948775454368295 0.45519969232590268282
0.54966746748517381072 0.93636538620917220133
0.55025574115656139540 0.69844367256526540544
0.55152136920466598990 0.64148941783899582347
0.55210509187306633372 0.10972250277242720506
0.55257475913632725373 0.09780784441706047438
0.55284371570911128302 0.06047402076666862775
0.55400710327351865292 0.84611888196918694227
0.55458759288693459943 0.73677110240399956709
0.55463655155614988157 0.15174251179891759533
0.55478270564231957351 0.67233834202142739311
0.55522002514710322441 0.72694734905017455162
0.55528119821194099615 0.36229319909815288492
0.55532581083370957664 0.56374366403032383221
0.55560358562250400372 0.13822339360041580036
0.55576786524673660317 0.43377477007628251204
0.55586000474668739724 0.34992297306245628841
0.55625374005771610619 0.87194379244198161327
0.55834404451595398555 0.49372267783063789048
0.55853382235814708068 0.33111510989861347998
0.55977782105984608130 0.24714662823682601034
0.56010877943913506272 0.72608560527474996782
0.56055950825646405633 0.89370125808578815274
0.56074448717994074265 0.45240388563199679384
0.56094068161111476645 0.66030980518913584554
0.56135670916307178757 0.87087152391191435807
0.56137288217528380496 0.34550860976143571435
0.56205019810587164564 0.65906033523078499936
0.56255365112556587892 0.15660646869660641012
0.56297370515343914121 0.65088914697482591620
0.56344715643452414344 0.49265760871604991067
0.56355712262869339657 0.54523358746268912878
0.56522636524550884385 0.34520663320830807796
0.56530011869159058069 0.32859741749031762259
0.56532037527857315062 0.53621731531794747383
0.56697081300283891370 0.38627662488914160654
0.56749797257425893537 0.16773432243346830806
0.56794046478530202382 0.91979758066201233735
0.56833357404569617710 0.87029675662867622687
0.56909281277009038380 0.83532634605658795390
0.57031851757714491225 0.45107751452573530138
0.57091754475245259925 0.27665943059956688010
0.57211104355643194186 0.87166346920690773725
0.57224110261105587405 0.26372832597932110987
0.57246383367133635289 0.82321261868014039553
0.57294031978896109436 0.38395186470248171551
0.57297168757547656259 0.58286209466323324335
0.57311087604184585143 0.32971464695307078907
0.57322652272313101562 0.51463404655536615362
0.57369607585046999976 0.37625890885413232345
0.57404330965988248359 0.10767897270053619629
0.57408253033209655225 0.32237647820237957941
0.57509172152442022963 0.42632594861025141508
0.57579989754894644882 0.20217846707103909187
0.57660732855190854895 0.56964133944589179226
0.57662495339789043847 0.25294879673394127240
0.57683583109145153411 0.81238868264670116570
0.57694613614124412582 0.36098474193986218594
0.57716120710813945127 0.16552645634844639910
0.57749136083461871660 0.22704159799954570786
0.57780663912426799556 0.42502221229928160984
0.57836292501732278204 0.82821391219027196140
0.57943617508668365801 0.31877293483102858707
0.57960483471082890894 0.42905678619453019307
0.58034751750716018215 0.89925144610807283829
0.58080516378393098886 0.85398183664874394161
0.58081773984503215491 0.82720872508782927746
0.58088724457213902763 0.83359533874468283443
0.58128695631373117347 0.24109523863022699897
0.58228708145470842172 0.35994515806973698124
0.58268368194549768901 0.87115406632161995759
0.58305796106220475483 0.54145673159321350276
0.58309865805904981251 0.78953563526826875396
0.58319922823314929161 0.18221590300256090833
0.58405588484070480870 0.84686969905422482263
0.58441826312775047025 0.54051489341465897009
0.58613302106615927656 0.53208789508435061499
0.58642998713538363464 0.43239528443899738486
0.58658193649346224152 0.80867835794826270490
0.58722108637155390198 0.70811285995536177307
0.58780428481421087561 0.70435817046094906235
0.58826091272183766989 0.40193211691624791682
0.58854506303465681238 0.83114368027364615710
0.58863685807735732780 0.88946164741245192786
0.58915806657961511394 0.49218882014410081371
0.58951314061950355061 0.51303344801101047334
0.58974655572004597293 0.89830526245193309531
0.59037155424304343931 0.82278399354979381286
0.59040799253820930304 0.37917959906058318342
0.59083432270093549921 0.89537844760641038810
0.59121485151666064439 0.88362311284594952099
0.59142456462361314706 0.61561559409663602072
0.59165557148542879951 0.79627667516306277484
0.59198778089845238704 0.18869408107623120152
0.59235497488454647019 0.40658499916253021400
0.59321799153322285481 0.48075633367137271534
0.59340850113345799954 0.58932311226303213392
0.59440143771080122814 0.79454452726040591948
0.59446667507986994394 0.10994313375167230618
0.59468412534336856368 0.81826667466423730346
0.59530179421378148774 0.18400939638581950697
0.59589393825477499078 0.37050035840197570458
0.59713235426952349094 0.35502744336750108323
0.59719342890669668833 0.38666818450781181848
0.59731433380601572924 0.30141451668360391691
0.59840078316144074133 0.56750947913673899237
0.59842498125126564190 0.22308441663073949601
0.59874781947534294613 0.89416972804167671462
0.59920992293855157573 0.75879703224503702863
0.59922205471957057377 0.72662497195643838133
0.59935446065161435136 0.86662610845199061771
0.59971304384000567733 0.78415081258980212642
0.59982539806875578847 0.64272253975872761789
0.59986798749679526299 0.47069727820658702200
0.60000365311099335131 0.17623451626027988870
0.60044420230962980423 0.59837513952834486819
0.60102302820487285562 0.85665868577677206641
0.60287866471182316452 0.76521015237273670717
0.60330887150927026141 0.51182909113509389432
0.60352243739092426011 0.46359192063234089254
0.60390547275408890116 0.48059031120274120497
0.60396389780408887837 0.55952429752469812207
0.60442087760256602014 0.47847634110257242224
0.60458552222900163731 0.67388658303301984809
0.60545550428887162653 0.85259190037383325578
0.60567704933819555002 0.36844602210998811387
0.60615711539185468393 0.63625046078214175793
0.60708524198451940812 0.68954007316635057556
0.60723446262916724869 0.24367584168499709096
0.60737598123700975439 0.71335476771356387538
0.60754327822251930069 0.10880191492126560504
0.60829635096359024882 0.38388909595239378847
0.60855733442211779050 0.74344996516771466588
0.60956962525199132052 0.63294593195399573293
0.60989401847401336632 0.50714880245330051789
0.61066592529126484390 0.38245005231188000661
0.61090608250635891618 0.12983883789478770088
0.61149973202529650518 0.25878637818951061300
0.61157420474857104864 0.20716681545120999020
0.61169542914423080671 0.42740222016976731068
0.61263041700578313442 0.67925427343413735670
0.61296961759548251880 0.35950793362579802626
0.61346052394081918013 0.12843896703163398820
0.61360684501178430761 0.20574682862756490942
0.61398599878202542168 0.82476464449776998311
0.61417058555926340446 0.40152268555102632597
0.61418732399997200133 0.58753234248275554297
0.61466756722422566384 0.34803262674168639057
0.61520745639840257457 0.67739903916978660980
0.61540214532060355523 0.76067802403111828280
0.61542928982132971694 0.70304286548106487142
0.61604663789327729351 0.60148289797206366813
0.61657018938327456947 0.79383706776009077544
0.61667355186734573724 0.23377242966739988916
0.61670267871434536477 0.25752716942882691864
0.61687231934203601291 0.54246980287068158333
0.61788389345287741961 0.38138726760674579452
0.61808364156249906429 0.76921700599471665161
0.61812791116427268090 0.85153574129042164387
0.61820174479261480460 0.81958320803733875071
0.61823873590974576242 0.76576892757457337702
0.61902188451459361218 0.18351165640213779051
0.61971887769750888530 0.37456845729619142604
0.61989727373787018028 0.38550022488049212610
0.62007617809516712981 0.16586588477275390763
0.62038768710069391865 0.69222813052641885001
0.62120450196203991222 0.85294272330757758827
0.62149232373361917858 0.23924247195103851005
0.62293535372447594867 0.76536898332780667342
0.62321371117709889464 0.42929484898888570221
0.62356773350906935516 0.12685514876384829108
0.62471515956220780019 0.64135149496569610061
0.62485230933534985365 0.52777500521006981415
0.62553842318159080804 0.17738866597781441370
0.62562633878443185687 0.80872575794808931882
0.62592009209017884785 0.76227946693599524242
0.62609551767869942029 0.36832535283438549989
0.62621979700057361917 0.61259370237786836544
0.62984828108544099745 0.59548795424165912316
0.63013426579516762516 0.38534880798879111996
0.63120344983253273696 0.36492737361288118958
0.63334071827581583936 0.36936372948547407935
0.63386821921212244124 0.49887144677282402316
0.63493354024177039996 0.34344635600241568696
0.63545334860525970466 0.25677138779848318606
0.63595020886791442383 0.59030057552737991156
0.63603928016424116088 0.79779077734765735386
0.63625069151037016990 0.68852814237834492062
0.63694654467341060844 0.55275709503254444321
0.63718328413515035180 0.34424404752111137373
0.63790427452447007184 0.54238439777370306416
0.63818400818708820310 0.14808195977761978712
0.63836107697386368365 0.29511733326643507791
0.63854001407223781595 0.14332326121421551379
0.63951787877293053697 0.75148012713420964115
0.64051349952425729040 0.33070956311657201399
0.64076693517504290654 0.17366616092254741344
0.64216387038643685248 0.68647166673811177429
0.64242167573891273413 0.78688573768928049557
0.64280238385835097858 0.78317607444022752095
0.64343508322092002327 0.15502410862816179415
0.64529805569032749890 0.36282393519080979871
0.64535315496048084594 0.35179182205339709633
0.64563886484530064180 0.47898132276348892589
0.64652118920087442433 0.76840953927418997882
0.64653725983939192012 0.19883929537954350697
0.64692732572687128290 0.15178678230138639704
0.64694760858628208577 0.22239074121204618906
0.64755625520722215338 0.22010937437185751353
0.64771728579669829440 0.19763690874979020218
0.64775588419012497532 0.19450937451907679421
0.65077458136924681842 0.43086425906221648141
0.65108672607190054560 0.73985238083082005556
0.65128153099786989522 0.39200541661728127707
0.65264836016112137695 0.58203544990768285583
0.65306746290851391823 0.54973156733212036329
0.65432152546814015270 0.65567319826724868026
0.65463461867620043044 0.64852736934207177999
0.65508139653528041357 0.54238373607029533030
0.65586243498681595643 0.29725525787490031382
0.65609359120202037641 0.69723493701428540525
0.65621087661514032607 0.26107117469795870779
0.65660290259580633698 0.53431614931113091682
0.65747351324670966211 0.34980128878556582261
0.65781013493577245033 0.60959736221196603179
0.65782540133030620311 0.47651882918298582581
0.65922530874516793720 0.67175870423887640293
0.66008040098768794302 0.64085982323917345393
0.66011966565729207623 0.58017413718606414275
0.66048067906219343204 0.82494201735876204751
0.66089698553279419002 0.19258740726305220714
0.66123948836737833634 0.72769929398422894540
0.66292610985693245507 0.82309180745894483522
0.66294061680070770493 0.72612706769573920340
0.66495383507867777961 0.71967115752757693237
0.66536154925001200766 0.21294331528316609581
0.66569151454450781191 0.80712400704375508731
0.66585947840246773044 0.81983554899833088747
0.66632373888299500919 0.25762280439453100200
0.66655039516946434919 0.44170782757446691580
0.66693230294782324119 0.81893396299615950351
0.66836869075511773364 0.41529991806490390571
0.66858874496936426812 0.29674595647989271407
0.66877374006780410109 0.70971254995463151083
0.66887138777926136157 0.40048124386528377583
0.66971884497564226901 0.53037630737681562554
0.67004013689859764913 0.80254118791866613236
0.67005955790428428642 0.52556169208662195658
0.67050642268420124203 0.78079706821354144530
0.67088596886300233546 0.20821725297230819773
0.67093913591320852863 0.38579288498326907986
0.67144742457749484466 0.23658572189602289360
0.67208238576128076502 0.68809417444318421442
0.67247136380001315548 0.38370630967217711493
0.67491417005535969675 0.77852503249475701885
0.67520300894120921509 0.68432711460162987116
0.67523272891891428227 0.65540497670447372958
0.67543095480192250069 0.79901754079479359039
0.67776005660671800879 0.70737482677428620281
0.67813407055962238168 0.38209655517007778958
0.67845500661405000464 0.70102408113368397391
0.67895854545834133376 0.67591925503737682046
0.68016532119259387468 0.72875755980195977557
0.68041769367997750884 0.72004574672681398440
0.68096425446234498668 0.53017467567630927050
0.68143397339706412996 0.63564044449616918797
0.68295715713379334666 0.67191085375883496944
0.68320380056001084323 0.20706229783780069620
0.68360427250100375129 0.71933492584800207137
0.68514645344985414255 0.25235749318312550304
0.68524168680709418577 0.77341263244057745219
0.68599818898068898321 0.32759136810880828961
0.68674904029612093836 0.54718459972244348766
0.68688869630097781904 0.42476109646924359309
0.68724493579237544427 0.51320788140598516680
0.68807843940237478630 0.63306203721935205841
0.68839245403363202858 0.28097792820920497459
0.68917299980011537119 0.59955024266206891070
0.68936989149746630279 0.71777465073200186207
0.69003919096362797969 0.34552417074546121212
0.69004244435085704268 0.58713808127459177211
0.69041790863774654685 0.33821037464116809890
0.69145786518103713458 0.23092889213339010124
0.69189689458656544740 0.19230561305290008733
0.69308108069840568266 0.41037480504587592334
0.69328384442260360121 0.31462422201674128397
0.69399245590781299953 0.57253990395904819088
0.69503204737134305358 0.79666077980341920561
0.69790350813219526049 0.28612080260376898666
0.69811292327822938031 0.74873772231527924159
0.69885482760344608266 0.32926093420493229846
0.69973689096483748795 0.56050850030683330161
0.69975119355675707844 0.50705131035388417704
0.69977609027048015555 0.22672617937703590241
0.70035928442490658075 0.39803776358215242626
0.70080090605657552327 0.39602965617778301821
0.70180381813043146710 0.73822268682952030261
0.70195656486482793657 0.66723400786899544901
0.70287367786879673126 0.30617055982547491944
0.70404362157379074549 0.58858866122154784861
0.70430329794722179582 0.48166089576670312322
0.70445790636144522967 0.20670460957456371354
0.70488121832085548490 0.76241182368076876319
0.70788198642070720989 0.62768174811851840111
0.70965337116649362947 0.77177722398808035198
0.71031458776274858380 0.47954579431428018266
0.71079520116735361857 0.72172701061865296435
0.71114242600817056950 0.75551550284583079975
0.71157447148571295603 0.51298420533982425074
0.71231292169918625223 0.32499102946852231888
0.71275369897148699305 0.72039182539278712181
0.71322647674074091118 0.74242476028734893934
0.71363880950202673858 0.21525051335136580200
0.71420901108376433353 0.27927851045303109245
0.71456888185532863034 0.45049858242652468521
0.71534755053151954929 0.38376377354200080783
0.71634094499698564018 0.77159586256537715521
0.71730424410537108049 0.69151305896648296301
0.71997205209772741075 0.26431115805651167472
0.72036810026407160912 0.44552112384282072099
0.72189945220823925620 0.63201023489409313694
0.72328521813643587013 0.54348782090588754201
0.72340160721867263760 0.70839989296454597412
0.72533534264492327548 0.34671557429589278110
0.72579068518435319035 0.32405019177950300513
0.72660322119960807363 0.34045392918609429511
0.72749152317162313341 0.69692841610558653453
0.72868501393108564557 0.73953022508760402065
0.72908117645796022277 0.57902277768272747416
0.73008300415375804171 0.31494191446099650822
0.73072121824765090548 0.69026244537393177669
0.73182322920752307382 0.47881956356215849002
0.73330191053041260396 0.62686747206893767004
0.73333166581166087106 0.29826841723631269954
0.73406277808998532386 0.33883861727949837750
0.73464141155998274879 0.29377148903347510833
0.73513603439332375622 0.36071647184829241928
0.73540422458614618240 0.62650563681431625795
0.73638023510323846743 0.76190267500786257315
0.73663368755495672868 0.31515224551846221512
0.73671973588046968384 0.32530174650636217715
0.73680057896111150750 0.30590508090962831300
0.73738705013669214594 0.47577181200533108507
0.73744226608627205799 0.54113608756235875852
0.73957775495460398307 0.30478967520528021939
0.73973439786712635868 0.71993497229646608027
0.74018760699235774947 0.29141748374357229201
0.74090149363325297216 0.39463373766875159410
0.74115478151339453383 0.66616726498168488124
0.74123724563033899226 0.71819968824815949571
0.74129501667491215500 0.26329863571913930675
0.74169735320408780588 0.40786139717350922140
0.74353993319972488951 0.74261189476292532863
0.74409288543076090860 0.26094294983578641967
0.74481882047509939682 0.28544242595467428369
0.74517793244990893076 0.34797727806156741881
0.74587748421572452884 0.66199151107406972727
0.74589464504296199010 0.64166499910104202176
0.74658969723273260755 0.34123051632380130282
0.74778210186092031186 0.25389575070246361843
0.74920030938602810711 0.37548902499089598095
0.74949511368708432446 0.28167008396114162627
0.74957372249581322166 0.28161947602031489613
0.75074642986611250794 0.58879326814986265859
0.75121773931419510983 0.27152723063897138411
0.75249997802450219186 0.51525231212568300965
0.75427963212571336182 0.43750337360440239021
0.75577817305864958275 0.32471646723464409057
0.75777181726963382946 0.68577521064918622873
0.75849124686729252343 0.68090588157799447622
0.75946940380717598007 0.73250614133795333149
0.75964547154278205809 0.61115869099268604892
0.76068515858680496589 0.67166054384759366069
0.76076480487634579042 0.35663926809051987865
0.76083826576023172450 0.34901494366070862085
0.76090543401332577655 0.39886181243791357653
0.76092167899303964074 0.57617928561989739666
0.76132574474175496171 0.27712241535834269968
0.76197580247629681516 0.58946378668644017207
0.76209466752995513872 0.56495669566985329269
0.76280524468180688213 0.58738339988302223915
0.76296021024190163740 0.69151271865453012300
0.76309773805271963187 0.72903206001357290233
0.76338763802573639250 0.57746638379350445636
0.76383744872659953273 0.37641240036115658496
0.76433059795472058084 0.32235350164473192125
0.76495808825542987996 0.31978716197266199295
0.76508110748123647760 0.56098216669006062407
0.76617040336675024115 0.56333805972253603311
0.76665240090849695598 0.32767145694631089059
0.76743871787182871280 0.63576368672016814187
0.76779073052748880723 0.63631731387695089630
0.76803965763189574467 0.30565800008153898304
0.76856426605498551208 0.72364792480807138553
0.76927709064909211012 0.67998244582979383566
0.76938959229385484040 0.71774805910839456491
0.77051104911090717575 0.31621107616844401633
0.77197523137062729059 0.45528013188189747629
0.77328398340782988907 0.31455823522387360569
0.77400631716640500013 0.63155585218838616868
0.77530925168592901287 0.36853565522985448633
0.77809603565499874112 0.29342429617223642069
0.77912230953116690113 0.62244687470098725157
0.78153829645907679780 0.30419895789120671159
0.78377917647796657707 0.54936311584760577631
0.78741496308595038123 0.62684561088666745921
0.78808369862170479792 0.53310743840741303678
0.78872656850204536649 0.42810288297069698515
0.78929031544523597930 0.67841381071364714739
0.78940185859797373791 0.67799793296099086781
0.79223060898093189408 0.59504580828616371324
0.79354054064355150633 0.46380867909731937626
0.79534868526423052604 0.62488702484017666361
0.79540821808521255942 0.34654397494880578856
0.79631338435446741286 0.53299856420395397283
0.79677624387395118433 0.35896872222826170518
0.79798244773544357855 0.41626312751891297870
0.79838378664570330834 0.64473757449902946437
0.79851479759846255568 0.59376692676602660370
0.80001533262374502353 0.45132309100254919265
0.80002203550210471139 0.38444317425111002029
0.80056204768095606816 0.36754895336817872131
0.80064758798431390208 0.33898642953681901169
0.80089760625789818693 0.61948914349868366980
0.80164325305899264418 0.31407189564310061813
0.80174574014727795213 0.40682337580886651640
0.80304254375580530478 0.66652481550895414930
0.80355521051748068917 0.39489750861902100931
0.80397299340917793842 0.31065878146677811111
0.80576590545785409248 0.39485975321582017505
0.80580924803711162507 0.51979299028642966807
0.80617865910477204405 0.59730800248003479425
0.80793270391721394574 0.35275001743935768816
0.81211557837263370629 0.31947946735537491314
0.81232914207713102783 0.36633506329398052292
0.81575490934541561305 0.43503122682135342281
0.81657186943165604998 0.34605003892179109215
0.81713355079180016727 0.50857469470440153092
0.81918092640986239772 0.41988858834756798144
0.82140205431349622156 0.59064900070470005566
0.82284990970489391149 0.47952361139834792647
0.82522179307330878473 0.57921402796155807557
0.82637884697637598030 0.57896183819673630033
0.82819173211525809464 0.35097314729728101845
0.82841511003081214071 0.57879146158877348149
0.83040879585600535506 0.34573815688588749317
0.83299616404145271353 0.55059896325432300390
0.83355864224728781764 0.38954336373301867713
0.83410467873303639763 0.34501132098872810960
0.83513692841104480991 0.47655372276483237703
0.83911922381795756021 0.44918535389684521864
0.83930220488466222850 0.43307064956831398117
0.83959235789277675277 0.35604448164175200864
0.83974479915549726794 0.65164016025083848493
0.84104398862764984113 0.42115747463377678494
0.84127609898140343070 0.40631079107028972297
0.84297334694324155269 0.54991245101769703485
0.84509836375414060239 0.63093898276796100966
0.84568384438842625350 0.52708195674974644973
0.84631005601829634166 0.60068494195784327694
0.84791085836157631395 0.58617326308007111635
0.84961721604340478819 0.44468336687904952420
0.85221204725871513297 0.51619185179505722161
0.85252081797889356363 0.39851765168365760328
0.85347342619255461837 0.36318331008494098011
0.85608161544902627860 0.41813529917648928347
0.86304449184740295031 0.38741987890139040207
0.86526696442488149064 0.57220787210093371211
0.86892440419620065040 0.59982506997222739820
0.86930103222554400144 0.59844382685718966464
0.87023266616938732554 0.56844940697754964276
0.87358291415988553741 0.61061479235525206732
0.87385493211398290736 0.41332114306572881324
0.87701166354914450451 0.60844093451057612576
0.87742540550366721064 0.56685960952239911048
0.87918116324818762486 0.48018775412368530642
0.88556659482782129622 0.51633528439043885339
0.88562812541151514356 0.50449818426081705081
0.88624111727383192427 0.39398286755372219359
0.88870919030446549058 0.39843870834207828491
0.89094348418004265522 0.53972780730365510493
0.89444440274263870005 0.39823829954623618521
0.89445783199608419611 0.49975715689888311477
0.89681341158782890144 0.53589534425275120455
0.89942549788045955683 0.56112954138810322569
0.90035666401750003018 0.44272381186474119019
0.90064058215877451641 0.56864198540232568924
0.90186696213405748157 0.56652040789880608873
0.90366199036814953693 0.51965965058981689051
0.91675910378343228313 0.49345127625279339156
0.91799973514198540681 0.48943137719787560558
0.91831249517161261942 0.57637797015544078860
0.91954657909338888278 0.50802740412554947547
0.92149415249103783232 0.48276149018384512113
0.92665043181480477585 0.43823518621369267345
0.92889862938241840595 0.43535482580160261845
0.93429782579140163712 0.43516221790202080921
0.93466207427786773820 0.53507112572453907617
0.93768963493889900818 0.52844330598009581212
0.94416218830165021814 0.46289645305494131478
0.94490264608618657061 0.53814102532439356263
0.95025401820580901457 0.53298952315788339362
0.95053738921707164877 0.46058613306749629501
0.95576564005052955242 0.52886906006614120557
0.95595192050403221540 0.51663284412005494595
0.96962022093022093294 0.50137821140324256852
0.98568541865330172591 0.49149875298240280896
0.99189833587945663851 0.50731808061815020228
