0.03178698617600195231 0.52172050163091276964
0.04095716901722024073 0.53429209080267747733
0.04616593587579542746 0.48943051405474280457
0.06468083334786767225 0.45938182728242771269
0.07619291618531398580 0.52528498470506990170
0.08241498848028827595 0.51881167293387309147
0.09045663193107011946 0.48041210222905778027
0.09358560410301031141 0.58985354884193741398
0.09837099881804300949 0.43904591715531060547
0.10491150891949539703 0.42110869809034989775
0.11087603177763420692 0.41984526417994610936
0.11141228284935149329 0.41466199707402079389
0.11225458253804010411 0.57321533175806338445
0.11537351468786720410 0.47097258161293908962
0.11817958680486009837 0.46703329574522051137
0.11903614927346620189 0.40804773371050079289
0.11936975275916239525 0.39999780567888199023
0.12127543631078270547 0.39959542077696258433
0.12129706670788320544 0.54501254547890309876
0.12202025411593500626 0.58418336241891455352
0.12745389808359208761 0.56894418711814731537
0.12899689395606808717 0.62454005359518982576
0.13748073596049870115 0.61440772036259871935
0.13997185280516089012 0.62325271040670904288
0.14480711206033899940 0.63044416786173995693
0.15029579679382409907 0.37989805246090457835
0.15284471407967151202 0.37961254753913820092
0.15756491121680921141 0.56533938918481885239
0.16117264072348769233 0.37741249161027090597
0.16237458403830049014 0.40429748708090740283
0.16642356933730739765 0.39640685072248987852
0.16801345213667628897 0.56229586919960961033
0.16804821318691121057 0.55682839203140932494
0.17111766375944589824 0.59346790431446250214
0.17204299803019049153 0.37006786466682850545
0.17354875939348990421 0.64356174673302746214
0.17820785150060439173 0.54271271215069438743
0.17844821457667700559 0.58573849476346051546
0.17980125801579699418 0.39565026002750158796
0.18355780957102468820 0.35276772405964051949
0.18937431578137500776 0.51105176580333799841
0.18979814694378829842 0.54218597707503113359
0.18981019685710229239 0.62325115745278614199
0.19191982482192779247 0.38058376244199809690
0.19295009427455400708 0.31718269524703168738
0.19312026216378661014 0.40674612714756358534
0.19583328737478669646 0.69007023482512463985
0.19788508206154889479 0.55825111952534423043
0.20095954728213610840 0.54532473784358592717
0.20611277869232710880 0.69550994037605839981
0.20671406625485969077 0.62055063399707754979
0.20800244692578440109 0.59707671785914828710
0.20893710623037731189 0.50816139017650774345
0.21551127570181610738 0.61876682965248042123
0.21997289099878780672 0.70469439012763746000
0.22048999541120109513 0.37648302925230958671
0.22053370274897299286 0.51851572223137976092
0.22290002483911480757 0.58114106467908743792
0.22428441707215629464 0.51201865245005651062
0.22721483745112200370 0.50059502043108317082
0.23102622089956650897 0.70431753270188990346
0.23660317366135238948 0.61733934192134964913
0.23969860293085140657 0.72866024813460628096
0.23977234648826278862 0.36556100310573341750
0.24029852082682690018 0.49679132701624950652
0.24237299114794039201 0.49453687263746121117
0.24359136569997369426 0.45337364168166449652
0.24578489424795560425 0.42425644665549289147
0.24794120291149859825 0.39903992195329252013
0.24844558686449660923 0.74039982520647285025
0.24857642879741931319 0.42089258315207528360
0.25000208138590829243 0.36191792038974579526
0.25008450870803622390 0.29202732865461822342
0.25130084325209689489 0.65521260710237760883
0.25307155068902498218 0.61575753146610578970
0.25386826450191890547 0.72845327967728967788
0.25598913190350541802 0.39886468229716992573
0.25645886396501010873 0.43594050336312367699
0.25688583893530331226 0.39621279628888911306
0.25819394172641829677 0.62751178726453527013
0.25942018673611771939 0.52344926918216327927
0.26023949866594109359 0.59253588506964605109
0.26185912639055047846 0.39743798121595108608
0.26344945839139327637 0.37858830375072832775
0.26448833674244009995 0.36185541791434028269
0.26548830731283762363 0.61636784463685201363
0.26549400816323981411 0.58846131739966989205
0.26748663742980860469 0.49948089581586302410
0.26915904930435730069 0.76589137976503307570
0.27088511630669648289 0.26897963952134140708
0.27340392091016041398 0.26275827454991679266
0.27690650511374897969 0.36967669461862101565
0.27694252320613937934 0.49161511360570842033
0.27715687963778767866 0.67174869239094869844
0.27781893712109628769 0.33155722756838040821
0.27811075791617129171 0.48666774507412191575
0.27839818510087982473 0.39371206131406177864
0.27866331358028739729 0.23708621838964849537
0.28061245235296811140 0.61440533658816154361
0.28079924884734858148 0.73353719311797604963
0.28110359575828391954 0.38013302020250677726
0.28111032790955758909 0.76581610378265363437
0.28123719368319377576 0.58943111518838131602
0.28130456587165919569 0.77654547185477829085
0.28154626824759809711 0.36924292547442771895
0.28287463388313038859 0.29180895933106687501
0.28298332245741031343 0.61315718724876955292
0.28349964026091029057 0.48114023790900728450
0.28351821339571858793 0.58501121985178239360
0.28373577101899438713 0.47685689465815167543
0.28429227131346601620 0.26506648411355132611
0.28501029027446889152 0.39013519759587200753
0.28544894406806192722 0.58278180678957780536
0.28555317626208859272 0.69639464339484791200
0.28764695519138561153 0.45578895280360570696
0.28774838546242248460 0.56275962583252581162
0.29160329290867470498 0.35487542266239752164
0.29232061405143960897 0.21788416021985648752
0.29568779727946908897 0.37269294810573228016
0.29772382199145480675 0.48991320398690990645
0.29943268206685469401 0.72526446544415901219
0.30023610328297567484 0.48146043783286768258
0.30134061166854808622 0.50585012757439784536
0.30191331516788560974 0.34850628711063580401
0.30307314545522101579 0.21638614402248140811
0.30680162225035789714 0.74820089692811708737
0.30708473635270827629 0.34677674666050578578
0.30730735047303481267 0.65301877803347496698
0.30790802130054817365 0.46961602874304558819
0.31387756182228510049 0.69271977194921985355
0.31642881277955731134 0.63860881259304935753
0.31716249093584580887 0.25041913082008560032
0.31785078508698572097 0.24259595301391501110
0.31940038414338828288 0.81369935142536475858
0.32159628646992488576 0.32874917050326041279
0.32183554186855922730 0.60716909429196241899
0.32338478654837982118 0.40756311290051261409
0.32524923920655901544 0.59376806057911979408
0.32545924267692871723 0.46686636457658958754
0.32803268986763151061 0.54461281451301712941
0.32813296884047138402 0.60669519352993384054
0.32840423679268421209 0.68012964689247079608
0.32899061741699592298 0.26284388825055599037
0.33020215118752799244 0.80472841292724461848
0.33074125802627857285 0.53319183208244314010
0.33256743407993311079 0.62690158198041712190
0.33359504549745472302 0.72421028062225289990
0.33475648378170158592 0.65019668766743166088
0.33545308803250367680 0.54962321814040593360
0.33554410122819222639 0.68730979031614469754
0.33586294333956701053 0.21519232247229569399
0.33605761756591778777 0.46648767794067452774
0.33716924090432792704 0.70453460593833838743
0.33894092199132408449 0.30965463369759899104
0.33942708526611281572 0.16740083841310679502
0.33973721897440389839 0.77013600494995526624
0.33994276638757531250 0.37899945225092668277
0.34043581174608861240 0.25794104208577017801
0.34057554432730358096 0.49517840160855197684
0.34125519243717628015 0.36233954137690788100
0.34145521980877791002 0.25868803442629428879
0.34211084221692250606 0.20723289335390529531
0.34350783975144111304 0.62413908557949304701
0.34416992682578917417 0.19134953309325938853
0.34753102566155852360 0.72597223450642978104
0.34886651127062467959 0.32799978310652100344
0.34905777590383219033 0.47532852621208587784
0.34924945950913949266 0.60201050582579529458
0.34961451166512491628 0.42893924057596477528
0.35109507653912030989 0.72122648424196267314
0.35261752640072119291 0.68416198376245140889
0.35267009239413849020 0.41922348938369780047
0.35322972086792270296 0.66719710512085095289
0.35436869085564259851 0.54288754410026052177
0.35521841020153060997 0.18226018506352881232
0.35638250673775212496 0.65101648835017067452
0.35694040129019982688 0.49917684244620219580
0.35756369398969028994 0.68889985771683515114
0.35792245002793110498 0.85059227916532065272
0.35959027083499600641 0.16565095319944181385
0.36025664726442369057 0.41816982318088419257
0.36127034594990470318 0.40265639331266972478
0.36172085345678567370 0.31434593360145618446
0.36311315596984322651 0.64718240570367013831
0.36327707549350540805 0.45308741307729111236
0.36504304578305601936 0.60003807669460529350
0.36822431150144918632 0.86648235563690145788
0.36905051811547279206 0.68354622305226542256
0.36914041354057192112 0.14926937017028540922
0.36929794710899899179 0.82631084313761926641
0.37012961931461590970 0.57716495423701541512
0.37039965811664798956 0.86145971765878159854
0.37190427252928470736 0.61978173481227627484
0.37204679737421708641 0.33130449863717459369
0.37279268632633527636 0.63824843295935640430
0.37311740051704012089 0.85639282054936438637
0.37360254384105812120 0.68798187385160569640
0.37362215688674377256 0.60137988300065603475
0.37369198165249301047 0.14316294331544429652
0.37400561092855161283 0.30782086473356751188
0.37403743391334037804 0.24389349579489580377
0.37523173500592948981 0.80422437558975712335
0.37617214668818932388 0.18097979560233459773
0.37723601848406562720 0.31509031451786551070
0.37884437304428147941 0.82419541179644806306
0.37916994403734222141 0.29774676390113957725
0.38062803408357159807 0.14232456252339908964
0.38067431045409338974 0.67525307933191025533
0.38146116808240049245 0.46213321710828647593
0.38242369853432250926 0.60755682114212428147
0.38267081035461680827 0.82192546521763998335
0.38291276560146098040 0.26381950354197991615
0.38311816935998638245 0.53586196206670655418
0.38321174398548929485 0.71109313267178653195
0.38355521207531928507 0.43846540331387062750
0.38528802722592742080 0.53312771761043342700
0.38543676433044632423 0.17926490390529001284
0.38571174131556462683 0.81295427175792733809
0.38670690413601549462 0.44814424210112890901
0.39159583063943070869 0.29711297900491118185
0.39163916132478371335 0.34509735140843367240
0.39197446167817068252 0.14004854565895588636
0.39299761844586861281 0.60659284494028453683
0.39349635952917327852 0.12382520977516750516
0.39572732837311641596 0.26320414762008709220
0.39610390312405957536 0.76544254301542036245
0.39694769304340771221 0.78642375376454820568
0.39819688927986701676 0.58525385376812133487
0.39922781958627318044 0.60491696464854682880
0.40189084402417291075 0.84716164438234919931
0.40285268516684158424 0.22311373199461451144
0.40325372577167217791 0.58471656744740951872
0.40426299530133508187 0.76430812532863146025
0.40638749990689781999 0.60312599285389734138
0.40662566179498377261 0.59987864815994229595
0.40838991446804312480 0.43732755337647688521
0.40875208327176898448 0.77081696383910314196
0.41005479140454137443 0.56655513397222623251
0.41048104855599121255 0.58549264454171556782
0.41074765327272338977 0.61452906005035123904
0.41081257110496571805 0.17474883914975550270
0.41276672461961949612 0.12430479254284799995
0.41332370117882838434 0.56179319290197560210
0.41448781870430750907 0.33781971756547168884
0.41844200121319891084 0.26354464674067412666
0.42043816881521661744 0.65961780521075197292
0.42082783467245110653 0.24824597956233140916
0.42230525553475167788 0.55052362170821178555
0.42317214643907768989 0.34407223024216099239
0.42547570673237189443 0.61348455999111795034
0.42641669559038297699 0.74089964804500707540
0.42658828680773380748 0.31686121254001009540
0.42822634631035050301 0.51442226353744491263
0.42929798991466072700 0.73872397072404893947
0.42978850247038030696 0.58494056785446557623
0.43052388379634681792 0.54647370785026716522
0.43260094481910188469 0.36585911475766297318
0.43398639617611112218 0.31396654102859661295
0.43411000969281610118 0.81085550767247827064
0.43413433602306478187 0.63454170193850112369
0.43644838008017478037 0.72698203452737042429
0.44080939731466167730 0.29792883134113712362
0.44121702191290407269 0.26104963416872989379
0.44236404421543612520 0.53708398117899491808
0.44295827643584761990 0.57908224217115578103
0.44336214175879351540 0.50676568496811946751
0.44441993696019022053 0.83966664609399510599
0.44453429536943928069 0.50462341321489867507
0.44520262337082061599 0.36263698518201459287
0.44645027835988859710 0.90797368731928385088
0.44649172815463439301 0.70601442847311690620
0.44728758241071447932 0.25877972872252291703
0.45029187535495107664 0.21572723415166569771
0.45049679550968257935 0.20599239273623379254
0.45118330744641799157 0.70454346936500245047
0.45357570894398979711 0.53043390753593711029
0.45395440936338660176 0.65088202689054097672
0.45419850483309087696 0.20504996159591978855
0.45429038657057968509 0.57540868367877917589
0.45502832332784770575 0.19829118722536379082
0.45555513139534681288 0.35435838776017147822
0.45604191680406802600 0.07944616341178523111
0.46059074385376297389 0.29449123168913199367
0.46080324717247977961 0.62224142979158136857
0.46137481345969311164 0.52359204808670034570
0.46270368867455219375 0.82367669818244981794
0.46312858160124348306 0.06620946304435304519
0.46324219271286520838 0.38496878704962772533
0.46366219261770341697 0.49623919076477518431
0.46402488769006761116 0.82229171034168302423
0.46606426497721709090 0.49612239290927029334
0.46626612278028750636 0.51995034903527903580
0.46640283424382722455 0.28980822576215592434
0.46657676044620721711 0.90432137918934119014
0.46667119195192502401 0.48393227054273407761
0.46741373407886982472 0.34139399889931987264
0.46954251041458050508 0.19756682607953549025
0.47004666630523511683 0.37004813312677509174
0.47101659513627558429 0.57761372781823350220
0.47334581488688198814 0.97030012988204039637
0.47442213966567609029 0.89513166204024940953
0.47686842720902972159 0.31250651482699220995
0.47797757730020862255 0.27933074739631807981
0.47870213476204909187 0.08563462751340689127
0.47879687808517362724 0.34530759582251552287
0.48089022447585588749 0.80225329310331983113
0.48220231402193142189 0.45612617520248127656
0.48293084075292430635 0.65557283976203062359
0.48355011646404527648 0.64561303357672417125
0.48361001006493220533 0.43005798963089841846
0.48371179525663082766 0.41398695733290502563
0.48726241828441529957 0.63491828096319313790
0.49088740826887000690 0.15814569670645151067
0.49248849213839751560 0.25465351010899361928
0.49304717499027161942 0.84538887091630576798
0.49305905493476248624 0.46049599986250311368
0.49310749999149139366 0.96196461747789752117
0.49346481642419748326 0.40575733697196669780
0.49464460134902160648 0.73441782069882699524
0.49669159526711992303 0.82666676804756278329
0.49676788604014510131 0.56493234186002794228
0.49714135925345159794 0.81759925002211508716
0.49809795526149330813 0.63339900017356565165
0.49849512749036850590 0.81006770262116689629
0.49878540422846739943 0.34082243706771042646
0.50008812219326204129 0.79724564071932901843
0.50018072740377084173 0.45659095279082462238
0.50033812509115471734 0.31569683665482040080
0.50069464015897935383 0.24759036179076571171
0.50229512678270171744 0.19970731680142458919
0.50248007548289752577 0.05808030696356902833
0.50411302114042899625 0.39615433413321982092
0.50412533742159926220 0.01957010090946731048
0.50554175406599211051 0.52055563828549700212
0.50617482331531793438 0.61624750369256153792
0.50677919498906176532 0.04588071164295116217
0.50827854984622233836 0.96418046680718982877
0.50838463914081899464 0.27486261190481697803
0.51116995347342886191 0.61553971863465939407
0.51387642767084773521 0.49243663089150302437
0.51478714398234204364 0.94935488642364662670
0.51593093684328705795 0.95710742899790679505
0.51599776092434190833 0.73229391422690026658
0.51669605188423428643 0.73001159384096470095
0.51767599117752483018 0.72295041819053484922
0.51784317938364421430 0.39309168140357647614
0.51854143019626119937 0.18886075645077599061
0.51915463249312010507 0.87185989758799387062
0.51944819271466335930 0.86022511731806372559
0.52031309966663130684 0.60867790485156780811
0.52067960999623441598 0.94653113951821987726
0.52336815709124251406 0.95079035450805260421
0.52350728304268501212 0.69924909287104575206
0.52533101045014740649 0.64249899425189527236
0.52640045575507932174 0.38617937697493448512
0.52726506209738654984 0.94337786060657891074
0.52802268876406799336 0.79584601474573923863
0.52876610649491506688 0.53638994301172282508
0.52909277641349461430 0.16350002462872101350
0.52988699969081476393 0.93906204238233081938
0.53016192165632047839 0.91121722803889071418
0.53164263401258504693 0.79565127783191091915
0.53311725672909771045 0.38581465579824048007
0.53517192455015016872 0.85386940089716811819
0.53572438930597454654 0.12778924328271379363
0.53636752349183447475 0.63646543020491463949
0.53723250935197564004 0.51459145422008867321
0.53795292042564568646 0.04378622470291759772
0.53807168512673586580 0.51238458948058507314
0.54125005738788745102 0.57258436847129945413
0.54154590582564310353 0.31765233785182772630
0.54278693675345046632 0.10639174906368349671
0.54400509157689547202 0.85230855508940805976
0.54405527707778289503 0.18967285747053388989
0.54646843357441543532 0.65258280600554430251
0.54729780091071222881 0.59999033074997587534
0.54794817555171537737 0.38188663716459408937
0.54912980672738742616 0.76354813254906084286
0.54931975519387199469 0.63763702227196372707
0.54986986631424850103 0.31214338545649261691
0.55048734439996449552 0.75347324986029828864
0.55199724566913932478 0.93975623836555821633
0.55265654478807779704 0.57033573723915964582
0.55274538250504856585 0.70902186215542994940
0.55292983028794351341 0.70420578809453815428
0.55324660616166709826 0.80320307190121265073
0.55327623216285570784 0.08272086015943924675
0.55335744842364420482 0.69263826613559509315
0.55442637205742495432 0.18731355077480418836
0.55675539722938927056 0.93357188693779846744
0.55682617522524746612 0.63366699511383206556
0.55715539132266855837 0.90140966389200705144
0.55751801630437636259 0.77414722804360225350
0.55808374898655754848 0.40364719408785837418
0.55812593257953613257 0.54346884470401024547
0.55818656637277541677 0.50906898272677658657
0.55835787472380971064 0.30055115608208121669
0.55895837614439836116 0.77310521870319137694
0.56010197273455586409 0.17603979260417770836
0.56022575801862684042 0.16550184643096479964
0.56079304062108425999 0.59825087083722527925
0.56388759306465330301 0.47619192101170321196
0.56533447938688186074 0.15078159470058818958
0.56660305215726769479 0.14506406619643819056
0.56759513516565507363 0.37346048679034671292
0.56970629665735517122 0.69387689551942099975
0.57034004167944829522 0.42985136207288998644
0.57242822354030997722 0.92121322438464503524
0.57306069121553748769 0.58131358259394461108
0.57447721114256722341 0.22708639740606470503
0.57486412414548127003 0.11107946715724499598
0.57599781505209768362 0.56033967550778740474
0.57681805627915316848 0.62962052457936268368
0.57757975133415406788 0.67128755974906317849
0.57814810476611133705 0.89957697051316043435
0.57839015927750314638 0.50992004659368328490
0.57866048144921267138 0.76717291625235295438
0.57928792390088501563 0.35377823348708931084
0.58034973461004402129 0.75260465108197383000
0.58232403944481159197 0.17277257799809409011
0.58254281123737750026 0.10981651867522519705
0.58291992462919739459 0.16686867445515060626
0.58311187727732427533 0.50806600193460149661
0.58319152541542762513 0.72637229007551706861
0.58381129453253410855 0.20146521655635948878
0.58489320611790540649 0.88438369729302290789
0.58515528263204052983 0.35213129274686172376
0.58785830521657445047 0.64215704436546827694
0.58868104442181934388 0.13582006374019001127
0.59042028314698147273 0.28886335866940798800
0.59132452252333922438 0.33286997469702622743
0.59471901730022691535 0.31830607730192789218
0.59487697765471947431 0.13581014201813040865
0.59532842913084971226 0.26972313421902799346
0.59537178216417907528 0.22089540907498239619
0.59537722660298875166 0.71388590032293453014
0.59555178128047470132 0.50925002288171705711
0.59656561158961651792 0.26786292259705207774
0.59725795858473706978 0.87788720678801146491
0.59841687105892626963 0.78132276963810609605
0.59976455551337870542 0.84049986910561669262
0.60002069826041559697 0.86845699463552183950
0.60088886916517125769 0.33556779163056787985
0.60200769767794271026 0.23907414006915830851
0.60286755040792450178 0.25578210253386179929
0.60346505529412031166 0.75169350561296166546
0.60536274598481232267 0.66268772273735154776
0.60570113580058104752 0.21578334693498840702
0.60586798771543326492 0.71234183883648638513
0.60610766175294383817 0.11577537615974520246
0.60703858588654191486 0.82014608055664006692
0.60705726220879718813 0.18171213355660781330
0.60742605627945711610 0.11002201345322799864
0.60744660975511677314 0.16658683412347388697
0.60974888296765838991 0.46888530030315289654
0.60977178320172908954 0.46443434498680080669
0.60985984362836342942 0.11360596140957049394
0.61108036074097804580 0.59305097910087634094
0.61129867767291801162 0.29873295349725981218
0.61415020623836202862 0.80555840740671991185
0.61432157236651152576 0.24741597294253209194
0.61491614647280179451 0.57712432428443860566
0.61733183125251944734 0.86341413165726754730
0.61896334035630140580 0.85902465984829190493
0.61977573261123863890 0.21770866390773668808
0.62110994153258436423 0.58086233956613542162
0.62253605122673716377 0.24411709046341881213
0.62340237609001192265 0.83772894339821291076
0.62341094144502207097 0.57228908575984827056
0.62376756095772667443 0.82766867826878065539
0.62472244878568616855 0.79204278341257672302
0.62511951175534707925 0.78967168367327578160
0.62675002911618060697 0.54264618065151215553
0.62712029156138648922 0.73585361584220143616
0.62815371303000355763 0.39784991651781198563
0.62855820778259607895 0.23153798079360418671
0.62925865919796575287 0.28839067054812661528
0.62986150892056957940 0.20890327798075580823
0.62991575489124795872 0.73392611249554440267
0.63026774344058034139 0.48081235761757268321
0.63054777460045852155 0.82634006317281860632
0.63080188894362954066 0.22403759660959640665
0.63860327044933240526 0.19515700366370508645
0.64011844026443698308 0.28539750361476529106
0.64183152057651060574 0.81760073845740710574
0.64232900060349462645 0.26400033151228230466
0.64250358877979862893 0.24585549356517941155
0.64324607071790218527 0.78784794199749530463
0.64380930194739494077 0.15425244952610939198
0.64552005474351858982 0.65496558990248132659
0.64808481019762675945 0.50866413378557406855
0.65066794505492830947 0.23960013246346079097
0.65103246506556233797 0.50591152514644288640
0.65143855895817992518 0.72968898182168484556
0.65239533027658402897 0.72676028115870916491
0.65241547889467066401 0.15293721659064518636
0.65368956310439862989 0.61512590377849885037
0.65426199192439260521 0.22413136420635090817
0.65446357313252978560 0.59946015642379157917
0.65641061217218155122 0.33992739822424788976
0.65847231219921942280 0.81582765563111048213
0.66070719574532910112 0.33829992413631249093
0.66309214560280516082 0.57275095978230416982
0.66379122789267630544 0.17754762966250070555
0.66516399179554508425 0.33741952797379171081
0.66685068046374018635 0.51910646998968146271
0.66852681144477843489 0.51457045565492642858
0.66960487247836786295 0.61618718235273450823
0.67167122063208462013 0.32798039367335102279
0.67208650531656521920 0.26945383938050287975
0.67258577770081595659 0.77625681332046436722
0.67683307431444539315 0.51275468205993235404
0.68326934941418915326 0.64769297626683364211
0.68344348569170831897 0.26732263849234227937
0.68504375242122972356 0.53575173143674248433
0.68559532457432525998 0.49508141430565827390
0.68581370132247709837 0.42370117889923519794
0.68649807191372436144 0.49167803295155798615
0.68727733893712383839 0.30528791006295652455
0.68730061417418197856 0.77499672811627062785
0.68768561394619420746 0.78763758627456448291
0.69033566439318116981 0.26666866620218721007
0.69034616543943827516 0.46316784394009291592
0.69297926642561558097 0.46062949563668759145
0.69469394788228144844 0.62133756587669142224
0.69489672668633439834 0.28178729565202137453
0.69512201714846078016 0.78399382763850500311
0.69798673300635161176 0.60754891632631169429
0.69854851700493303390 0.28023561469980640126
0.69943064601081927911 0.25146861237860190785
0.70122067734804593986 0.69249963312924089909
0.70206331924521248045 0.68800413183128772410
0.70283906519382088884 0.35568995710546080780
0.70434114606860842578 0.63154874918652592619
0.70533120639756075043 0.22334481405796810516
0.70559080748388902649 0.51721911019234756424
0.70706547389442953033 0.49863756458999491938
0.70857058223081192949 0.58217426715938636050
0.71094079453828318282 0.57325692769787350844
0.71250411051981965560 0.48036617827344518794
0.71264149135028886928 0.56971951102838969128
0.71389967355140648841 0.35115001722502608983
0.71397221895360962751 0.55522850066717976958
0.71437926353588132589 0.68587112641382641520
0.71587767945860747432 0.51122478819316807819
0.71713206031139575813 0.45583050958621329496
0.71719786318234168832 0.32532862526977379680
0.71767442395493574736 0.46407792965910488192
0.71926419685910025770 0.27705618960372280224
0.72017267757037584097 0.27602219732760918669
0.72359136567840698362 0.44422674644012621892
0.72397709739510784921 0.45379767441304919018
0.72464549923153875888 0.41856853085275291804
0.72464630011555852818 0.45272850388415092349
0.72948560951697327681 0.67961467854241719433
0.73134832886281087028 0.41828604405757952023
0.73493482570197343762 0.72323673496706086805
0.73545886454780917685 0.41378873923236991761
0.73581670096779849821 0.41420567884059017461
0.73606634699380513176 0.41024724726242939310
0.74465064648088397092 0.39629456193370299344
0.74518049704540978428 0.40934351647014882714
0.74547737685735726565 0.51122031392315148146
0.74575536086962579407 0.71642861048895689624
0.74587659235360048715 0.45683894885607961855
0.74771992300897327510 0.32234668605890098858
0.74870066485482944518 0.25062061884274711154
0.74959333694426166783 0.66690740751676380604
0.75169319439355342105 0.55294751714698897604
0.75351631773030702810 0.40389759193395841086
0.75579834916560906244 0.42532012507301397708
0.75734760914674359444 0.38572892684822851495
0.75785244975267218592 0.41610290604523697544
0.75815153858756112459 0.66111179293708599580
0.75866758662083877418 0.50817508127697363918
0.76819237186530298089 0.56130783401552719614
0.76989789687079746017 0.55522211882446570463
0.76993847773404466839 0.37666214215941351551
0.77097741072556214004 0.27109800778169040880
0.77628030138876702448 0.50602932244560572261
0.78187217306176792775 0.54929573234721229547
0.78194871269431975858 0.53820817873667547993
0.78344158903839167252 0.35233561281350300742
0.78747419471695978554 0.49715625974771432416
0.78868066528424762840 0.58985796627096176437
0.78896436505293920938 0.65260325263225782422
0.79266475072964903692 0.34711191460175760959
0.79535213855340580746 0.45108544776172238011
0.79876324596725067906 0.41288873709865131501
0.80300260777652521238 0.33452900370974530952
0.80355024875552649721 0.43970461703863888969
0.80549198080923134491 0.47701618332870310280
0.80707943999722264738 0.34993826474472078392
0.80887307666949359586 0.34646840973106252104
0.80924334442214762575 0.67904853665538911223
0.80925909136193785454 0.50138227688802372572
0.80987943098829506816 0.67528718983646185414
0.81341082474510228995 0.41613966845271610495
0.81473248091299044216 0.53823954990893130290
0.81762818466404951767 0.67129190783478764892
0.82288567962105385600 0.53092665061565691431
0.82341589067568443649 0.41442507906133330131
0.82367428506504414276 0.59517669840595810449
0.82481526680930261630 0.66902899724648268176
0.82586073406668925045 0.56348188864945703003
0.82586592960859162016 0.32930029676545302664
0.82624943216217228148 0.46463939398411419068
0.82958508254057972131 0.33405294528348988825
0.83093114793382916172 0.45940473399237768959
0.83133997847426510663 0.49982236197258678168
0.83159192517609648032 0.41268826398377961295
0.83257613199784030744 0.64966295353460046247
0.83542362948307791193 0.41259042200246337506
0.83753647850441914624 0.54950335294390151297
0.83910609986797879412 0.40745946473159727619
0.83947854126556709087 0.54282719139606760983
0.83965591969903574654 0.40302209425507878882
0.83989980121943741409 0.63404673752145246368
0.84059051569532461379 0.40878256373406107738
0.84122344109890145880 0.52906000134055997108
0.84324373406675035003 0.60978046938321361914
0.84407133495643593690 0.56129872235916389300
0.84428992157984306122 0.46387259665253988139
0.84525935556114739633 0.48605448331544398588
0.84576313744906084224 0.45619687292642790988
0.84744819963815098962 0.40591299198189451092
0.84774396689622655288 0.62372259959029785481
0.84860028153613054069 0.44430128722431677657
0.84964994812042837768 0.47953383732043480814
0.85187527006583063649 0.45993734201667468842
0.85254437530405691170 0.51931937206834788423
0.85397423032236097207 0.47646091023822961796
0.85830767785010197990 0.40192678267517212287
0.85860003642249860256 0.45560097983597958038
0.85881445140844203667 0.47588586320672038310
0.86041613295265551020 0.37297960738957181004
0.86146260406994545900 0.39357074229262262177
0.86254371359347747905 0.50673326184146272322
0.86357823552837442715 0.43914185872181382697
0.86382268096497016874 0.40053071580415489095
0.86499733174503690147 0.52575791444960351395
0.86777240017709311726 0.52239967322001246153
0.86831778379519308775 0.37735982426231851061
0.86894375382552946352 0.39795856019181657937
0.87930832762961885773 0.50149014275852377143
0.88037493326172699959 0.47042766797373047893
0.88248661447663179214 0.45567096429246489731
0.88516390851184956201 0.42689206582237282372
0.88608341649799471362 0.42663130011823557908
0.88629199356575105728 0.39105268332610448878
0.88909183241462641512 0.45497647447247380192
0.89238899572414709382 0.55948728235021916166
0.89585820491333900684 0.49578738998271087990
0.90171918020148833506 0.48718319643737867386
0.90755841806921588866 0.40791856594078207410
0.90906513233786279127 0.54820665123065759339
0.90944130199839179340 0.45846847744120872159
0.91010453467267138361 0.48651290367463312370
0.91074435196725167518 0.48305990404373760905
0.91101385884787544622 0.43368907210122581430
0.91956793531479164017 0.45360218414434161360
0.92625073785879652455 0.54764905623876902752
0.93027642861865034174 0.44164811363125971999
0.94324328860800388252 0.50780174715226167326
0.94551858725182635901 0.49543288527867579418
0.94932515164823005893 0.47100521329360028888
0.96176892906879118961 0.52075108932247360372
0.96648921084317007679 0.51748451432193809385
