0.01341744795701482924 0.50475038998350263419
0.02280307277570281857 0.47882138657610379129
0.02570184705497235989 0.50702997357272494572
0.03130089703043115179 0.52988408459814195783
0.03394444833761733893 0.47417113496142260232
0.03764668785054969824 0.49303618242556507267
0.04316267346618019030 0.46426613392236598665
0.04808358238387389072 0.47191496004213112636
0.04843025720505000908 0.47186914904788862524
0.05008606032502294081 0.45480959807097687264
0.05187763969530335278 0.53750635835892257575
0.05331153223083862081 0.50179064354909541645
0.05605046892116293672 0.52790485249276541957
0.05738087412741255111 0.55558801061694174095
0.05804468893599735307 0.46062790113066170994
0.06385076328028171933 0.51591971573157424658
0.06401602553212293323 0.54205269626810415051
0.06574358465508889360 0.51538730909595198426
0.06807437876844957270 0.44367225650135161397
0.06819413091205306365 0.45965720418257621782
0.06940407459406505719 0.53964373084828842764
0.06962000279565050409 0.45944858474230182432
0.07478846138295835999 0.43116406368619758505
0.07928647143986244927 0.53089630881264371354
0.07946903385634607186 0.44084681619801940888
0.08297688918594403606 0.43643647251694350775
0.08894438207976806954 0.51276120228401367296
0.08921915456040896419 0.57724010863205621469
0.08935379156541700674 0.42439432420955497394
0.09077635734875277862 0.50783304927421268893
0.09091051388312365589 0.52205085841301013261
0.09272647916870502272 0.53929408215021912287
0.09298106112117809907 0.49746359494379788213
0.09316623792696343553 0.41296599467449751630
0.09504550192679717124 0.44485470286526002104
0.09635310589440593265 0.44350190697672448037
0.09841163519843221241 0.47669437014763960114
0.09882335355175331237 0.47584826456396350780
0.10001477474160790082 0.51480625176527905484
0.10046246168009030642 0.55484017772659077750
0.10068636149620399656 0.54966730313121991980
0.10238876920665039572 0.43250086807919752019
0.10419887673184580201 0.49511276571780632461
0.10445752193268330321 0.57155857248925445724
0.10561189199785779580 0.48131467402479072293
0.10601586832556289530 0.46939065146730951650
0.10609981015001690441 0.53587845760531871431
0.10697497637606100118 0.43240298953567740670
0.10702118992312580070 0.48755501670974271677
0.10713950706776199928 0.56223291752563631096
0.10753174121685049602 0.60668527736193300637
0.10901133368518280131 0.48391508058897908517
0.10954092632406589591 0.53285472263677857718
0.11020791640721269711 0.45667062999554247638
0.11097688440256489595 0.58873386815093353697
0.11129678932487190035 0.51001421530455592901
0.11375089953901360018 0.39453837055007201506
0.11408029255039739414 0.45464222122239622559
0.11477293316532899414 0.50156243619329687888
0.11481305067092729966 0.57033326242269832829
0.11508874672184130072 0.49925492726142828293
0.11520224858154100300 0.54613831301697624010
0.11545979109001880403 0.57027284121895693847
0.11575159477803090291 0.60622414869939855731
0.11697381266227679930 0.49060638043457921453
0.11796168747361379658 0.46236467457388619184
0.12100952648921020627 0.62061226099054112026
0.12146403795001170511 0.52901276860890023013
0.12196674255655549912 0.47836516509848581169
0.12258152425794370532 0.48859868808816830921
0.12531406399065270207 0.46003797769875948154
0.12606483437769469558 0.44150273536922407525
0.12651655064025268960 0.45410218311949729353
0.12684655881644821274 0.60715012269183232796
0.12790678254502069189 0.45158525550717021346
0.12874206286996989212 0.42153919498098679775
0.13056574476464841150 0.56841605169477293913
0.13068798535880779554 0.45835228231037150604
0.13091920036678139638 0.60201538007360277938
0.13146701615053990597 0.56492506506954731638
0.13178211487809840530 0.59568153372867727047
0.13213707309387728861 0.44511620361601761386
0.13301644148745400686 0.47672565671142319577
0.13435985404933140086 0.56187428688041141100
0.13581122592820069062 0.48181504191817398075
0.13614112042790690871 0.60582472856130276107
0.13700136896597209235 0.43177443937542431263
0.13748810613398690372 0.38099164662515477842
0.13767201365664069601 0.37098017339641098378
0.13892389178443609321 0.48042772884141138334
0.13923564488702938613 0.63494855179397735601
0.13967283043352168859 0.63057558434240401635
0.14011457201020038887 0.36661153917001337854
0.14042972428055369716 0.63947885661798864465
0.14101201241694810706 0.56433692687521908038
0.14292303328712568922 0.41413881916537698125
0.14301759356333321183 0.63045195231550443804
0.14584305102544029009 0.63856033745434237492
0.14595425378250939663 0.41121859864942988949
0.14649586264217909215 0.62272784459664576318
0.14675813872453138953 0.51481332441307414705
0.14789191707275708976 0.50579876607022089541
0.14831553618304799125 0.47520350767779012680
0.14872208200451919602 0.59064058328652890850
0.14898880855323579087 0.47220162760076828112
0.14930037279954638807 0.57597680354501468170
0.15019817178435590499 0.55893898849742829071
0.15069275732732470563 0.53291840083279617968
0.15117319446163499097 0.40830299768265537752
0.15126755546805639718 0.41567509006392661108
0.15174370954297669578 0.55066099209356578204
0.15188458311899860620 0.54886512721061753162
0.15215937282206640213 0.37437517153497662514
0.15243570671302930641 0.42766655710533929557
0.15263438917235969128 0.49790668971241280882
0.15276358910321119478 0.35773444638501589177
0.15311505535839808889 0.62095580051829235568
0.15432981210206589417 0.59852398538553230889
0.15457543411501320496 0.35273212998097530635
0.15577182711193421349 0.57090314942060749193
0.15641251460450969479 0.58137821473060635746
0.15736725670575810176 0.40120494235160031327
0.15842857483068428781 0.49355247474209368308
0.15990753260272280722 0.34976506390980371952
0.16119180730939119961 0.39222487173791720227
0.16201391280098390024 0.42041877298624319437
0.16333326020119759425 0.54408375566009947732
0.16362562564104410345 0.53231933391029817582
0.16379591641506130451 0.41539920197834878657
0.16487427538606538868 0.62774638259815029873
0.16776092769519829195 0.62313068263028503768
0.16829448371941160834 0.34751525817656642170
0.16878967457740770564 0.38910523508196348530
0.16889496761016900561 0.49193098825064762725
0.16907025713724410654 0.53601340151658050104
0.17094772070401401121 0.52363396100535619659
0.17151099875585951171 0.66304059194955300427
0.17175646224708218668 0.55189423575384177756
0.17181235210737300090 0.58721016272767490030
0.17353198872035319189 0.65131351874765786025
0.17415052085596330333 0.46476845019568480133
0.17518745393113038800 0.58699870412046528667
0.17522260157388169777 0.54320093180708639569
0.17550629154883479188 0.48005581612706588190
0.17605875443333490749 0.39996609349344280915
0.17622798979505868711 0.45104178053063220810
0.17634907646937669767 0.66589814406303537986
0.17694245989277260223 0.65646208076481160631
0.17745057912521070009 0.36955174589626571535
0.17752986862522970868 0.39759153017186088519
0.17890838257214711216 0.62608709391225392249
0.17891425571896160673 0.34338226312443437260
0.17900011565808379710 0.60261217390888699441
0.18001433958904389243 0.39162985115016440973
0.18014761930190270611 0.59866158030687754987
0.18096070974326639025 0.55571971812405551727
0.18119729543029919339 0.52321457292454864874
0.18173333029497701352 0.33066095235071990555
0.18197408199164660791 0.45730705957120609817
0.18226745114777700985 0.52277906645030736144
0.18280740657828931095 0.39504919783781800025
0.18314403505660589722 0.62136784271926082113
0.18336541821224949800 0.59326638787274565967
0.18362236002862258877 0.44221460290556319217
0.18380136154160300888 0.65431876025753843429
0.18419490382777831128 0.55507488060567133914
0.18424683228295979376 0.61298813070750590715
0.18505225990368850963 0.68476685862599639965
0.18556045148116720456 0.54091868121975539285
0.18611438195675619744 0.39077894610082092308
0.18761869464838279442 0.66347893842188132574
0.18973273212430000201 0.61151347196015981567
0.19026104636267640591 0.37822285674616767936
0.19041931177270299269 0.47779422770501128737
0.19082752779975190038 0.40014337092452317846
0.19086760297303151379 0.47529287883624532496
0.19110840057635569700 0.55216044764450600280
0.19124738173320948720 0.33833372974416509038
0.19201610586654169199 0.57483767286674569696
0.19357063652809780585 0.37424504048589951610
0.19411598816277789159 0.32811515558015230676
0.19527212875606539400 0.41635915589850047702
0.19572919838981550633 0.48521814029355392339
0.19574019167633341376 0.51960109682487654048
0.19584578321320389449 0.34524751428887490157
0.19597354935027819223 0.49961104382496818177
0.19622577610225480638 0.54760792979172712158
0.19634667245182141349 0.56777534866193934970
0.19636900726259179373 0.37227321641321881041
0.19647356346354880041 0.32732405711691242578
0.19657518590718589535 0.59719465263454685200
0.19660156667423589472 0.44254781811312049467
0.19665122772256671269 0.41172510269541529038
0.19703026450928728952 0.39822229256473101744
0.19833837436677129173 0.39191912885755680884
0.19855613737386260120 0.54659513676802240489
0.19954043452061401287 0.39617984468494121808
0.19985428213750131010 0.31882802630500117758
0.20002798916286321229 0.34214685011307072182
0.20032070598739029621 0.68066608849230814116
0.20076343817317149343 0.67780031077137736784
0.20123577287007479719 0.51549867601898990976
0.20199314457489281338 0.64171449027365912166
0.20226068299402211181 0.66835989437686149639
0.20290586049482750575 0.53335337468043553244
0.20341606149678828630 0.35876401437410310180
0.20406600219062198676 0.48429481365221688227
0.20433270552069190962 0.55502885404973234529
0.20452223101955460671 0.51715887262288451343
0.20455636039685409777 0.63332269757329417992
0.20500540872750439014 0.35353869418794331425
0.20510597260611901360 0.49275244101375481609
0.20517688340439921291 0.33337914741954227660
0.20643332842548708927 0.46672710607344009004
0.20660441708331930832 0.55151841377528576515
0.20681016144877720220 0.30851498121630260840
0.20687583757502781001 0.46199748238301652226
0.20751500087246640969 0.30003954732546711526
0.20760208225046120067 0.60453433684643298474
0.20775583751098861129 0.66125893510662792085
0.20792625668527758842 0.58582155552473935689
0.20793727148141069594 0.52203762224146821325
0.20839166521443289182 0.36977304795072729604
0.20873091713904928790 0.42763345426298099428
0.20885607786871060454 0.47448430920540807243
0.21094424493242899810 0.58633980651670480899
0.21095735953338809465 0.65931110540121551367
0.21337043958822091150 0.53491796869326646569
0.21338611760581530086 0.71147654456130060563
0.21435522607133949968 0.57820625780876155897
0.21437745973753591366 0.65843966601131509453
0.21510948563191090166 0.33722868774012998427
0.21561263897568669345 0.48460983322465528422
0.21561986286580700489 0.65294360429237041643
0.21584583992576220068 0.69310815117651536355
0.21619383724333060548 0.38814948328268378264
0.21685960922822711261 0.33509257659872732082
0.21692411354254279021 0.57284392556520424833
0.21811832618505461179 0.71654440061652757699
0.21858467259947719774 0.43889069387314577630
0.21870643155248239986 0.48094078202946910494
0.21880797472867000164 0.50550519312132868865
0.21894667437950218747 0.53193285809790247232
0.21910897133588280727 0.41010219539631681540
0.21920440701445831344 0.61640245103987023612
0.21955874381039480747 0.58543793375319563843
0.21959400578000248805 0.58311054113372595697
0.21980862913137430570 0.36857499205268912101
0.21995785306979370732 0.35634181770016021273
0.22122524866844259228 0.49894456414393828503
0.22246730949003171163 0.61229060148007363740
0.22251940510756421099 0.51497487245821038648
0.22288155014426500045 0.71525561924596403607
0.22302908929035270003 0.31300662969040171646
0.22330429777385971124 0.70763976529127692316
0.22336926276025559357 0.38687403754215010654
0.22407216983106501007 0.68515452852119984595
0.22414749119172669434 0.43697372909431891896
0.22440647205608368897 0.33423956158708068021
0.22450838899465960785 0.69480417926536597317
0.22475204456274888720 0.34916857688896768552
0.22497181111781960894 0.49169162210251221579
0.22689685001189099922 0.67171800684221494304
0.22703172085669298674 0.63390003253381776993
0.22803104652880851200 0.43581764646341131231
0.22899622025904531331 0.58062890036997694132
0.22902036693267038836 0.29224267827545097331
0.22971675477434630452 0.44398494276781952372
0.23006570980749591060 0.71678027773131836042
0.23153371784134910150 0.52654838731433439847
0.23170195633400789137 0.27799634466112949083
0.23183555752058218613 0.60123180684769816917
0.23193081149573518962 0.68970001813743653241
0.23195345178755519266 0.52513791168614742944
0.23217456771807690186 0.35815653637262989673
0.23258395337477388853 0.48789255572323381172
0.23300404260942539358 0.46303662041606491462
0.23354478998750780039 0.39400766224988331698
0.23396046605770670634 0.29115230231659861015
0.23417813515942900726 0.57508032571931666510
0.23451399153898619399 0.47542769017966801659
0.23486147287072220435 0.61698903245547387364
0.23497720578297801031 0.42435372485090977479
0.23508485362103220817 0.58295380595712786853
0.23597673648370248722 0.50930082276272670150
0.23636643448477420715 0.61086648982529234697
0.23643543900751071152 0.55607986685168209195
0.23646152360725258834 0.67200506516789404454
0.23741697542946568755 0.43766641183213161881
0.23757660042156039659 0.73668723153487170041
0.23769359158412750599 0.45734661510026297648
0.23772505077609279445 0.40661110487264140456
0.23781037760641440815 0.53806176006836503589
0.23980519778094411265 0.28894369346164960888
0.24013434020687010606 0.70340623760543441456
0.24030144184943350028 0.32945006423632111625
0.24053441881683820802 0.66860979170361489743
0.24179975408850620799 0.70175534958874941083
0.24251028497491058933 0.40477207314525431858
0.24284659230874208746 0.28664894414685382351
0.24292232697412449727 0.47386045031509932413
0.24318578061728210460 0.55276017829945123250
0.24319305762227261258 0.26406755143354221360
0.24347466214805310591 0.32294731828717238020
0.24361617750837238905 0.73606597559436481859
0.24396797419987439892 0.51732645514435648959
0.24441844647629060172 0.51353064574983853241
0.24454078645517721147 0.47132546133126601573
0.24747546946064691298 0.38529167292150201529
0.24763572589017179837 0.50493598673735096138
0.24800586425184889539 0.70081384676588887039
0.24822574835271699056 0.71967706732523162305
0.24890564267173470592 0.63960932536808146054
0.24910458559506770682 0.29581712525613390596
0.24968943398048470961 0.62481919512369943348
0.25007335956196630189 0.45087040722109811286
0.25063615290590862683 0.32942376865308681255
0.25213634198784229401 0.38500414080440181763
0.25214922041297621602 0.42380431420105019180
0.25250655038282421305 0.28320201062750111065
0.25260284739616561955 0.56423676360163887988
0.25264369502671218948 0.29306698841145401024
0.25269671139854921194 0.43276906459209329991
0.25365226014600628091 0.37833405817852128195
0.25369957595995867861 0.44884274342751329101
0.25438665738282301154 0.56161917993800580806
0.25484595181113700590 0.43033175434335341203
0.25630869598343708482 0.31885389214266540714
0.25666186741638857827 0.37716766838722848298
0.25679954353726119898 0.36986987990758551925
0.25766269052546242335 0.55619036030403812276
0.25777519164536510932 0.71613973895317950547
0.25811219272228391741 0.59096847769669857975
0.25829771873732898513 0.34132132242065432726
0.25840068967203411177 0.67642849450452757765
0.25853390012280030863 0.70581003125474117699
0.25856180819298851814 0.51345698698610475752
0.25917936736591962177 0.38045732082061478607
0.25990528859694439490 0.69982689914581430735
0.26135206498453472657 0.69765546524176313969
0.26214845276935971885 0.32974854180363877276
0.26328277552288847918 0.31759706613313132273
0.26360654129743937846 0.39608035009662789783
0.26411230937113350237 0.63853745257889382714
0.26461356824631410145 0.65567537333373915320
0.26514969734265969592 0.39321769480197732438
0.26537112376309257566 0.76185986248241999164
0.26604089803426478333 0.50899178062476146955
0.26642478049786511018 0.69663274482782566732
0.26665715367648701317 0.47630000737178290748
0.26787526431225078261 0.25908288694514070016
0.26861444475466267345 0.37792247866356831754
0.26882768876213442022 0.29744564297866782354
0.26900789342561098882 0.47369488945538740232
0.26909721934049912750 0.37343702479144419426
0.26971534829552551438 0.42273716904063157740
0.27059094999462401931 0.75019022955572456368
0.27077999780778061467 0.38194647222582822632
0.27146045323144318839 0.65490340424427706534
0.27186315196386162674 0.63549168737522487849
0.27295738623951748547 0.26846734036752339936
0.27370983858776959385 0.60172948154908301177
0.27399043304345449545 0.65299943445368513473
0.27412201118327572669 0.36968664677715501465
0.27430969553247380732 0.50780797534331756360
0.27438110230680889945 0.37868990093954707499
0.27468380590864421853 0.76526016872408597624
0.27480053282515137791 0.59284266242561578508
0.27495157344049447889 0.24861581836110849264
0.27680578819695889070 0.77026415354357946619
0.27932977829866900699 0.24214288047989640518
0.27974264518164498883 0.40984828573377252159
0.28149986648122271582 0.50737599310293501897
0.28157395198492590760 0.64051000123010581877
0.28286108672207621595 0.71437783272817545477
0.28303600587161747981 0.32826381108373869910
0.28311740384392980463 0.52345515175331513991
0.28350098236791987372 0.76936634691632921346
0.28475722073931442058 0.63490888416421575879
0.28480009952732637801 0.40853401192345212278
0.28483170727914181031 0.45577505950057761730
0.28514393346558619680 0.69985440074278471023
0.28551085004480897256 0.49978669873192449469
0.28558071780469568290 0.24789785654675539073
0.28610518289942532544 0.31776185379784688267
0.28614757227469678202 0.22983436698418568955
0.28646786090476827891 0.76454390592057386300
0.28659086430210711782 0.37108948487759907398
0.28750076511482397512 0.63232245050294322297
0.28751567372220782071 0.51197997535440986638
0.28752291337923752135 0.67288557135490834060
0.28779554749858660134 0.25767906708863208554
0.28787449429755340713 0.60020078167112200784
0.28954388579516138202 0.65983312960816853376
0.28995732021359471586 0.39925232699865748076
0.29010760501666160716 0.76190258249115649924
0.29014031471621759550 0.78986114079633817919
0.29101991833798951381 0.46673983622052878095
0.29102394937568909494 0.44195219761908077771
0.29132687529424627915 0.49610877165452471615
0.29162139244542500949 0.48398576908420848364
0.29209886576621868493 0.36529939853736570488
0.29263130795174818743 0.44059674103725848804
0.29385187142866930898 0.53756054190357616118
0.29465114773396877679 0.71886998337289376160
0.29488783251062500312 0.44016850681737762496
0.29536428257302799194 0.27293605751425620287
0.29568766059257600709 0.43849516977475888613
0.29633238044348758633 0.30153289238763159030
0.29646142405965847377 0.21381256113229199500
0.29713998482155118408 0.47451371789309598759
0.29717074749995092686 0.71314716815110512638
0.29866796648380761203 0.28091664311560188283
0.29884691999592999379 0.27230737314092529067
0.29888085897038457750 0.48743048694344842664
0.29909037021973178261 0.49942539929608831262
0.29915631559365857273 0.48375519482146078776
0.30054696120717638852 0.27844245077025991941
0.30115956423710210643 0.24455790559874870937
0.30147016699598550016 0.27724638403594958902
0.30176015077656559438 0.25253425536345541769
0.30214758312884532065 0.73781751752042468162
0.30265544442241970602 0.51101651376854839715
0.30287437605174999389 0.77740850218656010195
0.30313769088462377832 0.27667219956330091346
0.30414393791826849212 0.74772292016443253626
0.30434747417764568267 0.21758854870958849181
0.30439423684825128724 0.60553990168602245259
0.30446397666986058095 0.55099946401807631258
0.30459892369907221044 0.36251908086535261644
0.30465550167707822204 0.36799246882631819755
0.30481436795824490282 0.67092629562839700696
0.30520158435585648116 0.50711661212555914080
0.30526387963606160802 0.66578488481001074639
0.30555162989614631508 0.77661544051454589610
0.30752249080927268610 0.35833241994236908479
0.30804306878966847272 0.35580868858519820730
0.30865377620983391882 0.32638096789860987501
0.30875426782543047288 0.20480952023286649877
0.30983542445236378349 0.59151051697805923091
0.30994016648291089489 0.27627569382525640762
0.31016193314656087532 0.50457186270863785271
0.31106627384553908744 0.49281743581648157493
0.31152167068910191494 0.47412845478008458500
0.31233265748759797553 0.35594705741650778386
0.31242318145826908360 0.27572543479837208213
0.31328541985113300683 0.58872991408469366181
0.31343797907232701094 0.19956702452116459323
0.31369243065557250727 0.58688909111274401020
0.31370562203188118167 0.22844402602002231162
0.31413230520351620445 0.45926537018687407787
0.31503053402061731436 0.63717259938817361054
0.31516507172116092761 0.32631135482868178777
0.31650139420167078264 0.65195987148777034825
0.31737890769444082606 0.40665639374387752003
0.31760366631662567682 0.54726900757999674685
0.31810455419332117621 0.77476795426030997671
0.31880535809440602169 0.30217350107251689240
0.31954402742410248361 0.53864370694923913163
0.32076685705417251615 0.50199758321928067417
0.32088087718202568110 0.25690905845709727240
0.32197547208468607627 0.76946910091325149139
0.32230681179466208475 0.31030407242948787605
0.32232098978804651912 0.51995803195081069514
0.32233750819027318091 0.56130025082688350668
0.32239584099162649222 0.50715491521320510415
0.32265683630277991467 0.81976518383839702686
0.32400166346897851799 0.76589762492579449571
0.32415443411882127744 0.29561391097587569332
0.32445969776082067559 0.80753601883129255690
0.32460621269494549512 0.65101889812345914432
0.32474516192663871461 0.22509550749380541346
0.32505545547317349353 0.72972118425507670469
0.32528795280483602248 0.24903758645683141126
0.32565193192896707552 0.23909657103104900444
0.32624863377744950377 0.28696973344431880859
0.32656688416304108236 0.30526157896226452371
0.32725259121248939653 0.40657557015273548817
0.32930163085857072636 0.50182420394716209522
0.33048859942198360873 0.62767801520071431209
0.33111182317937359887 0.32251871687491112661
0.33237072344381152211 0.27166257280827632581
0.33248128861314391047 0.78914548728746347628
0.33361482951862708735 0.64234962877077061982
0.33414855790409159209 0.54526993254212152706
0.33494987783681268168 0.35304126217836739876
0.33523237677773187748 0.72303087171663749100
0.33526620699874998266 0.31849800073778639087
0.33638841805434938070 0.80726259813668888032
0.33708162341120639915 0.37924000757323922395
0.33733132038995428115 0.50635407729717463177
0.33765737046469057603 0.83297830420692697828
0.33806620571606699199 0.45368105155927229699
0.33895048374432090732 0.23519973056826398716
0.33978657003789292101 0.26785278992084121663
0.34054083863660050691 0.37231594782384147546
0.34109956497076732163 0.68341859646600600087
0.34131334274090441294 0.75490992324423478177
0.34136216940053970559 0.62485206133374171511
0.34184952893595887957 0.72132722636554347240
0.34247070927805811635 0.25448547839384477731
0.34346504472464717272 0.47681499140712879647
0.34370056485219219189 0.80561265319871533386
0.34477272611581510908 0.34029791649664342668
0.34509217323910190700 0.44274520027569491676
0.34519582047385471979 0.80433001644715251821
0.34522796591270432653 0.36268636563122247374
0.34540238978466580866 0.58181318988497499056
0.34577055396532768716 0.25211877051305298103
0.34588981909265759107 0.30423561586066272255
0.34598002174841940848 0.83720238081506848093
0.34608008621150837536 0.63098890971959686880
0.34637418010044507266 0.20372158329499789886
0.34682986033501561618 0.58073624191831973995
0.34721649795694131679 0.36133383818907921503
0.34735737038174452351 0.19585288494508359958
0.34763485233752738912 0.18332884371495569709
0.34837887389955252138 0.21766972865602141063
0.34863588001951700823 0.75122960426901730369
0.34876323188617591731 0.56755504620698193907
0.34922089709865639096 0.55407948608116275313
0.34922524119380837782 0.41011806184904581185
0.34924691065245072608 0.33398938114665732702
0.35017799682968131503 0.55070996676004724257
0.35065991721073969112 0.35483127886971321807
0.35069207368898397403 0.54598423378700677855
0.35111652617600319637 0.82960297917805136958
0.35120176827072369097 0.82521974471868697609
0.35176751665855610085 0.49554161672319591014
0.35250336808473609063 0.20237034078956078753
0.35274551553240862667 0.51364379553037842197
0.35415037464961940383 0.29112835221503369221
0.35430458379298451765 0.15174759759349099042
0.35478458810911411847 0.17062633240804739310
0.35503195569325912695 0.73728371633472067348
0.35558252673942691846 0.69138912327140145120
0.35704065463916850875 0.42176263872105868025
0.35735858976659051756 0.73421207504204233363
0.35788211727401908480 0.47501432966693540871
0.35796940778396391103 0.24026260010887659502
0.35871976658098697621 0.28735131364207588955
0.35905582493507059993 0.50963325319995911311
0.35911502771918968335 0.53527305740079555996
0.35955242317832092347 0.66317756583808951110
0.35999958579133312098 0.41892753787295561319
0.36011646024952831402 0.43584691455172891450
0.36040800323876082123 0.26371559764377272561
0.36113651388878037496 0.51848085886273509448
0.36148287939873080532 0.72255118252663808054
0.36167494712149822478 0.49052483217140929739
0.36169198432906557450 0.82475816418613090431
0.36193668327822031694 0.46152363153631031922
0.36340358148430401686 0.59122443898004295448
0.36355501965379188878 0.58576621981166665520
0.36388113071687461231 0.86208160385845766793
0.36461315152441842180 0.23317463588804449026
0.36462725923505889813 0.16836635197661720120
0.36538943836498560813 0.76355338895347113493
0.36545835196309861548 0.50268162146933104140
0.36597455268071471535 0.78998422434654536062
0.36598846002792051468 0.51828639363865369738
0.36602328123509042523 0.20036581330233080300
0.36636294468900382215 0.60697758723771788603
0.36641735137746012096 0.58549595363141615501
0.36683049442013049291 0.16547195506296238920
0.36784064863888937813 0.28161012650755568032
0.36822119895166011139 0.63094412459891835443
0.36833053087187789254 0.41179626732630392194
0.36854725415917599651 0.36549480596003258714
0.36860074270632559035 0.43356788940023011092
0.36868756341338260185 0.81648726247273861745
0.36895304662595979073 0.72034957531483634341
0.36922791049710257383 0.86138210397430547971
0.36935990700893950311 0.40558126360475699190
0.36984324465152251804 0.39984079673876121719
0.37061322938117852166 0.37947004442624981957
0.37087328444244560544 0.18656169216855059134
0.37144168624622730945 0.27887328451797438467
0.37203790064224151468 0.49984311198082820304
0.37218858142779809306 0.86732497279970821591
0.37232990393747772417 0.57257177846315976399
0.37284408289449327834 0.87254433197890379770
0.37323849621892779549 0.18281784909800150030
0.37358389757162902001 0.71616969482457293328
0.37382827635955728773 0.22978457027338919372
0.37416124143841772431 0.56884324277476372433
0.37417783680199961927 0.73395689429239463486
0.37443124899720131582 0.57337050718543880468
0.37471791845684548905 0.59493910316619036394
0.37498625616666608762 0.79409247675342897743
0.37533638944583469499 0.78864396984600104723
0.37537968921303160874 0.41116418744913607597
0.37539691026174182298 0.78220194783857466270
0.37544037783905498395 0.56718443742397850471
0.37623620975936361566 0.30548503963817019713
0.37628843398663630593 0.22075596959046930867
0.37713376819874760981 0.72804598897828076698
0.37714996613604062636 0.48158505138488760799
0.37722958171852077891 0.59180754373992894291
0.37799372492861077477 0.29870076553404517616
0.37811349833253621311 0.24824861122431698957
0.37814801510224227421 0.51349586338296349108
0.37884109750889677359 0.31871690260131019246
0.37895782094355301428 0.71234564615877438154
0.37959036242039290165 0.28699258011064049390
0.37963385315624731398 0.36029559675195377277
0.37996431078016990046 0.55270222076200836714
0.38013592940852292124 0.21448607383092188616
0.38024541033747821794 0.39858220479626521593
0.38069409605842241540 0.39581128857786151976
0.38119644605173108598 0.76088552568600609227
0.38155388034234899441 0.72775019752207004142
0.38170229380812942255 0.45055170549818651660
0.38223677382048720785 0.72721673726008417837
0.38240693664885139214 0.72062533523867566831
0.38258331492357361414 0.14661981545581539987
0.38263056606400902560 0.83155625676658495582
0.38264231777252000199 0.35481234067160982715
0.38285974809087719439 0.15791045883017018614
0.38329831657630641928 0.85111790665818598534
0.38358331341560847338 0.77721103871995844692
0.38370082773123237452 0.57015315329669424838
0.38375465803995700842 0.53030866677822852129
0.38452191364053067701 0.43856714967990440002
0.38526395404718971616 0.67689594926737883807
0.38546982919310279758 0.86012657884341303660
0.38553607137925688386 0.31754286910864021332
0.38568539894651737709 0.60867937160546470299
0.38631166814880918414 0.31271003252028878316
0.38640272965875721578 0.56890647831159379955
0.38661783191678800176 0.43330624354197899706
0.38729514384189628329 0.68364558926776852754
0.38730394993814071247 0.52597962775174400551
0.38757921067614659050 0.51330178760683498052
0.38766085892211632480 0.42692061885935977950
0.38786530188864387636 0.31543537487453482404
0.38803064667420450462 0.34850554835734748327
0.38810365058424411977 0.59617365012413847669
0.38819622486671628847 0.48087696304214611054
0.38825808381894172383 0.34196198551620837769
0.38843839642084732056 0.24815116524737801385
0.38857098603304568440 0.42436473637338889553
0.38907443780035699810 0.83046486899699378803
0.38953342783515731984 0.14482709639748669872
0.38970930670551900965 0.24554068541766360667
0.38999124944515201063 0.56462280641693174399
0.39026938700432367568 0.67566435172644623286
0.39047277224725557287 0.85004741428201102682
0.39067054128310130245 0.59138714760422006478
0.39070028930888700547 0.52064890636548166736
0.39080722394795130992 0.81204029874177996451
0.39124793859645018435 0.24626183630805920100
0.39131748426021178977 0.39361063859740558213
0.39144227103215828434 0.67010789267896631038
0.39154524194400458503 0.22551955856369121367
0.39189191533383022081 0.51907007491203338567
0.39213529464428409366 0.23363742412921958969
0.39281477798387709477 0.39195206689213307749
0.39283491778783918846 0.38612955004599719411
0.39311992218481350836 0.70074323930339232902
0.39328528689007580255 0.43817255114543551819
0.39358961291938510119 0.55459901117588528141
0.39378934782914992718 0.15611231538774389405
0.39386157004873678655 0.24595742055183339447
0.39401565390953391388 0.15343116609888940438
0.39431905716485582403 0.31090088794929288118
0.39458612989407099159 0.79327364494063223876
0.39577421432684417590 0.58919001326585074274
0.39675435287272409202 0.13188468392433910781
0.39677711792799358337 0.58482298060547321938
0.39712388340263238273 0.41648708465920780686
0.39744612205730001087 0.58772170268370405033
0.39811870468038090820 0.58429645119144268950
0.39816715291191212556 0.54856751372984979831
0.39915671773130478872 0.88979446940053430470
0.39929779079976140954 0.75722066487162442705
0.40097239577561322177 0.88167618214776999341
0.40112298806678897689 0.43206321989099777392
0.40241787851145371935 0.81128250623886555282
0.40293206417776450401 0.63423762969558283853
0.40305062331476737558 0.74122346612533152044
0.40451071257257442682 0.28356759274362008938
0.40465640816799791635 0.58070579352167295273
0.40494773474979978145 0.80845540914303770652
0.40494831699450439810 0.48235037052350371312
0.40521931188758197884 0.22216366353532349120
0.40523111499072850261 0.80540664036316378382
0.40556940749136177748 0.12788080623773689926
0.40589988605907278973 0.79960978850982189492
0.40634046147571961649 0.11767170026062449828
0.40637570222612168225 0.54659667308391635121
0.40647057707391959225 0.51845808281040417498
0.40656245995721879138 0.87903302840296781984
0.40675219854289307309 0.49125744613474842115
0.40685108082515969441 0.79285370513218844657
0.40685900476661418512 0.83315789646858340323
0.40749702788429581490 0.56118916161838405809
0.40881143051036489267 0.55032696157158833561
0.40899198769251332575 0.74876449433688097024
0.40938248272549337958 0.72208271386469202735
0.40948113549044662385 0.40031933203058528425
0.41007951923871110989 0.15995466191153429047
0.41095277898176829634 0.90524240909435360614
0.41169769232854802610 0.51689892866570830154
0.41187642169146271298 0.87282082088214685278
0.41228607750301837775 0.32720589958600787561
0.41229259478835289521 0.35942640993199997945
0.41238043395298318305 0.68591335456438273788
0.41242979172112437247 0.71925660792605583538
0.41256410466097581669 0.62622212883173111742
0.41278221073128268381 0.20375936565402388845
0.41301079207385638092 0.73203577385876250627
0.41302459521228351846 0.39856171584618127479
0.41313848556496340914 0.10914990690099289627
0.41332849579539882034 0.46250095553170200713
0.41346867085406319164 0.88883491128579772411
0.41380621693801311611 0.27729437450793681386
0.41417918586497981526 0.33257947570850981966
0.41460287467540818396 0.54052088293894984261
0.41469583531063980431 0.22688409851580759735
0.41488073182961282548 0.68124354497077743709
0.41498380836160209117 0.13485267826368049771
0.41503477323481469119 0.19845570917098570574
0.41512341214737091821 0.71499416121470271701
0.41576332552896988481 0.53464064836215030585
0.41633844439287437389 0.46178032899482868157
0.41702599072161811167 0.13180737182719901024
0.41737512726039421862 0.44091945684345917877
0.41776359037389620976 0.50184848807442516971
0.41778200450104757691 0.87354529051746743207
0.41813014115155022754 0.72762216969134563271
0.41869072069965940219 0.43700942213149440718
0.41919924239585087955 0.86487471088205891689
0.41946843619860502139 0.86294625897994670094
0.41950475424693489668 0.16399335465610559437
0.41956324921589038812 0.19521026775555749833
0.42036205411694799183 0.08513492840780012560
0.42042641894614568576 0.89264325370226560441
0.42057445201582471794 0.59387602938369299377
0.42065194456493071318 0.16311363860066890874
0.42086078026918277706 0.32001233022498298819
0.42094528942518250059 0.15987825699776139765
0.42155641748648620126 0.49566791169115448357
0.42223635890036131935 0.71472957116201674133
0.42274052131271760979 0.56873206940962961475
0.42276302919893077314 0.54666090982525217257
0.42285159922749088190 0.52338048728403874232
0.42337352052676641145 0.29780052571148002416
0.42352445552372092186 0.29336949723820499036
0.42383961532727698618 0.73998192334256651659
0.42426284660399177229 0.58870941637800588975
0.42438247568255660358 0.65222055720509375387
0.42454613865050211396 0.86750495793090309782
0.42458074031758469280 0.31696009302361671800
0.42464222810796120600 0.77861369763794230359
0.42522721736237389933 0.91783235408999319649
0.42552284990482297511 0.48455416632608960814
0.42572118001381842323 0.43029369390743832380
0.42572441171585800879 0.91493198933778641102
0.42577623787636881270 0.92258129349662920671
0.42600140441930922641 0.42414569684850389475
0.42624861803557312356 0.52183894019756749127
0.42638852479408839713 0.10890748490939830551
0.42655971061428638036 0.88727546748885965933
0.42672736879830497347 0.77812124386439263102
0.42698297855475747520 0.84927358977674005658
0.42717534130852707897 0.83272332241336011194
0.42725991132396778927 0.09361492882216493339
0.42883982705967937932 0.50355243453606790549
0.42896490030940698235 0.47982583745337298309
0.43008861748999699381 0.68425231137388897729
0.43032623826951621471 0.84710125079483933330
0.43070560179905592602 0.28255637681726947230
0.43093938692517641531 0.16153229221682210981
0.43107956928499807647 0.88066164558431136999
0.43119392220353708334 0.73879840700704657586
0.43140941791188580634 0.84382974431928714498
0.43151339181271242129 0.71128925291512756779
0.43204415801987289258 0.72156351974478660782
0.43221916824440698157 0.55721061841454322394
0.43222175163883408411 0.84185469177630878335
0.43251199932100647949 0.73555832112839047987
0.43253952106771920150 0.27994527994921930558
0.43259645529932899688 0.79592545387634250353
0.43301306199623451620 0.08101948217298005073
0.43312850365304711442 0.88040078380181030493
0.43347488658105581827 0.46681139871391502671
0.43361053688583822696 0.51607760524015544590
0.43420389126081421205 0.76103615591714690591
0.43431209662243930314 0.86744246154895054968
0.43441165858854191573 0.29166525512301599843
0.43484561164933738242 0.15105286733267558885
0.43555065402175241474 0.87426883715371661587
0.43574000602099427493 0.82950475522959177255
0.43583702330704771066 0.53410937430245875035
0.43588272189198240536 0.70954135246478033938
0.43592969094965938748 0.27050549005113921908
0.43652439183921110111 0.86449402224157101404
0.43657459269572840288 0.79080524967208498666
0.43674778915056000628 0.50010058375413879439
0.43753938967233152457 0.43076606679162837699
0.43784306054783539430 0.48824984494705531146
0.43807394002448818426 0.21985313707766349078
0.43831931116232270007 0.26348335133733258306
0.43884029074862712649 0.74826761097549310264
0.43912607955976989960 0.52796349916836371463
0.43914464383469281605 0.42461014513320899377
0.43915034893465038079 0.14452178667135778811
0.43928787133485480698 0.23272127952930610206
0.43967848811669429931 0.13590746889049371005
0.43974981500821191949 0.60306855769237954767
0.43975131990363347523 0.56725122451149545544
0.44002061754317101094 0.34883878575141158418
0.44066595342893888354 0.91635375335986135603
0.44102912534122562516 0.42297582784298098924
0.44111737421087787725 0.85676776671784160566
0.44115406559825609545 0.32898340435455397657
0.44153472229240792180 0.82531145118111515213
0.44165078392785661610 0.56241082202807224366
0.44197153558671858908 0.51113344452643005855
0.44214647525093347946 0.07426710462755869990
0.44245352677581778478 0.16081452035161539205
0.44261632757733737620 0.55898614098587240395
0.44262838545330868145 0.80086822542284064053
0.44306619034186650596 0.48705810427339940594
0.44334523318376839462 0.61934327043891113096
0.44391571415837560721 0.15847497364327600700
0.44393773075608500278 0.50323748138811685848
0.44403395213534002650 0.63677222739044858635
0.44536289738817669281 0.24760026228791509606
0.44545050218251547314 0.15419480477807620544
0.44605254539653649282 0.90623729606538316883
0.44608787834251678595 0.73271066971744847063
0.44657074943023411517 0.81357199542521008162
0.44671161894254879376 0.72915055271921846991
0.44676211802388510197 0.21467743677327430496
0.44676413079770471715 0.80393091302174113366
0.44681701496721321076 0.74135490814707771801
0.44689557043690580906 0.92636458706226543214
0.44690162780928238684 0.83185725715229497101
0.44767814215123602484 0.54208850846278699986
0.44773762653905180287 0.78918915365150299479
0.44817449085009508636 0.12464882787663160435
0.44817562491064621977 0.58853559336206562325
0.44903979938700522290 0.79915288620130398023
0.44929113377778778782 0.48399810488192779312
0.44946658928193522486 0.21495683654782049565
0.44957933779867581547 0.92306296482344540877
0.45008950483774690099 0.55789127743200928045
0.45036741076951358753 0.40981482927477652645
0.45101146770622102533 0.73000064454855528862
0.45154600213749768178 0.40235232688829869474
0.45157106472088748284 0.30385933508458440322
0.45192223239851442296 0.85202895096734210245
0.45197433258087738039 0.38070352643513422075
0.45221215228133487818 0.29061359237998152238
0.45249223258932808056 0.30137489510213738564
0.45340584701386099642 0.47898978845036360719
0.45341580948896109682 0.05745620466307609780
0.45376501417247211423 0.52942528162539814751
0.45395495096716231842 0.85092030841313182066
0.45396345588995851150 0.13026217535978579232
0.45444465502054598449 0.52619130018807291904
0.45481900759353360852 0.42122214778638877863
0.45520869434405247800 0.79441500794387609474
0.45539623469969092717 0.79213407217373443814
0.45550890592352821784 0.21339073839597119675
0.45572902247651470020 0.84912270429093672508
0.45619126130914799955 0.18546358136281379525
0.45640202383544681286 0.92006322645201099597
0.45643200769481340195 0.42040950287360218107
0.45690892566967228339 0.18335877067181288735
0.45710910890951528263 0.55653361492066522054
0.45711822984797750857 0.21169262669224220286
0.45745906289578380788 0.94905814576595437515
0.45761188172963679355 0.36792327037588590244
0.45766409124216511639 0.91075604821996536398
0.45857229061250232016 0.11084012826215709768
0.45871702641868311590 0.48959078233896219379
0.45895057686154289156 0.29714434506235148925
0.45907167413632987696 0.72465811894738796362
0.45919378672478061709 0.77443388934192913808
0.45941702542793572128 0.38714366635566838104
0.45957020009029558860 0.80213942749527578080
0.45967257724679788655 0.90400209479949289459
0.46031094480392542589 0.84644063469725683291
0.46042936158730352059 0.70507553634381825436
0.46120828585026929503 0.20519125884020580908
0.46123807716498288478 0.69624554104423674872
0.46133746961420518673 0.91249222797346285496
0.46200981202159990824 0.67560404624732961487
0.46238003401456462260 0.36010452273868581718
0.46255609188110208274 0.46422489262545069133
0.46341150970812411414 0.91169543811958675406
0.46343150947417832697 0.10417284506773369368
0.46352807451584471243 0.15339568806047529370
0.46420810158579778326 0.72460476956520925018
0.46423576633732360763 0.30820658816047991069
0.46428876252840478589 0.21453294149674251301
0.46455724730548231260 0.68251629520798751116
0.46462871407440792249 0.48489390036201951428
0.46497137285725798073 0.91094157814485654523
0.46509304931072159572 0.18375278169932190986
0.46521917259854489446 0.68082411309517332221
0.46527552469205568642 0.14540248213386158804
0.46657343734711048677 0.23216824450301579152
0.46718028994453592029 0.76131187721762239029
0.46722119701772490963 0.23022751751709810697
0.46765995221971418117 0.47538997663316878706
0.46767258614841311637 0.09650140431830322996
0.46787012206212430510 0.90096774643513344305
0.46798569218704322292 0.16244915441890150909
0.46913772720542568084 0.54981831126920543973
0.46914941210707922226 0.14386014144316000563
0.46967844055898022582 0.05723477359450090951
0.47019202070036597574 0.07820917114247893931
0.47059012869366378951 0.49712748456451449908
0.47062626293616888207 0.14229510777315498848
0.47068793034894862437 0.47150659274273537536
0.47085456505811140726 0.82665623665688781063
0.47183011788250850405 0.89277782264962768366
0.47263529880933607963 0.74613720056995846974
0.47314551455724002116 0.41308262319624661218
0.47318724070267298432 0.26969618973931919204
0.47327741993384242480 0.93559807431273689371
0.47338038728015757739 0.30507684923321282122
0.47341604498845668569 0.92547830006695952498
0.47366098696727948481 0.72902599274607826629
0.47389136406285581327 0.62619434679354157858
0.47401315615082750821 0.30535635247636572220
0.47412108471845471058 0.06715317276608634423
0.47481709634265562014 0.72894637344952417646
0.47492980620602232023 0.90088278238402486053
0.47513065994079611842 0.45892769417372547558
0.47523296794459007897 0.27374187406393318822
0.47586878745355781772 0.79863282517269607030
0.47623199964493789782 0.82435146534614900382
0.47630505274816409278 0.03709236341640297779
0.47637421756923292726 0.59676783890300000301
0.47647942721441349789 0.84377861385040964226
0.47660858200421157838 0.03151711207327800857
0.47689256395646362208 0.14419619143180328891
0.47700567465055282446 0.52422086640395082480
0.47720233864740801977 0.05338883878532241223
0.47737227804698079137 0.23555736953995148886
0.47774354322332451828 0.30078508685533317246
0.47782450351580907366 0.63638863231695219635
0.47782934581377800587 0.22901684400471661318
0.47796216782209260954 0.26777317718439830330
0.47801380015431887971 0.03144556151274847250
0.47853467067004007429 0.26484606614621930554
0.47876681582074409604 0.57279603103214338233
0.47928765117597782464 0.46697039429036918401
0.47937913184057412419 0.44509492707801717737
0.47944072432684831098 0.07698749947330107979
0.48017339166922928806 0.71011864564129767441
0.48038709802162987694 0.79818819779452421237
0.48062578461037830380 0.90058522630154957955
0.48099701118953908097 0.22000070557039300145
0.48101704807091211213 0.40228297795661260849
0.48109255127764899429 0.96818393380425216144
0.48139395622801162133 0.78884892353735369674
0.48166733520081111974 0.39777025561721118807
0.48167033264693082106 0.90023540462167506160
0.48170663588635509456 0.21735559869811219014
0.48182063615435288817 0.49582868234910060234
0.48246595302103262304 0.25231006637332431541
0.48249596699415892020 0.96088977820623400206
0.48249893934910947912 0.06636731973618026359
0.48267218317500198976 0.04101809602077587796
0.48268384145218107273 0.62625653635537248398
0.48273860690871678303 0.61159112959141348487
0.48310540021664177823 0.13915674154763441051
0.48330522357358751684 0.49980877810019841423
0.48371066493744829806 0.12829244052951480071
0.48377378080300059704 0.75018517934677875214
0.48407177129935907711 0.48973932388817381645
0.48410994568510279379 0.37178803364628637551
0.48420198832248212417 0.48450933170147947315
0.48429356850787858013 0.65555391779407889974
0.48464829684176141678 0.05516441204370071266
0.48468021214054768375 0.37116863857147447403
0.48489228964940150890 0.67450543203058344055
0.48503119585135301417 0.01868848237350650976
0.48518685147073747910 0.47152207502825427277
0.48520525681469162116 0.36726171557874071061
0.48546521891788640968 0.46889373123617078543
0.48560012696345777883 0.20659997051403580781
0.48580075859049720588 0.39744571074140511158
0.48590124068925988343 0.98312632948050449055
0.48678216697088988463 0.35293219731441261011
0.48716333130882938374 0.52291764592179257320
0.48731190720571249120 0.96821410845829503078
0.48766711504717608072 0.61108827997902503970
0.48770218505962831257 0.18689655528110499239
0.48778853760090007396 0.72507448745273406221
0.48788489577686527943 0.59446353392908191093
0.48830105880445262567 0.98808155938140984631
0.48876289920565302305 0.69833329678280886554
0.48878917028438068071 0.11082253849446800642
0.48950037457858480705 0.35241990233515990694
0.48963072384874228860 0.62559685424133781861
0.48973356099503079220 0.66287666207075957026
0.48994443653718222631 0.94700544229095695581
0.48999412121764768235 0.24765316640721810049
0.49036163272013000292 0.10541757245924220088
0.49099171790730827825 0.10264485475041669471
0.49123950374994668211 0.66016457894023317099
0.49156595354604581960 0.46097552580762490848
0.49166547531023852002 0.88550093617631708831
0.49178339291177891601 0.78832818249649061482
0.49182894339138022444 0.18402679450100800640
0.49199846581102157916 0.83942802579100594951
0.49226684424807948259 0.55205149088343408170
0.49263179272366658390 0.36672608460989808421
0.49272076203697412478 0.59378088754564084528
0.49329875465884032160 0.45491347390425951325
0.49349785330596052102 0.56802894674196124924
0.49404774575202842213 0.96021613894980717419
0.49405025996807838684 0.22443598260788899523
0.49412385658928398291 0.06499274816154176904
0.49495146437439851983 0.65493337044708277439
0.49546101023446698086 0.64991348519944391882
0.49561766608018098523 0.72029588117670106939
0.49585155631295840806 0.07193041664094357301
0.49610366377047138142 0.04211907013893124302
0.49651241943217189201 0.94131012520603263294
0.49681141916541532444 0.25060739808259208106
0.49692732336620387690 0.11213482270977789823
0.49709157215126020812 0.69425954480628992993
0.49723794011781619062 0.29526672786719232455
0.49754332292652392322 0.62500682464792622905
0.49766002651233948173 0.94054535108371883911
0.49778714603368667824 0.83522515323407520160
0.49802925793336572102 0.96062710940234929957
0.49823711991398611509 0.88428839300332340301
0.49826151992567951909 0.52239228137875903801
0.49859578257029402160 0.66853927772174748245
0.49889265217117267914 0.93940319991871579219
0.49898887682809678346 0.69218227223880801624
0.49919421281713338701 0.03797963209738342005
0.49923791086057089927 0.18495566454734069239
0.49939297030486162754 0.01224225740892138058
0.49940631415382241709 0.58319487073301978786
0.49968053284546609660 0.51459453979582547856
0.49996176105082767993 0.87895704451444134353
0.50026232283488591968 0.18130902387001540665
0.50060442166432650435 0.99514423689096476178
0.50111688444793733854 0.68015402108051092878
0.50137863076147848318 0.01703826276697472872
0.50138996928317658419 0.55599996094607118113
0.50162580366337050641 0.75779768270929903640
0.50189067743155890700 0.86086195341565341366
0.50240032966704395445 0.82292043199933717634
0.50266233649946590045 0.21528354761937240625
0.50315147055277842369 0.50461657016975858259
0.50339337403513695346 0.00390176918120754791
0.50373156259803641976 0.39476324772331988777
0.50376382888886106493 0.80856004189338059884
0.50381004616650171268 0.78957248832059456767
0.50384305672946338994 0.11102182070235500078
0.50403163300692022109 0.31593618472675810693
0.50428822609978884994 0.01819417463576266866
0.50439740112578956843 0.79382754353904405598
0.50454735385354798627 0.46346190444397489250
0.50490393307732972517 0.18054619637443780622
0.50492480505500580978 0.23574835842192851110
0.50512260958480603712 0.14934474627732019503
0.50516981931182425303 0.96716811614821962539
0.50526524058724009425 0.82218967939544806978
0.50532300929961782021 0.18938690383499320880
0.50537458537226953581 0.96090967417550088303
0.50537731336384084102 0.46261461958572752673
0.50621044648724478066 0.67913185306933843144
0.50713294400906494541 0.70792144460390882266
0.50729733293593592958 0.93432013896798582486
0.50762123254011137785 0.62934845027964803066
0.50799672126057215937 0.62219691094766560457
0.50806047720223379560 0.85754620424471073026
0.50838094373197106890 0.70660141373876206305
0.50848171993272150981 0.11251734584048719845
0.50871626435500882923 0.67381872435860823423
0.50879244676699475480 0.91741547851787608181
0.50905126536624512035 0.91723822710837632499
0.50923317245691557265 0.95631660196869294754
0.50956304149541786774 0.91097020626685432099
0.50963396503767832701 0.60292028518150719840
0.51021043128550080947 0.95793548530418659581
0.51086277913605537826 0.18663349959017361268
0.51096816638358788509 0.09294698934859135786
0.51102670156304141891 0.69094068538881325825
0.51118802547826902583 0.84666917173707334499
0.51151590277498137915 0.82216539735160887314
0.51160268517021423307 0.61936428271331589457
0.51162601363700621615 0.18425078684224341363
0.51202340571278071035 0.10734011815416140412
0.51239202200132594189 0.01373915962400262987
0.51245162674798194757 0.07171701236175243022
0.51256136151008790947 0.36539008253805638216
0.51328515831396570590 0.54000179985729479526
0.51341218717634551361 0.02941806145032010988
0.51348419905117581585 0.79144016023987540098
0.51369023033386318478 0.93684208236145682935
0.51388357508510662530 0.84525364057369456461
0.51427374918416357552 0.57077790310309262090
0.51560169619656959217 0.82109873805464739238
0.51584186988178581945 0.77379081252067682950
0.51669008535792126935 0.04147770250717153218
0.51671531534782622064 0.04708045256224092229
0.51680143409770273877 0.63674292119842912374
0.51689184674564092603 0.86478318475092752493
0.51744279491924782821 0.92701172228431671929
0.51804438587802503768 0.74028456867599023994
0.51865522638103855879 0.61523878503595097467
0.51972435439252706590 0.61336066743343931051
0.51982016382876283789 0.42859612781434291984
0.52049759476327261964 0.24937327129918199220
0.52059810638619841150 0.78916852547653348893
0.52080626565830157038 0.76817843729112589291
0.52090876847998135446 0.20174023836009460919
0.52104331593772434950 0.68590105927595856894
0.52153039307596738006 0.56884646181732290149
0.52166907940185636150 0.95676944666783647619
0.52182588727062240164 0.72024368676066641282
0.52209325293877195673 0.61309136201780789488
0.52211501029201456969 0.75371998131288653333
0.52225106717853997385 0.63667688935532673611
0.52258903443684967538 0.64980527298435319938
0.52310372985236874843 0.59394305493515398009
0.52323635226174658452 0.53162237234449505330
0.52337590127921984617 0.71461285367822779957
0.52392367472490963820 0.42545044136485060671
0.52398827270892645025 0.18240051488460709561
0.52414887986364333550 0.95075275076504139893
0.52427476903590652935 0.11936278118938589698
0.52455854095689591343 0.15055712853829059106
0.52486835295523459610 0.81909185662511130310
0.52528897805950469646 0.46154686167501579597
0.52544452975434641218 0.48359952446460230391
0.52550213690144675915 0.44655409594632811121
0.52590226632369252435 0.81783742893179289801
0.52597040175876585977 0.14308886431916428839
0.52599334462616020858 0.54401350870480946753
0.52665099720914465564 0.76664429254477906017
0.52678454423248777250 0.31076379640338919197
0.52692104770887882026 0.61530645481917667361
0.52703035951931909153 0.93382302693353780310
0.52744803813945340121 0.41838852752184907402
0.52752584581268613384 0.39732322273936071522
0.52782732176233448929 0.85388185352955647822
0.52787713188028106970 0.63439119331646409705
0.52800022202189655918 0.64908587706964548936
0.52821739627565955644 0.33719138746941629270
0.52880118627119410135 0.62765306935087716855
0.52906240593240905223 0.04027688538040263833
0.52918353882273927447 0.94282734829598202619
0.52919489627335569715 0.04271146823993420688
0.52925754629924015582 0.64311996892204226217
0.52934128299093197167 0.42967437949219428051
0.52941088576245909358 0.27988971015440938794
0.52946192789952950530 0.90974221874287886092
0.52970996762931421564 0.82479709404738121847
0.52980433440048624316 0.52861858242792092444
0.53026853771049498043 0.96055853140677815993
0.53080230784333382044 0.72493552517410730918
0.53100773430599246261 0.27018368223936262140
0.53102679827180598870 0.32856454879802871050
0.53114952039018581420 0.07208669562019132115
0.53172663993748825462 0.03839759258232122718
0.53185479861387474632 0.05957463777677852318
0.53211166285200761639 0.79322572844621441757
0.53212457864132634011 0.62738221732851695567
0.53285983583613072412 0.79178265337936670765
0.53288305837749871952 0.70210141082816446279
0.53293625840061009669 0.93770106760903115806
0.53294160591413608508 0.14224295867568478857
0.53317821135384602105 0.62093585191643052568
0.53319402264969573135 0.12090015508284010504
0.53324896341538507993 0.95304618347670866374
0.53338628706964175130 0.63305992760319274026
0.53379208330320948583 0.90246351007582670256
0.53396758264234578384 0.05478393147235838256
0.53422366106174568046 0.38257291210994559538
0.53535991983091313351 0.18027235850244699433
0.53599982202850504631 0.87361287138755117088
0.53616589237108780441 0.89132056027771044970
0.53634544855084587134 0.50336499012019408905
0.53672257681390356243 0.15338363080786429626
0.53782443475492625051 0.94808745826248685962
0.53840406056469314322 0.51547609465487365110
0.53850950176430600891 0.52983948288701532281
0.53865991229121890083 0.68494303401330081105
0.53957045489151955753 0.09577550536763657085
0.53965210957061715558 0.84811254715921313707
0.53973178931168996897 0.34607587802052869330
0.53980145797671386099 0.42878924162368242667
0.54007769079193523876 0.24602044453739010943
0.54027410589682167696 0.50027530863288682816
0.54113247852943746619 0.69859377373383924059
0.54129473082371859505 0.20008267561007508917
0.54146492994740980098 0.11169370546043040637
0.54181690871759935479 0.93273711768059763827
0.54184090060433043323 0.40733667844526338930
0.54315703731509867858 0.93676974284333669463
0.54343138284855296849 0.40235036865296791575
0.54353340754100321064 0.67239982849800827847
0.54361391864185315548 0.86710257885817276780
0.54368554560203918857 0.17489031788423339830
0.54383541783752475940 0.56532077228519961309
0.54399351486493341401 0.49289561227652328723
0.54400071769619740003 0.92275568477828961989
0.54410560432905563655 0.67223546634124320409
0.54429568504218694969 0.58200405267575794355
0.54432869926827920359 0.56119873687256283112
0.54469856567501662159 0.34298630184340861415
0.54505202754291892653 0.13689992218698218696
0.54507510015577942397 0.49000308349241750161
0.54515811100961664160 0.62065661523911386244
0.54563904082540537477 0.63256436416946904000
0.54587679747298456512 0.55461194985416084613
0.54659728247458716499 0.80342264993464473921
0.54660065049967165862 0.42814439435903661746
0.54662117323235792643 0.57501913108856561596
0.54684453963557067002 0.75243954927661349519
0.54698606892402945601 0.47751824189417718669
0.54703564102942936476 0.47543923305655022560
0.54721620203553167361 0.86249173812054868993
0.54754484846841922074 0.37410760132711240455
0.54790884388072413902 0.92668683912348692733
0.54800276210983667191 0.86419293225296689442
0.54802879745567634195 0.92242914571213041608
0.54869862158982907197 0.24040191020201528982
0.54906089554016435095 0.23961989293086338737
0.54908987709904322205 0.36883205688524600685
0.54938011724217028497 0.60285724368596760314
0.54954970965467908606 0.11909092879455809855
0.55016610872404458910 0.83840969076268623272
0.55026283721067148491 0.50757870234374247165
0.55040048946648501005 0.77559116979813780279
0.55074186173528205668 0.52049949168184517223
0.55076903497090068385 0.17723648167155450772
0.55125056617463097375 0.10646864300260809599
0.55139516279107902985 0.48366482858434489689
0.55184517765211094087 0.37274303645658202200
0.55205388846808234327 0.05305957322935717091
0.55224423906954689389 0.17586535581383438975
0.55289534054462841084 0.09202855288554145918
0.55312638669808644742 0.92440147554993623569
0.55433880154939063623 0.85466998819700246148
0.55434164194831736516 0.91155301341251149250
0.55507542575715695943 0.82199971863536058780
0.55527721352458137005 0.47348379022412262485
0.55604873713381686162 0.38496191119284511872
0.55613439787951335358 0.08522103271406133995
0.55633746645929282870 0.35677184950336049418
0.55694894362605651406 0.62159873531762710464
0.55715372227373105574 0.77177987769062583734
0.55747390919728412317 0.47177666051992361851
0.55747419314664203860 0.40204186767766658672
0.55765657843732352461 0.85914642776065908159
0.55840491996417640497 0.67402720068115262730
0.55880046277522588127 0.44503746661163351428
0.56067675333722577502 0.73142245956443474597
0.56071821567460677915 0.76043981190362164302
0.56083616015231585461 0.59719007923309175290
0.56146900588960957368 0.88239811725095063100
0.56160515468761329494 0.06999922873357899977
0.56166645654670288579 0.24573376254420650766
0.56187067152660596925 0.59091341911511929830
0.56237664803099540745 0.58764878152714672410
0.56240223145537204807 0.77899943606853838673
0.56310374600422585800 0.85422040123958531410
0.56340965253294950088 0.69934649846155660935
0.56404103614485689988 0.24117798484000119164
0.56430762766852982093 0.44440650306544959847
0.56461310450128820992 0.73036385242859647171
0.56495744122886148997 0.55622902345748626018
0.56498024756034759264 0.69599147911617886830
0.56501638609424842397 0.57407149231497245356
0.56504647972053922977 0.56403965910114139959
0.56505385871932334307 0.34312979938681609227
0.56516163884761638769 0.23843927089957409060
0.56523402988402238201 0.23193133527815990025
0.56536209958297023448 0.21972150262541709220
0.56565643521893660406 0.47652071398565432059
0.56622783747809601884 0.66332265534142365038
0.56632503921245747058 0.87835434993369965184
0.56654285552055383413 0.67185187588933137359
0.56664315951535804139 0.53981352092856327296
0.56665743954787661796 0.43731922771482828471
0.56672850963920917700 0.08068024987627020472
0.56726321603409746164 0.27781631855423738475
0.56749199060633337410 0.53803106787483490070
0.56764601757719113095 0.82051430419103466019
0.56787958871159083252 0.08310559173693532475
0.56803361497330906449 0.35611447340895119318
0.56817457847706620555 0.26029283944246828231
0.56817821577176264025 0.46424231731362808340
0.56889751748681705035 0.11157884119772000509
0.56906458827146477741 0.91215179899568821220
0.56931213256780033305 0.07440958860410296083
0.56938408025045939009 0.38431346081288497718
0.56947466564494286789 0.72034166160529156109
0.56985861118156144745 0.39722052774609117876
0.57002439814795535789 0.14909507116475129163
0.57072900014252470058 0.07147016332457156729
0.57113245387501454520 0.89324938237733553237
0.57171093938920880539 0.38231224794390028521
0.57196785689345619463 0.50323817700221562532
0.57217469438514878544 0.62498717567713368837
0.57253532960209596592 0.43400640292362008266
0.57274740232422294284 0.90888400090488952188
0.57294650892593446123 0.30163953622426958878
0.57303226517358296643 0.79006991536000270582
0.57315855877389298989 0.33501316349630022584
0.57340198302171352385 0.45213741104708449203
0.57470966171171811165 0.07934131682537692853
0.57480202169282745839 0.73581803771476139708
0.57524259960042700701 0.86895464639756569980
0.57592000183540692504 0.90444667612979712246
0.57595039633542111090 0.18928654705150330106
0.57665958444169063135 0.66306514551593065399
0.57726370604222143612 0.28282167328817192642
0.57739856054224203419 0.67009975504181851225
0.57771289257155056251 0.40266561600813299826
0.57824626771255915880 0.23211076227427590579
0.57859065790038655130 0.82789067358577372868
0.57884747605111330770 0.22386740796151460842
0.57900192219688850770 0.12641319128165148800
0.57904083021724872538 0.78776338970993586841
0.57909186864370232328 0.78290711818227787244
0.57920414493577909720 0.88053609482726791224
0.57926145263229855686 0.16517626131166068815
0.57935240477048510765 0.58709692130186841297
0.57962527519120110586 0.70571969595639783002
0.57987504063636163831 0.59037926199689827467
0.58024592345434389262 0.63226456279066789445
0.58058099071120305990 0.48831889747152962267
0.58070671868461931631 0.31213557500590960458
0.58087876008069982969 0.57635418992765563573
0.58153934355386172061 0.27646980923874459046
0.58174648092230563101 0.30751970445274051658
0.58208407573340004149 0.16484706120202891055
0.58286717727647052723 0.56380436907179309891
0.58294147330501033810 0.83952241042009734251
0.58304333966615551343 0.21344149674325649246
0.58358573621442755286 0.60920758237604821783
0.58381232228215917957 0.87660311401991963809
0.58394729570038972355 0.39120354658317979535
0.58414873686192059221 0.14349053261926711378
0.58443289478669280257 0.88931808194148342928
0.58463778975847757735 0.12434733539580740402
0.58468274042092860387 0.80484064276038758123
0.58508251339085792786 0.47818593292388861249
0.58542656310384100227 0.21148409456924849303
0.58572142165578611195 0.55298969480135362620
0.58584305690984839199 0.53483681989023201808
0.58626133728789797672 0.35941441800931922534
0.58648769983051340926 0.31996404172455139570
0.58751840202804239688 0.35553679108389907304
0.58771262104405186388 0.62766459417150444189
0.58823941845020000230 0.55280046607686283977
0.58828760400662327701 0.31820081594874249920
0.58870951097386425843 0.86540386283524739497
0.58880135300452007829 0.51851727436766759105
0.58917071675643284401 0.19478002292451898625
0.58967189802971287094 0.82068449427228273851
0.59014948002523215376 0.43274690195216469757
0.59120685965652297611 0.62591829753670702452
0.59133161444399584550 0.38929477235512627287
0.59147647981874251766 0.70337129458239677771
0.59150689863099026322 0.17681442943603278839
0.59156311944138628700 0.37944468867246838872
0.59385252499197604958 0.69486320702386383807
0.59399593018818830359 0.13099371379647870017
0.59409757896002202138 0.81043446898127113887
0.59473147240222434817 0.12912270623822549864
0.59501051028336759963 0.40102153104569920883
0.59505403964385661375 0.30723346841798632179
0.59508322150069115075 0.40671796325405568107
0.59515103950202952188 0.37902524277174187706
0.59539009599514325366 0.70980609138443251371
0.59574557276808814965 0.23423733527940240884
0.59602174174479882751 0.28588921900407049392
0.59602380766603479945 0.58885667370680283561
0.59623528797640812371 0.57335335178429103209
0.59630420696634278688 0.78128129273150448419
0.59642740906295621528 0.64609468205284836806
0.59781863757340414356 0.31731129664137208701
0.59789573479123814259 0.62397634713046734589
0.59797065857581988002 0.85201118150612031865
0.59834227181210519753 0.27836571105152657646
0.59873102587510840245 0.87523892066472985807
0.59923616056618866921 0.68273771781106851186
0.59932971995483086403 0.61960870379748145265
0.59945494453490755227 0.18930357748224299619
0.59967148695399308256 0.26381221266108401124
0.59981920371376129530 0.88916930231922608474
0.59990126577497304705 0.40393721580427460749
0.59998787438177769715 0.45448538963354567777
0.60011303132685189787 0.42193655770359611568
0.60053211771194747737 0.54999620768573631580
0.60097278379565088891 0.27672639379688779293
0.60140253455011072337 0.77189013090590041788
0.60145733584088467705 0.54183204007495877619
0.60219376895426435237 0.81696446581169579471
0.60220759185710093231 0.31304171081148912670
0.60248387864091723642 0.80164089386508152746
0.60272178911037344040 0.66630842222547670417
0.60288062207892256783 0.52860871935004016819
0.60293233142751290199 0.20866751718034579066
0.60344267356747738340 0.11437604190736730403
0.60344544343116379714 0.88435198942004999978
0.60345525171621638982 0.43257495380863780765
0.60361843354388766691 0.60952784075063981550
0.60364800490588810256 0.67940706409700502011
0.60376468415563266934 0.17801909962970310919
0.60441877092738849342 0.86378366788541649512
0.60448637471056465564 0.79748899061690670109
0.60463690896164867805 0.20385486431536931073
0.60493625561769870380 0.39276623308255659284
0.60497737600967604887 0.10542947144695549722
0.60546835310897184623 0.60703750394652067346
0.60605301326873106671 0.86117272087199303598
0.60615928331270396701 0.18854104172460559030
0.60698363156270174201 0.70806860566138929425
0.60699822173360284960 0.53593348352791958522
0.60723842210316802959 0.36977596162413167713
0.60725690047243541247 0.85112513814605816886
0.60731785654066505753 0.22706863302764349055
0.60755368950307986342 0.62855165410842128715
0.60758161327494142334 0.33268339982172628888
0.60790494075204859481 0.79710490217232798926
0.60792306686011610140 0.47989750299363398423
0.60800044428910915428 0.67901423768727164898
0.60804918223168236135 0.42089515971559987584
0.60820925903305611548 0.79025694362861087505
0.60844005582487514783 0.88314104844540497474
0.60848595579980313541 0.60600338989890500940
0.60909310390226578669 0.42894708629492828145
0.60924850406060715446 0.21311879105790240696
0.60953007787836099851 0.67790499714732144199
0.60987198117076246717 0.76534454750178237958
0.60992749453529504500 0.58780078722104633915
0.61002097383299747069 0.40451179215208937778
0.61009268486139911492 0.35536801362294029305
0.61042786483705258060 0.66236301317604606709
0.61124437343929638455 0.12776527899354619966
0.61132126861529478834 0.86722647455247658943
0.61166277645867095369 0.26583000372991538729
0.61189877447478624450 0.31215403706400457473
0.61213516761195985172 0.36110923043276871303
0.61249200601881259587 0.60305294733855818734
0.61269147291673176081 0.75588207093489712118
0.61296470741811259764 0.35270085418320368253
0.61339823128329884483 0.39952203945813652419
0.61356792746454291709 0.57263405883421336640
0.61363727185385252838 0.29008505380151977660
0.61384552124360591829 0.74474203385491233309
0.61530992686071983577 0.84073910303160570567
0.61587780154509375041 0.52494396679487176360
0.61687340492616016263 0.85363287230439954811
0.61725932637425862115 0.83259235378589291354
0.61733076531166830581 0.62101380960324181757
0.61766664593783959791 0.42868059549627202109
0.61798503471288679378 0.34450459256354537541
0.61887174566335334536 0.45187574171332828277
0.61903563585986387530 0.31316182859568142405
0.61909010170020284392 0.18394087166108849529
0.61924130925979825602 0.45771461118988532313
0.61937944502544528547 0.78238409564634991966
0.61940288762729900363 0.87624775438827451346
0.61961406212688807660 0.43784620293015830139
0.61981158567031868767 0.85091637698268618450
0.61999431973908969429 0.41778327446673801937
0.62007381044270426518 0.67362399242104453734
0.62046844356970787260 0.25257798350942878285
0.62084088292671846254 0.78949147013062670464
0.62184459416918613783 0.19175169947120310199
0.62339212305365088174 0.86889180373201446717
0.62368147753506630870 0.84126680155034294639
0.62389256941611326290 0.23837927216143350861
0.62397548292713900242 0.21270563851988438797
0.62449844979588353677 0.22545361417091230871
0.62459333879629641562 0.34433845051066841458
0.62472163504541278201 0.52046208649199587892
0.62480330436071818134 0.41736965941601589236
0.62499822706272056827 0.18834245250625331058
0.62582965524260480983 0.26766141514977692673
0.62583136593586763397 0.54238972725719181156
0.62616057201642516539 0.60567157028169371635
0.62637142572782100736 0.70101253562017107335
0.62645062462686718074 0.58740220566796208512
0.62688382067505143969 0.81392094347229282381
0.62691275913124810959 0.69555428218858716960
0.62708584065164607591 0.33910513519024887419
0.62711647386087132627 0.60157604396278363534
0.62714778863920750407 0.56369472371467765903
0.62723072610565921980 0.46068963932020501328
0.62749632220061124510 0.25450360803432980905
0.62761185683324405282 0.49130339947071299811
0.62770099288140690508 0.45066405470930059884
0.62860300722720630073 0.17757031989915020298
0.62875053358294141770 0.43949604152690668890
0.62896945270476800616 0.33234759815405501282
0.63005193294137917803 0.78261331780330178898
0.63041514303614831771 0.16875527993008571093
0.63093943848126188279 0.58603991076732087073
0.63096926302692069033 0.54687866731983370006
0.63101356906349914677 0.68526831535950771812
0.63104934686037605918 0.67713095225570762992
0.63108876716991357814 0.25047463118331569909
0.63112967503634020972 0.45977774692387657351
0.63168706092038895417 0.36839893749447710780
0.63241933964138030699 0.65405406372075480803
0.63242156569384144760 0.40723430874858768114
0.63245542540807719867 0.82798135577723597223
0.63270628718509702715 0.39802615468093122120
0.63302349851822592441 0.51609288650398288389
0.63315205131575313935 0.74732324945771200220
0.63321723138721808244 0.84620827982157065250
0.63340899222566016125 0.22355149723290729247
0.63346963216501150917 0.41855837147569230350
0.63375156743340521626 0.32907845001260327411
0.63402641004550019943 0.32807606651590298652
0.63425222727732988304 0.30637041137085491149
0.63565928555974848813 0.21949588257217531040
0.63568627617086037596 0.47676634991104621664
0.63633265831571206306 0.72858504109720290121
0.63649827651473278589 0.72337109409315991648
0.63763874128958719645 0.52839144150552153079
0.63800668855693087878 0.51540084534782726333
0.63815306424833806442 0.35955894554203182700
0.63852236619038937881 0.82244066005249427675
0.63892224049563295374 0.51501488482305368688
0.63912901999290594457 0.65368359271359066653
0.63924882553880046920 0.38680281333383298437
0.63957478144960289157 0.43529399426368248216
0.63993572947482701974 0.28561260257353299208
0.63998957491044661250 0.18289872828289530093
0.64044025922855685184 0.67700173127483898039
0.64048609611888007720 0.57419108138986507672
0.64052405281273361304 0.74511917404143579446
0.64075585420303582396 0.41855034671174512484
0.64088080937186320263 0.58481801260905730278
0.64163373415885305295 0.42897413442801768380
0.64194801529241507509 0.57274894849763613447
0.64389353763580903234 0.67239115323439124783
0.64528169357216602631 0.15251760113922030460
0.64572234539050687996 0.47358707409519362752
0.64612384000249811766 0.45730797345587981262
0.64644660350209681710 0.68195962017094013952
0.64648147792167731662 0.58391564715080290782
0.64677008378758549245 0.45584408478065818748
0.64681778670324274749 0.77357819917152503830
0.64726482407331253910 0.63995168958351966726
0.64743486402277716785 0.38606810935062718659
0.64858610109099490426 0.43167518645714519909
0.64875071580939358551 0.55840417391789098911
0.64880933969097953629 0.65012554967203639578
0.64899144913395312440 0.42055961307523592740
0.64925836476800091734 0.72499976253320497221
0.64965568904124393335 0.46298073313212301239
0.65024551865896607072 0.21864899144716309909
0.65120255391948478341 0.82347814573919175807
0.65130920399146208233 0.59897395877498504912
0.65174437620006164806 0.67896851820988624038
0.65226259997858837547 0.64765128307498132099
0.65271441939611996030 0.64325526218176498627
0.65276282381895500695 0.47919164693616939088
0.65285782459660401944 0.57561114912603328353
0.65296574179299260443 0.82792075853237767635
0.65300602875265434388 0.78416563217903278993
0.65384152524746252944 0.61381348609938102268
0.65432723051429331207 0.51139766463374913830
0.65454909782230563664 0.35155246828956082661
0.65502815285040383309 0.35152202125726728088
0.65546952894435694947 0.71795748982211760048
0.65583085421816778027 0.40896250008604001502
0.65585390090612805114 0.41887541800979688489
0.65668043577957335710 0.65695698884126640937
0.65729997453809141383 0.35068618516680222230
0.65784449931522137600 0.50966997778244804707
0.65905169920034967213 0.44791776670234079161
0.65915225133289190307 0.42135543343415482465
0.65934644370939732294 0.41333984105330190406
0.65966311215303774507 0.55000555293011532676
0.65975108215463262873 0.70220641319031740224
0.66004560336550188726 0.31301173112816460531
0.66025310880228249566 0.70958798565558367510
0.66151927693075274206 0.82189647742914251349
0.66157333494106651539 0.54892467165894964776
0.66159196729894409472 0.69987434532700965040
0.66221742006342598774 0.64219888857878970612
0.66271279299352614522 0.81051163425075389846
0.66273372838950583841 0.82722759983275140350
0.66288775598384419574 0.19611705412545210603
0.66299826136262707266 0.76294580299318459637
0.66348735774613021299 0.75405133164821080971
0.66460576656422898356 0.69528443592033895015
0.66535868890338856207 0.78783246333664602723
0.66573895925869985835 0.31002949864811302216
0.66644603515486022793 0.23723135357272170931
0.66649703944540539258 0.38803860970016207377
0.66706728313264096464 0.69447027872163480389
0.66747584209587873527 0.30554442729089398290
0.66758381924382725892 0.63228701680901100435
0.66823321702973903502 0.26524464179733159286
0.66892862058462887465 0.28309902950671950173
0.66923038371878973418 0.52532307440665626519
0.66975317686418200935 0.50477924986509015159
0.67000891004611373702 0.70019246172426208297
0.67005663478152988066 0.50297979765704625699
0.67006303525435395585 0.57542821969295976370
0.67019514134308677544 0.46322964422538620566
0.67019690438641466024 0.18773508946837211275
0.67075553506680529736 0.76842415577405454030
0.67085458411775356069 0.47584718757505850562
0.67106928818143474214 0.43579333693233901492
0.67204567191369479762 0.20097072903218848872
0.67205852779084651605 0.18754701862948761071
0.67231657729228921916 0.77612326561068278874
0.67241903663272539760 0.19648534657501021128
0.67248409645448359306 0.31057770549624258427
0.67263361268913424151 0.18355441857417290064
0.67320003689992991003 0.64509765940966423692
0.67359793419169655682 0.36376488265663142752
0.67360765070312866865 0.27195004460937871604
0.67380766528121294190 0.26951504734610770564
0.67396494827734010347 0.35486440714192801771
0.67401838581363648917 0.81313389397244462131
0.67419474974534066014 0.42252865201153222419
0.67433455590517066280 0.75485243015340519612
0.67438920071274943702 0.61415809674683830011
0.67496340968123536008 0.77342514135438622525
0.67510073876062259846 0.63890489968345443028
0.67542244954057695239 0.60955385595849553848
0.67550549083881783474 0.81280671774689294828
0.67642666548925434178 0.47256373297410647627
0.67677561698388255529 0.42198493954208599055
0.67701728741229416642 0.81619018225042938575
0.67729903542662117655 0.38678117689353319619
0.67756824573010043800 0.20525773074203090829
0.67781160608461366035 0.25702679239876718986
0.67785037514254364854 0.51697706211716631941
0.67809692124511511402 0.30915297214431791684
0.67835234914062059186 0.57457602692425746582
0.67843222555822735309 0.76356912506208707292
0.67857588005215518923 0.57054321450738654242
0.67872838065463503288 0.63768610672434056230
0.67901054105825464635 0.47083164827478152237
0.67910168716489482943 0.51422757152466236352
0.67920495728719776363 0.24978129045536759389
0.67934418805500995653 0.63471046877739034642
0.68013346105360639182 0.53325352059630370949
0.68024087871447214138 0.81123989056076395432
0.68036839500304613360 0.48971734765304009152
0.68069946125396341152 0.59774894865496175367
0.68071350199654745428 0.58676885515003163185
0.68079851173136951559 0.40813070393481432063
0.68107756040235900574 0.77614579860246224463
0.68208786945413935054 0.22525262180591928973
0.68265822700290368363 0.50369930793139450209
0.68268429858994283954 0.74344745139853662952
0.68276643890419108640 0.62979627967917406473
0.68307721168201063211 0.73463938221957714170
0.68323187815564967451 0.52162011608566560827
0.68397105910656141869 0.75732097162726863537
0.68429925958501491845 0.22955189836308401152
0.68434319779855889987 0.72732979615013082508
0.68478704242068044739 0.68323500600509690095
0.68553738870550628981 0.18886016474876449189
0.68594614995654679124 0.19238066474830328723
0.68614516229294597593 0.21979773515750089530
0.68626809177502268167 0.51804599478687873848
0.68633289478632986125 0.72375259907995614928
0.68684807179389995024 0.21462184589298080595
0.68726936245148073645 0.26665206740380209549
0.68739205896360622283 0.33767257929138710937
0.68741896544851710527 0.40476270772183020608
0.68743822443450774973 0.60345867185262214161
0.68760950137001886073 0.46564617321345341816
0.68807570307622645256 0.74640947497577780911
0.68841252101310579370 0.72575090045167456321
0.68869601473560859706 0.58861813909279381285
0.68886999737741949623 0.71369994793906543773
0.68901173229855428026 0.58293486370206515357
0.68928051277707047539 0.41477505405402531613
0.68972338843780001127 0.22858950416237130976
0.69129255229122210658 0.77451407473554434446
0.69146218240888779327 0.20943323667446769876
0.69164100289559515833 0.63598779713169473204
0.69181133569914965431 0.77123809429283318728
0.69185143669023263513 0.46262841730354758996
0.69187917764295436829 0.55318341350107813614
0.69193649218864883288 0.70885074112482093778
0.69235002165072956348 0.59569314912141091423
0.69235646636418657351 0.54493896749751324915
0.69246529293732894672 0.45970868796615349527
0.69265088310318989606 0.53659708993921706455
0.69348375141465079530 0.59227354062625303666
0.69436234100453064766 0.24341732801991031176
0.69457518085048652878 0.78826192660873128926
0.69467833190752681372 0.42715171815125901889
0.69472917101710629506 0.42211322846740212400
0.69609537624182116211 0.30676364204020217796
0.69611286196786936742 0.59519433583156222678
0.69674945114209274610 0.41719365986029932625
0.69676670143867247553 0.40637633544798967833
0.69680109722895522406 0.23116813043637549074
0.69745474952293418092 0.29550668472788449437
0.69834497764886638294 0.63510937975691372781
0.69837722074055286203 0.38459425750340897610
0.69844566261483920222 0.71915105256567335434
0.69950616601872006584 0.70749391663303773381
0.69959765775754279016 0.22687008662714769347
0.69974852600097414701 0.46481973263792197848
0.70059618335727147365 0.67771223360921906131
0.70071186858517009455 0.50154589617094036402
0.70145594322178672630 0.79152869300046246881
0.70172211104561965644 0.33107521559973041025
0.70175557241844765954 0.20792954343998060196
0.70179269638890895422 0.40284258600663852556
0.70229991643382672084 0.75661395875869041916
0.70230115413394911261 0.55937069209821066451
0.70261431245787808741 0.78969535250366007517
0.70271101040964745188 0.65801131438608095880
0.70301139209890894932 0.35666912323065197432
0.70357445425800912986 0.47217845447992817798
0.70379537861736474191 0.21004748606616999163
0.70400777185420515547 0.32989810795840568414
0.70408877312747963906 0.39783223531376499249
0.70494365174455964063 0.46473647248040872437
0.70494863418148356882 0.77951933378378468475
0.70549727166098696873 0.75647108009516117466
0.70580302411930273543 0.50328477751424072206
0.70595620307504158841 0.38930202941305158681
0.70596051276297244748 0.22607380636468840662
0.70621209116462113631 0.48440531052184471195
0.70659568217360957387 0.78433724777128444039
0.70676402016228423442 0.54310339426999632018
0.70700386401409209824 0.27673498361882609142
0.70745159073256547178 0.53223913573918824049
0.70767888269679579683 0.63378631670353646754
0.70814187318056509568 0.31823779263859647282
0.70918822853930241212 0.67150863589547982180
0.70948686671965643935 0.22340067684372039158
0.70985148490859228954 0.42936883420800520117
0.70986948549797812547 0.77679527465053366253
0.70995768143175741471 0.21666857758596369532
0.71010491022329036426 0.37434519289140688603
0.71032884428209430716 0.78201065058654850581
0.71054733159835448131 0.34896494095966051896
0.71070998381344963057 0.52853387822599318113
0.71105631101741750832 0.59434809595448434560
0.71152873935394389537 0.71234704578012175702
0.71190758529545261624 0.65388015625491224814
0.71194226187381248749 0.58786713110359944956
0.71203615937648045975 0.46324839101707637745
0.71238129867497723691 0.50192785838760212158
0.71257813441704742630 0.68650490530796881572
0.71267251545096466092 0.67136567493838428256
0.71313657685553932808 0.66693168850533302017
0.71314637354087906385 0.55790940407534239664
0.71346887384197343884 0.74316843945781518865
0.71355868564233315698 0.48204489378980447389
0.71375901162988819593 0.72975300615884808320
0.71429259455235949439 0.71187747509864485185
0.71465652046722139001 0.31028506651217857559
0.71504841966989618474 0.52392708834182577515
0.71507554726547128965 0.40919696424054152750
0.71509104247999721871 0.37119620705900241431
0.71511003637308068193 0.35155810823411037802
0.71514929287523087975 0.25677967386458261378
0.71550397906812424065 0.25340058825392819397
0.71580721396702351456 0.34978798044845321735
0.71584411192507380051 0.77890022737859299085
0.71641241887256357224 0.24501280800133459770
0.71642730561388867638 0.31718922339971528102
0.71761609530100112231 0.61835773200137889027
0.71964815501864010105 0.42101975150273729387
0.71967369515112089573 0.68307348850032867382
0.71980113101427767308 0.22359570110409479615
0.72019484141328615756 0.39196526822609289997
0.72050072087557615053 0.30214788747250270751
0.72063685196695281832 0.58701778201619891906
0.72137429393203289507 0.44886375264908212612
0.72143773608140471243 0.49346771194553229467
0.72146114805555139338 0.44480428698692020539
0.72148506050371674636 0.23325910002133129484
0.72193243313237709380 0.39159932695758509213
0.72263697912518265465 0.77072337971298876536
0.72286260164774795989 0.76922336854680051221
0.72289876631636096338 0.34934053341998649866
0.72376438891531880149 0.68438628589856809192
0.72428390215004245789 0.73821889857350697639
0.72512989812496042585 0.44982751305059109903
0.72522332291496793832 0.73306385609132562742
0.72533088418720392809 0.44927895519955940440
0.72545477085068177381 0.73145065875896930763
0.72642456177250480653 0.72634626186684825289
0.72847853602313528132 0.42007429317508188094
0.72890439906374526746 0.47154485807380858153
0.72895039697264474299 0.61443906126032810100
0.72907714984241323020 0.64331492528897959993
0.72932915387274044328 0.23192051690652060181
0.72955442123730629422 0.41683433793338231510
0.73034307844327339687 0.40649679261386661988
0.73060954396570354508 0.56160660338063161934
0.73074399328564187961 0.35846190706215530497
0.73078561945152575863 0.43895794818724848119
0.73098196585140096104 0.52424702429653213809
0.73113805343262250336 0.53052039348074009339
0.73130971574303560434 0.73588278351534497368
0.73179043122822695633 0.70986564288590858762
0.73203651791369617197 0.23679805313419730051
0.73249911656682076266 0.35322930367406468743
0.73272581558032345850 0.64065587869825646461
0.73282979007125781390 0.75176944345110208179
0.73284359396019893573 0.73539254549052235355
0.73349270710300951137 0.46950659514906450953
0.73369204159741885363 0.63205263778770970351
0.73375034381597969979 0.41374991709944580753
0.73386449323060298777 0.63192667028577576005
0.73405880150526192640 0.55123529370266433070
0.73427039428818574596 0.70921993221011581099
0.73436172742231042854 0.50921814180045887888
0.73475676281806545642 0.23504969379630438753
0.73484170912389135122 0.59123958641982465867
0.73488214903993720473 0.61830990481467584807
0.73489015041011318541 0.54548293140423920189
0.73534116078387967708 0.33734770630146870829
0.73554442105041473177 0.44722335265071300192
0.73660426429971914697 0.25923003697931767952
0.73700580803844462086 0.51620378131397604005
0.73702888479399963906 0.70671811117530070057
0.73717446881858039731 0.40558232046631237377
0.73719304999109469545 0.61146258811786358134
0.73741043668050676452 0.58962874944793841614
0.73798472493117750481 0.57727030043170668439
0.73880009394241197285 0.24289293809525769330
0.73998342682477757926 0.60970987889279704142
0.74022515461028215444 0.73103219853925982541
0.74031449167880991613 0.72841152790277985396
0.74068446634412232754 0.41047346012342711408
0.74096930761712731517 0.72492322270081210878
0.74299462579282471442 0.31966735480191077468
0.74307181534753441454 0.40430466119356878174
0.74397663986272433156 0.67825544293869954871
0.74437639407550015846 0.59471711823649942019
0.74460203432701477233 0.50913211228757848659
0.74469541704347719246 0.69561584662817776969
0.74522441646697989981 0.31520939592364749515
0.74564457504049608261 0.55260353131739747834
0.74603081869864706910 0.67287370330038998034
0.74643540437744726468 0.54801532220366344639
0.74833466237223966733 0.63044988735317919470
0.74913800962084220458 0.59085282451180165531
0.75011069627847482000 0.40710306429327852706
0.75113045587236426659 0.53009926724961997646
0.75150552556864658182 0.43231202739048801842
0.75176909409051428934 0.47796651879407808794
0.75196035224140023168 0.51454887898182954942
0.75208699947706869615 0.42246997137814057410
0.75211876024260115869 0.31018767423434412400
0.75232837916289674318 0.68902674008268249839
0.75256400670299594680 0.68336446874561540543
0.75281985376054938452 0.28379142172514731923
0.75294300922369972184 0.39205584618687822074
0.75346985200371074942 0.42181237430367002350
0.75357344049435015521 0.51449404880669047380
0.75394243333715593725 0.28359151066795901253
0.75399884225329993903 0.28122737159274779906
0.75461589930181127706 0.64685218458309101663
0.75560424890933575170 0.64697893057997535315
0.75614836322753842257 0.38545549536498191490
0.75624648671532346267 0.30507433606248590685
0.75656693171935518460 0.58989348113191386602
0.75689751363229085257 0.40028578086249139156
0.75700644341776268664 0.72335595572289168587
0.75718425393011035140 0.67030353423004007674
0.75741542550577978243 0.35991673765258658246
0.75795121873819382152 0.42049799359895301265
0.75843122458990419599 0.58852191096362016509
0.75847319140202384968 0.45314762372876948859
0.75878677236401248507 0.43943428984498938972
0.75885842661205915594 0.45594786410750182126
0.75908801229008304734 0.44382097981294388322
0.75917880062850473522 0.44343828314526628764
0.75926981781067126587 0.47742417565753741959
0.76167179381167438024 0.45563433245486867351
0.76180985696603009671 0.71726854819864827029
0.76344303437066096674 0.34149355134898240482
0.76385868006633461658 0.69104222038885565471
0.76478931005483563599 0.48737916340648002045
0.76654571913855651388 0.70756593246309640310
0.76690629832166068436 0.66608448430445532651
0.76764704624009483247 0.64527811285503100525
0.76764903003540163606 0.35385679169336120564
0.76818662157500250398 0.30268232635858438595
0.76866750311613507574 0.44166372779124790648
0.76950808577809748368 0.45515267288829447390
0.76965700249311641556 0.38167475099808512162
0.76978293474176762157 0.40838444754394920277
0.76989022947599039526 0.70119058580539372905
0.77031737516197062998 0.61074647757781164170
0.77064687864367531489 0.48343005585798221047
0.77093039713487465647 0.71985900293632243407
0.77239544577484953169 0.64252072248443636848
0.77242287319281499602 0.51369611969712969390
0.77317801953587228514 0.57224596450030562611
0.77427093624959519857 0.69888941415810346136
0.77464398193232997247 0.69436033755495862874
0.77512851457101072938 0.52663407085995206369
0.77526893404853791658 0.35021733704878810212
0.77544671792227870544 0.41638307738998842078
0.77586513695371206456 0.39915928281227192054
0.77593527745430701525 0.51346872829377254721
0.77611692518258879048 0.69118631716990008851
0.77657372078338249288 0.48272764449074850868
0.77671723762155941984 0.36099750780822692509
0.77772252840399314078 0.47762024712808498483
0.77790707294443661723 0.47432966502382789553
0.77839602996010270886 0.43984090968769429253
0.77845669606244805028 0.34379766671761591290
0.77866912462604287448 0.51410881945433950513
0.77920196158235077721 0.32340481139988791481
0.77934290882475032447 0.70479087201700008070
0.77989604066025997042 0.47394571276615737876
0.78039716201244602178 0.28738354719108361035
0.78065021667827949603 0.45867539197277301666
0.78147686169252894572 0.64129765441448660646
0.78239236686978086421 0.54781533569925588978
0.78270595403320319949 0.54232108767471887134
0.78280951172456536558 0.68024071888198023306
0.78613434161023310054 0.35743040467503772728
0.78624258835458749051 0.68576241078246147342
0.78643529992035199339 0.56427480831787246718
0.78700881865575511576 0.38140027717350000191
0.78719232838845998312 0.58173842164733624571
0.78767297435977634557 0.55541129521936338787
0.78879033903386774895 0.67586866264498413059
0.78901148674963617058 0.34773365202290440479
0.78922825421492270870 0.57188338109949510280
0.78968545313807381181 0.70250097328786542672
0.78991944354912357884 0.68302385595163006560
0.79013867230724932345 0.65505880203539734730
0.79032127169694743607 0.50740922663457999064
0.79035684060949085161 0.56813494539623898838
0.79053681029440192596 0.56492079412408147121
0.79355914118722647999 0.63169147010728254887
0.79453543167564799621 0.38081768216043637709
0.79540774307226858042 0.34168648828288561425
0.79579791530877386219 0.55813000667846657255
0.79601954115050899130 0.39608332790557720937
0.79626905354669241799 0.39421936025992587727
0.79684938712901520752 0.62586378211374238401
0.79754727457641405586 0.66451815872498598559
0.79778627063844109735 0.55501432710267595283
0.79946944923841123387 0.67955869670175250707
0.79964942764419122412 0.37817052069299200712
0.80015138232604043900 0.55095142707651145741
0.80035785078971177775 0.44776494402290789587
0.80199697917685586201 0.36330923180489699265
0.80262626598905428832 0.57278867628967478076
0.80284912093023608204 0.44740132797606640969
0.80298478984492904775 0.67272369403491993900
0.80312250909085591832 0.64969820801779132324
0.80326802117237572354 0.47535848304840039313
0.80355894583966391842 0.50666839407811392615
0.80369065287578644874 0.56335697189795996831
0.80400205554598502822 0.67928959262580590472
0.80447126285184844541 0.54635634601804194954
0.80602327955324459818 0.43565388908428742676
0.80625991754470027750 0.35477130297038217410
0.80687496511182177361 0.54016806513018456037
0.80697662434625549999 0.33459727060265542775
0.80730548875709851053 0.41816468561179570562
0.80811235602792430566 0.34727730775355658555
0.80831915662299302916 0.40996326303661367874
0.80872904099621445440 0.33395726209518511451
0.80881203827173131504 0.37127261811407147318
0.80984505620737867737 0.53295917754660726562
0.80993818442566734017 0.40665210969813497810
0.81013608630366729102 0.36050111075893331858
0.81016671007392015991 0.67026423253213607278
0.81050628817996672737 0.43426452576820817608
0.81236129700744219573 0.35847264125925598632
0.81317338741430356119 0.48264123959173077516
0.81360561473461789905 0.35069910154440420147
0.81390753402224558233 0.52406831951051857654
0.81423273209727409228 0.34370852991479977634
0.81446352171912916873 0.42276862404401638340
0.81460736375681541688 0.42146327375209202692
0.81554926119154558251 0.35753153832274192636
0.81569529401025586690 0.55484535672286872110
0.81822195326172697527 0.33639821459664198677
0.81842693901402174816 0.45168905599314251864
0.81847928252834289964 0.33464149892854172519
0.81877436532779801492 0.44983782623034429538
0.81891361405374873961 0.32424112087795031734
0.82000766063635754932 0.60417742513283134720
0.82011399571829424193 0.53868060327436773083
0.82012529479728957238 0.64578930885006557983
0.82047517373791412076 0.52719158572429702936
0.82134565227168099266 0.39335625322387118841
0.82145581141632484368 0.63920093358432394925
0.82188128368194246498 0.66061651985914426888
0.82249095606805322500 0.34188127601733692140
0.82271277464709668958 0.54948330120000365984
0.82428015838827395356 0.60375192313216607953
0.82572919996202187587 0.56541976323560372286
0.82585397371415225631 0.39278715735877300919
0.82608999254457748940 0.44550667270323440761
0.82718903420880030009 0.41082098425068880321
0.82830472346352490565 0.40497892313456257396
0.82871106683388329195 0.65523685899038641711
0.82960623880873773928 0.63707586453109310565
0.83018430759185346535 0.43418573850972630446
0.83026354424525727893 0.40011840003056181603
0.83058353302659770900 0.59784564212430502117
0.83131829397644740887 0.37824234204395812409
0.83269368154624245904 0.50850360084229484503
0.83275578250370052569 0.59128406603214733739
0.83278201939817764199 0.56499560832319195569
0.83306133475136279198 0.56280765535652388376
0.83370850260795648090 0.51533457890367062593
0.83378594088018553876 0.65871588974410677508
0.83552749363943079608 0.52460058715527235762
0.83559527625028484632 0.58592455430823020546
0.83607222506124356798 0.61692567906300788128
0.83719629418307628388 0.40871730470146250269
0.83753039231504355921 0.50899761835964441037
0.83892210122187338417 0.44942162513677808011
0.83925059182040429029 0.56001034325629295285
0.83935955297699560429 0.38941888258566448311
0.83963597877480666831 0.43209948551955240648
0.84176454050119031702 0.60882578329728365141
0.84178372789743016735 0.55967782829513967879
0.84195055162123355608 0.38660939120942028335
0.84204916814358832244 0.55307462266129858719
0.84232689867689969354 0.37680590541819880546
0.84232752874391492171 0.47588197846237251243
0.84377362080491180585 0.47031772439369462502
0.84432410696910353831 0.63187221255702941125
0.84623901941011836492 0.44090799808724817632
0.84929614242983864081 0.38096742164572777734
0.84979336516167547355 0.60876265030753407004
0.84988922447393755455 0.55154724848230118894
0.85033157677791737505 0.50830369750897119729
0.85069995405173182146 0.41425346808902457907
0.85075261579541028301 0.60496635840711376897
0.85180713134629804095 0.54667548451756242667
0.85257112240433041706 0.37153106175653571874
0.85263795166120548430 0.54390043193565384971
0.85290490324898626806 0.59492281463794005614
0.85360661944623050790 0.43431555380463382487
0.85663497782884101550 0.40611115152405352635
0.85678442822096267939 0.47456826451724148930
0.85808712196219871782 0.58761889881299911309
0.85907544365733701230 0.37041870817400729399
0.85926564561870932835 0.41489402905860300885
0.86086229391904856012 0.39731744552394288039
0.86202760745233553141 0.36580116639710669180
0.86254949809487224677 0.45006855920112232017
0.86359058234336316673 0.59858877141037836189
0.86549740989965984195 0.59741615905866274350
0.86593254017353005203 0.59226170707057124165
0.86630233127630640322 0.58003592317733276840
0.86689402995769926363 0.57968332236336983510
0.86814718093055798231 0.57331115034671031871
0.86824771394680944070 0.54450998393774241446
0.86885946180511497428 0.56133199313438075784
0.86974342396964454682 0.38664671292040697637
0.87063106461802963754 0.59208447171651468199
0.87081012573008065303 0.42442969571694122433
0.87202935651281476837 0.53379517479371285660
0.87274744270420923087 0.53041593043854684542
0.87505528432110790682 0.38864158708616070026
0.87735952974362507728 0.44950304477695551819
0.87848592998319641190 0.58938277721964082989
0.87861086880193572934 0.50019140001731776657
0.87895354683946280705 0.53034388490129868998
0.87907239507342271878 0.49230956187684060676
0.88008722723767995877 0.41708623030272240495
0.88160442454472420781 0.48770335123535618616
0.88187118423368360265 0.44721122226660081633
0.88269271340064281439 0.54939425453599621818
0.88359577134491884554 0.58536861276105967011
0.88482999427755126831 0.48282689539371298482
0.88616679179350199558 0.58363792399407021794
0.88639483952189268567 0.56235272114632972595
0.88693294772398856285 0.42878286853619940189
0.88809089664477958159 0.47767318095420552293
0.88936735713591474894 0.47571844854623257515
0.89070262693895563277 0.54591846211162831093
0.89090790550486975707 0.57919327459703062733
0.89592585583388673065 0.54273512688663683168
0.89646795589078898114 0.51896101326246946162
0.89649369825513536281 0.50679523183924557461
0.89748351859299102529 0.40976755019054061924
0.89818351492275960712 0.52292134323591266121
0.89909021078965734031 0.54928476322845343205
0.90031605033434525254 0.40650601621768889249
0.90039989300655365323 0.49958671934441467588
0.90226436100505669202 0.51752136409064120048
0.90257489735495677330 0.41108450864465700958
0.90265241880651014839 0.54625301688230298858
0.90680415021586990854 0.44647137219048038670
0.90812237708502641098 0.54252595565547812040
0.90942127456401933294 0.57242654191952957454
0.91157946077606433199 0.42799646827928711224
0.91296209389530735834 0.50520156836576968207
0.91363708320280589970 0.49658054562774728291
0.91413727712277903503 0.53851085063912529360
0.91458927855256133554 0.56356109967046363884
0.91533414229647802607 0.50466398395286216072
0.91575577885522052579 0.47255725807884552125
0.91684543146568220351 0.53312130745787900121
0.91717774787534489533 0.52127567233975280470
0.91860414208944829451 0.55810926084078005260
0.92143910199257084148 0.42379136316699211884
0.92148265538931717344 0.51786055758126225967
0.92330266571856167701 0.51455180944064793369
0.92464125843183619935 0.51288533610689823750
0.92479023824084904959 0.45738717050061428182
0.92938411601263393180 0.44253499154070402577
0.92938820440339708906 0.43765437020430680848
0.93043411590723312798 0.43644341020905130790
0.93189194634640670767 0.47559838038754437273
0.94076876030634370984 0.50321218650178489717
0.94486303276528738060 0.46042804356909178276
0.94494491378577083474 0.48932077130548501387
0.94520339440578060586 0.54643197634102302906
0.94954116009466960069 0.45587060196521522748
0.95106696353115371956 0.53085101178539240152
0.95879931620769454081 0.48700090591605771362
0.96124918176098816947 0.48240848682347370335
0.96151100470239025952 0.51617830458596480891
0.96155874236459959459 0.50270515617742150827
0.96278068449381992711 0.50205639441938521017
0.96465130726580727849 0.47471969988681728125
0.97017208312780967017 0.51532030295224517946
0.97525186912443939669 0.48045996269092328124
0.97669423797271937016 0.50588117068726934367
0.97812670488761443988 0.48253105351007241630
0.98449954136412443084 0.51262648244863406877
0.99025308969291503391 0.49250997303448662556
0.99464543669898741740 0.50453430088899176020
