0.00078074724541332685 0.44055130361203997946
0.00155427016753084701 0.80238147797711012466
0.00411297145463329628 0.98060041791335073036
0.00621791389482018175 0.94711665746814543976
0.00887718230828249411 0.87583145048835608915
0.00965543114147715542 0.74810534863037136954
0.01061597657644586072 0.98639298985592593905
0.01157635122513323012 0.71835587904170694618
0.01204116557668833028 0.94413351977799764292
0.01804803243776464949 0.82161530724648279556
0.01846485110439454944 0.74583301293709192148
0.01927383746283739888 0.85753640891988347494
0.02004687420514484134 0.66561506382860724518
0.02010145984340128145 0.64511676396382644505
0.02080029901578784104 0.66445306725240937951
0.02211570369643200973 0.83795931767371822918
0.02556505148429832897 0.47885116342750561058
0.02871223312474580069 0.41158200518777138255
0.02903171090240375118 0.28910937695806937509
0.03015991334353939832 0.64797419172264025811
0.03049489040782659907 0.69514141222540304366
0.03061061439706281098 0.83513350019026866278
0.03323744639503178888 0.20597566104281769817
0.03382766801469427875 0.51233781858676841203
0.03464821386604133302 0.62740654587197730585
0.03545642360101264323 0.47232214416781809208
0.04054662710306233819 0.84543194545856736877
0.04121157653025898232 0.93538407966229952795
0.04455844730557179112 0.75365666237608508471
0.04478617514684202217 0.73204212211413843825
0.05076995466744971264 0.88839129831341134835
0.05124089460589432293 0.52070301811301011874
0.05339131603445391311 0.93910746825549951122
0.05426413766402148758 0.58436184655783640629
0.05621214244537808824 0.83120622906851149292
0.05688707108645241206 0.59416942949666140539
0.06061790932973198931 0.55880065106377352357
0.06121899112386741670 0.80081469938842653189
0.06158753836378195318 0.47093174754919497893
0.06161282232883469323 0.37253391628012200165
0.06321562128553581683 0.72593882352818794867
0.06364261056178444065 0.91891144364138044320
0.06376097043037409762 0.36168068770182260074
0.06577572240707318940 0.87823437794719871885
0.06988823114699960204 0.88593036168361738447
0.07041998974090357688 0.67259325629786725909
0.07276757847183512595 0.95737246383515284265
0.08051721426801528025 0.00450751084478417940
0.08435071914877878552 0.99080555652353363705
0.08781688652191710354 0.54247454728328858842
0.09261268275716205700 0.83333811621559050753
0.09438284997451951153 0.08003509546077991477
0.09486980474899875393 0.90287021858135796393
0.09736118158490858487 0.37171304927662052187
0.09833808990154391250 0.82180134246967140310
0.09846933623864528862 0.06407361276265344241
0.10329172633254750380 0.65505239045511676199
0.10555614175995979565 0.29764784535466870530
0.10621596332231900139 0.70446747536684373170
0.10872179756444400045 0.28210770471897100853
0.11043551151441109714 0.81755541883317695007
0.11192466066398179536 0.27785674536543830682
0.11213891313987149612 0.80018259779017397726
0.11264933635634889753 0.91823936089915492165
0.11287550763519360597 0.63001935176611711942
0.11725147223439709443 0.47460749256921830330
0.11781568867798959677 0.68580861138410265099
0.11859487181288530522 0.94575523620178614248
0.11872648499270530009 0.76385600528925778896
0.11908286326701540692 0.84653895993825611921
0.12109659694301820598 0.64814006516132460778
0.12168246404344709721 0.23128738568880011228
0.12482644005174059476 0.99032267365710469065
0.12529973576956018877 0.36634346562228792266
0.12671585109297608951 0.89462721028857350447
0.13198921694738890986 0.86942622272441527631
0.13485396751341138799 0.71466234724020905045
0.13682750066232290953 0.35963767242425032089
0.13689547527492129664 0.63845623041659183006
0.13755852733192019954 0.75587337141203825297
0.13882567074292820331 0.64291426700272324979
0.14774865705089140766 0.73913137084510260877
0.14984751610614918671 0.99329212891189777590
0.15160899063702029665 0.48025098437253238570
0.15183144223596070632 0.81256300207795129076
0.15378622619296389296 0.94810655672850074893
0.15684591487965690582 0.76237512269654117425
0.15698817878022419681 0.00229575325144226695
0.15734619985986730839 0.86319179561692471747
0.16041397098514278974 0.72117439589275078582
0.16104083202993971224 0.18119966705695508824
0.16469898610259059435 0.90708631230368652609
0.16862150690820598697 0.47184328963794497369
0.16993263323538940202 0.88210570921981301673
0.17511947786900181057 0.82755295423428265611
0.17551345521747341305 0.78638575127828669320
0.17558123016835008867 0.68301313368158389494
0.17715797286702431035 0.80717657131916431545
0.18119170866702979938 0.68005662942087663492
0.18376623993766749710 0.26119404019254699456
0.18377930088825231159 0.78751997163555453874
0.18422055118469268797 0.19081193797310619376
0.18475600784202331206 0.92176233320434752816
0.18915886390403238715 0.46996481824359592760
0.19121932174965219908 0.18741068854123180132
0.19597275102691480431 0.86855490310204208626
0.19692194145182609355 0.64642432343016020813
0.20552782708180170057 0.89036594754722397926
0.21065491130085531313 0.95635594097563425553
0.21193479524775660217 0.77366659824106209786
0.21410805402272128917 0.72503488876578947586
0.22156915922345740699 0.69029005273386412345
0.22170521614904939445 0.77049726145718400172
0.22758789094456480240 0.63664483080873179865
0.22770753533423321313 0.63039994454180048322
0.23086017917181281267 0.97854027502236085034
0.23412383956818980102 0.73955442204156218722
0.23943117448926448665 0.74636985208478701104
0.24363892763934610897 0.97391076106094887077
0.24383524043126969527 0.67701615257685798799
0.24571483938871169217 0.99915712394410260977
0.24739681105118249693 0.89529834380530015636
0.24991624265558509688 0.67504551448312311024
0.25120492157679469303 0.44581640921221998841
0.25231464436623801673 0.66078044291689974621
0.25242481829849311437 0.96413592040363049751
0.25391330355259472684 0.87170990122025993063
0.25580314853053082169 0.92225574443208613307
0.25870076168091249436 0.53215114718610068145
0.25959587636344561012 0.86401406385023982182
0.26498134257044431150 0.55996626337882760005
0.26678015281471600950 0.25671638115614059394
0.26709221863028287380 0.85344851406819688400
0.26739089970666340967 0.89523359867315221994
0.26815972815192401502 0.72938263702713523884
0.27452032244733448607 0.94886882907661806996
0.27994270871003351653 0.52884434025102877719
0.28187130287166961562 0.69464219864731246989
0.28642061687327491359 0.43677440550486462678
0.28796563956593357325 0.69434015700512785596
0.28834977341201117884 0.94825235538194097007
0.29237346975767741775 0.66384839329317679724
0.29376019566895839041 0.52494681483792127175
0.29687456144581592099 0.88126976840004755953
0.30035138858253040972 0.24434801897436880802
0.30063197245890849185 0.41728359848123530718
0.30128425963256838527 0.81050161208611959385
0.30472486520040581448 0.73711080673920170714
0.30517461344122981393 0.39204561625967498939
0.30670423248513850600 0.91885753596416686051
0.30790262625205522262 0.89424973553115982838
0.30949918934553627414 0.20308547420305120279
0.30961188669563738385 0.79441125028328529734
0.31006351552219280077 0.65571041506611771332
0.31122340551085408977 0.78150254627750359582
0.31272236245843437752 0.39002030231471962463
0.31359304116601677270 0.38412349258481148784
0.31459075802332969740 0.15775389333207290310
0.31729957606751202359 0.22978519464063229538
0.32340708857940508869 0.51707967645057695272
0.32693419724678618454 0.96671542534509879996
0.32981080232275272746 0.69897080041322678934
0.33092266719897972527 0.87567614581905739435
0.33215818106999478454 0.75602893328511755477
0.33340327669426828017 0.80101165013378761159
0.33348985847534612370 0.68091669195880399901
0.33873522628529151302 0.66400531668202822377
0.33968015818599212041 0.90876646720413989389
0.34019134593011968182 0.59050158409725617137
0.34140591658799762653 0.78951646220284543709
0.34524589200036259751 0.49117152563156757372
0.34730288293555799939 0.99501334802087282316
0.35058994716138341952 0.37460822275899130496
0.35354574027502788658 0.23217002797549091131
0.35699526858294478027 0.30017844982310959434
0.36320361717450339034 0.95423631611445247636
0.36346251800169149249 0.26870079004304397996
0.36443093881743682250 0.86367033915115243303
0.36490284103379422298 0.57944160667458965985
0.36503410131878177847 0.21617074222880611201
0.37244468346639469924 0.92840622767761749046
0.37352367604182168392 0.73361038944054679511
0.37526116064629677638 0.19784067035962721315
0.37580068229214558251 0.14284608602131609878
0.37630752456580202070 0.77078938976517930026
0.37636687451262862414 0.73293408310530250294
0.37739674686137991699 0.95598355797026068892
0.37992984228895410048 0.49049628793042471253
0.38141755332693649816 0.43081197464264348040
0.38378922208913701652 0.72860731319765892344
0.38408555949498218718 0.66184718586269120078
0.38956109115509540697 0.89161514083294357569
0.39003795758432679985 0.40666252094759591795
0.39017997033587148437 0.94645314099596322688
0.39248791440035601941 0.39354443459922661130
0.39277917958309632729 0.95019526993091785183
0.39470105588527387708 0.25422770204794631344
0.40088192586534920903 0.70584620449289336985
0.40182921628214912646 0.76779974562087305312
0.40218816612555641221 0.99282823126518349177
0.40342968072148011061 0.88872549324615923716
0.41048254943071338374 0.63898933265217827682
0.41374162982174889081 0.92878645786001612361
0.42619610292762988291 0.95331642938879113114
0.42675843000019331175 0.66384389813278621428
0.42797379803912888319 0.94929028227761069747
0.43595131209152138130 0.14013581313147679963
0.43675252741288317360 0.94625023166683919218
0.43756991013261670176 0.31429876463550410204
0.43938777151412639066 0.37585416494840528934
0.44487043175602358769 0.48196973617811578183
0.44765068677296920852 0.47556418517399662305
0.44782866082132899432 0.47334128434910571759
0.44950856115810727820 0.64418029095774742565
0.45017662730133461979 0.61878945147225861145
0.45395191149462799096 0.83565549527185856160
0.45718926302764339997 0.63658978502088314766
0.46555583185362797716 0.07197936081242972683
0.46832970558307457365 0.73192163146669964036
0.46934743310899601498 0.91641370593456916716
0.47127075969845960701 0.98502300550431731718
0.47155690621707352372 0.16324485653328499324
0.47201819436602171498 0.96976242619362984509
0.47266653304140981984 0.13130071625388881063
0.47353618296140848054 0.79031771938258277288
0.47658154127846519277 0.02492531788997276107
0.47820901550153560589 0.76252081162799056901
0.48176341626679869412 0.75785019791643093434
0.48314095128250189592 0.92673121487387410955
0.48790987254767959058 0.73528926403161065650
0.49657917741126761380 0.94210598515685739507
0.49659641691754391468 0.29649878999292672566
0.50070674325929021009 0.07135504557887284438
0.50231579350774080428 0.89448097381647639903
0.50909239059676425487 0.26202421432135769575
0.50978123747158909929 0.00699695262405830576
0.51081553285021941146 0.94880228953706413630
0.51167732832441703561 0.93696383067119748400
0.51238010488162843981 0.73043230471737918830
0.51599658384292590441 0.58424264270324333115
0.51701278183211274442 0.96153470557132214580
0.51825452510187208777 0.89190025030469044509
0.52258639650260041432 0.89090347673704650688
0.52796427335411533210 0.61931854840024302966
0.53512658763806653095 0.13018561842641229731
0.53999738213174519608 0.10174704053735379727
0.54135872712780497285 0.23180682613464040354
0.55389577043394000455 0.71266132216647315456
0.55412399727627059676 0.40431667206834182027
0.55661503743458451421 0.93685757640444644601
0.55679587575499633889 0.09793876295227643691
0.55691181490211216776 0.79166426178969773186
0.55727304169474412010 0.00401982577315485035
0.56358347816674392305 0.01724005042438470081
0.56649899525756497454 0.58859991023222402173
0.56656376550743037246 0.08855249598248626786
0.57131355729393418219 0.01798330330897401907
0.57373056197176131032 0.05827747288766105260
0.57653359191098318970 0.16145502203159659005
0.57684246697530472403 0.35911896354684458288
0.58000673295085780623 0.04418436553193894056
0.58003172081000309301 0.88734940187208011242
0.58014216222904135822 0.58083661099399352956
0.58491925055831917035 0.25293479131663237913
0.58654344233991873026 0.91518420390769750217
0.58750962893280889165 0.84886485794186206100
0.58914129338847609496 0.95394101728684277397
0.59163767726740823516 0.82783007317912693512
0.59190477957182197066 0.94582519055049740775
0.59592937066114670674 0.77978704278395560845
0.59624029852666504681 0.15954688700493391273
0.59990157822319489789 0.89930442210883176912
0.60305989481192012747 0.01369857800531171059
0.60426792464032241803 0.04762728679919114860
0.60652494209128049452 0.64379563335796596846
0.60656623109723339926 0.87989653880580387391
0.60912215223637633521 0.46747205536932479042
0.61465597140369609974 0.13606863318988771105
0.61509847322358124355 0.35261239494860702193
0.61640470974325178855 0.78593583686940438060
0.61669011744077195658 0.99252320796454429619
0.62296697099682640797 0.49354791456557450813
0.62359460176661518638 0.15422139829942080325
0.62788884676648426542 0.75580793875556295802
0.63368307091255526853 0.05394126138568112322
0.63381756463111360578 0.57855222824215124522
0.63986963039800703879 0.32210563476755221801
0.64361018486809218331 0.98772470071068463326
0.64558104490386003516 0.03354142896193312851
0.64945018004418142432 0.22273841990429260607
0.64964961869283299745 0.31879619040433271326
0.65061242138154606884 0.87679817450707242532
0.65534397577024638970 0.18279844357249189213
0.65541480278193064990 0.27817185939215949286
0.65631612886434997911 0.04315979780582501757
0.65869652050727145465 0.10494626570942240662
0.66524732397816865870 0.04943529167009674818
0.66847202363056401619 0.10326174203112330197
0.67173093459319388465 0.49694883841955211912
0.67304691813555828084 0.04646225703329909251
0.67344158609630133672 0.14682120413924298896
0.67396878951360272847 0.86373959573009284618
0.67484023231787682029 0.56729692932491915247
0.67509496376776401139 0.26812415413144369269
0.67641889718115943975 0.28360323037431650617
0.67911001152781680368 0.03590280661443989718
0.68113046553502121228 0.17663374466642228766
0.68749544553681063430 0.56516347588820747827
0.68937875532908532428 0.31527899775671147653
0.69285664693215076593 0.25179146557573922616
0.69433772474392740914 0.09756844964108712936
0.69527188353308422286 0.56374845203351375833
0.69651265022575092889 0.64026268228401150839
0.69656059818089954838 0.04779836876864639733
0.69688060772925786157 0.13397408099069149645
0.69695671338778097947 0.25631898780249712244
0.69777150679580890458 0.93866974679550641003
0.69864107306633704830 0.46440595881493801356
0.70001423660263795146 0.10981769414566609766
0.70044091767415017635 0.46411799804413800263
0.70046927035117323435 0.10090655397316819486
0.70134323262133213550 0.84204457620216621727
0.70144432865965444801 0.25230834385494960159
0.70301234063477469061 0.99582442945159077574
0.70595617156241807777 0.82308654551070825622
0.70733655780589910211 0.40745594494851672396
0.71032475322457200306 0.67715426197978878520
0.71166373192579912565 0.91313128356001327379
0.71221349777998943509 0.16086611852803808786
0.71524318782448059739 0.54378545947078005263
0.71652472109621434537 0.98195187488109070273
0.72045383148685382402 0.12200781628567940185
0.72098812415037383250 0.30087431334072162192
0.72112682084932755444 0.21072024327211719141
0.72295497490023286069 0.23644374266698439668
0.72538588897012235002 0.13042771321541779539
0.73400289095233373082 0.66388911391666483031
0.73441399325112788343 0.12508055619827951332
0.73465834212620662047 0.62368900376735680879
0.73553963488152507288 0.99927057641585337322
0.73732432543713566364 0.49706261500402099118
0.73755122948032891816 0.80154654163185057314
0.73844076013031567651 0.08163535543542010942
0.73906416792941442839 0.64028882128289421605
0.73946429890029452547 0.10764649070695249400
0.74073445588765873815 0.03908048929536533933
0.74551036431688855188 0.63068172758689633461
0.74607583575718328106 0.60077952734386941280
0.74924390870373946960 0.90994241548076337800
0.75130105278740899610 0.17851403126981479907
0.75146013841556436041 0.49494635747569448725
0.75172626838539369221 0.30055486937206910003
0.75349385908774169085 0.86080907700136644056
0.75698161811863140525 0.10005229485049310645
0.75863499655364319274 0.19231142135571890894
0.76192289386060529921 0.03535852210887702185
0.77422233030699760814 0.80084314201111950204
0.77454827914575996584 0.16054538255913849976
0.77839658882112694460 0.09207049655417343104
0.77873776391750137993 0.17282548305855249815
0.78223940158298033154 0.06706262767970949668
0.78522945504570551556 0.42239267816087028296
0.78583778638423174012 0.76345220605411612258
0.78612846020212623355 0.41720478992209247826
0.78619352259881580824 0.13421292906483869856
0.78729730252858820538 0.58675492468514578448
0.78877459312791142754 0.25713768898666722329
0.78970695738436180733 0.75501526085764025797
0.79437282027786493277 0.57050693947251374105
0.79628767029943359201 0.28621637196913202184
0.79714407479642934717 0.61722332477067443079
0.79907035184005648087 0.51733937858971856816
0.80017768252707954790 0.04090404115553025743
0.80249763429568388151 0.06187029425911017011
0.80314346158441463075 0.10219280217660689503
0.80433350687792326550 0.72032426724236420235
0.80449101083591445516 0.11999520915244650532
0.80807953521750564008 0.74503268678926193314
0.80948161726501233204 0.03122042064643170897
0.81565691723416811065 0.87078613835539619981
0.81613194236697417239 0.39504395549322790515
0.81648877868473668240 0.37266296407834131887
0.81822272209794100206 0.24686840215805139209
0.81919158872379549408 0.63895888842766279669
0.82163264788450118825 0.01032351310309843027
0.82205190717265486100 0.43630853418256820841
0.82210141151604287924 0.05280672916951956175
0.82259780013316174951 0.57154191008879451363
0.82291628324239562975 0.57112356281534959468
0.82681639933654416108 0.50576570224986472368
0.82696925129306919633 0.72657079347692599125
0.82858755110464477056 0.39523476023860459883
0.82894665268151868087 0.56432461666741595696
0.83115222893099938162 0.24524045598202379170
0.83180047027381576186 0.46158547526518889370
0.83333591143165375303 0.02065461840245363945
0.83413462179001462982 0.20004911806182901213
0.83619567176070896952 0.23502334642639330364
0.83637380844181141715 0.96500662022242678084
0.83892775254314866373 0.48059018773906148070
0.84041667129088504229 0.51414928595569531211
0.84126507330170530174 0.07510241196306111089
0.84322056865743544307 0.68635509873855382601
0.84385751820012322444 0.62250611462479277236
0.84879716439525976224 0.09305247349362988363
0.85023152508347710210 0.38770514479834239374
0.85129816832700788698 0.75187279787145822052
0.85346335889730728930 0.14600923816556721224
0.85403659643697671378 0.30246350413396971835
0.85538666663069062857 0.17759498244958829560
0.85605617973086378658 0.69224568529337149325
0.85642458874641680389 0.29218403098343281865
0.85877365569934227540 0.42305560747551351763
0.86056835777748008631 0.23701050334384191065
0.86065463453474999600 0.39686214067698571961
0.86187560565950238622 0.31093822597852832645
0.86556105485603007654 0.74707531940445293106
0.86575001679180418890 0.48435218974784510770
0.86619977678468218496 0.22773186842355769288
0.86974169819462010533 0.59779250454545940219
0.87107820942174363221 0.20799460115375179026
0.87667207725496165693 0.12874240778696380283
0.87707083748663616785 0.30989772100205159600
0.87792243777986789244 0.65366297163083897370
0.87843264760338524155 0.43983595073306819279
0.87894509274284293721 0.29298247287295692276
0.88146411727476703390 0.26443413511925639714
0.88302226482119905437 0.63796437741046496672
0.88418668343799455833 0.41253490727713981734
0.88852357432220274713 0.72480823124823301473
0.89310649089101146192 0.97657544048429023587
0.89468274355073207360 0.60692829740187403953
0.89663762432693905335 0.58907055846335798499
0.89665038768741023301 0.67834352536608044648
0.89733043077276297694 0.57893335554822711320
0.89813238267644868174 0.58823239938780458314
0.89833171670477895976 0.54154618548147392953
0.89839195520711323528 0.14364516635843629921
0.89847767913080733848 0.06402101695057149655
0.90036674756147694332 0.46826782613107498232
0.90158422824052675271 0.16590556181065160835
0.90581572654987874138 0.46093065869138050150
0.90721988490980010056 0.59473291377025305771
0.90838692307382096214 0.57039058831535871530
0.90867025988244420898 0.54762928993557380419
0.90938680477741740127 0.58860620146472486525
0.90966109891029611756 0.40889908493587279192
0.91010400474707331409 0.13696965367683369696
0.91209113907120720199 0.64558903884282636820
0.91437222467697609751 0.34128815166470277687
0.91441075095248836035 0.48741724267845720764
0.91698617026759521309 0.36409658869285177474
0.91801653592572707296 0.02192457946523241122
0.91865338839717913810 0.33666986122895137257
0.91963670048223034037 0.50061669882740955639
0.92040564502627286725 0.14319696061484379901
0.92059672808808978850 0.42811416874863672533
0.92102803631562968345 0.71748622567001141270
0.92249346846486612872 0.38601207444218499365
0.92372059460227495808 0.15002221841939630820
0.92409209876286024787 0.01189817417138394964
0.92429083240323106629 0.44698699622386428576
0.92525860827476691384 0.10758129965073169598
0.92628661132118061960 0.43701239763598409560
0.92867346012000506761 0.67197073438268095646
0.92968194909277201976 0.14019207132659811110
0.93413944663929071588 0.28799374223847518106
0.93426978964600770894 0.12598569704217010834
0.93783985923463375478 0.64508404169116773108
0.94205815900118716755 0.50672476776222985517
0.94206174327954839143 0.57673813359454395577
0.94256218404437086544 0.65689326221554567020
0.94316690958215954055 0.39735151210764191321
0.94610968601986134008 0.54496162803480774350
0.94631238601181333348 0.16379670295369319621
0.94960160470756460604 0.07028686034622921852
0.95121628672107205738 0.57805712655066310290
0.95294311900877670674 0.25942263961694017604
0.95390844317204570579 0.26750694736200530954
0.95435212342404363017 0.07323325336513586414
0.95497238374074167044 0.56869784922940125327
0.95565094741346090501 0.49763784553248019416
0.95624202193850704745 0.52564009327067040545
0.95654227945148662116 0.32035075981552618707
0.95684063721125844904 0.43391847700070229621
0.95719420642786001707 0.06027139408368031859
0.95762259331821608654 0.33945993500425358791
0.95903539638634360820 0.05776257069268198041
0.95955412441269061219 0.15864633562134689004
0.96168558743984133841 0.35002664752502077317
0.96321289549439514932 0.64720213507483537185
0.96426449368766109504 0.36679051934256612366
0.96676574528478387283 0.43511439625986148005
0.96745746590149583888 0.44219211656523532694
0.96851453957902555736 0.64039009156419957058
0.96910317640420262641 0.14248656576900858850
0.96925072878539342280 0.27754307392310617608
0.97021438799078829618 0.24163518777447459684
0.97174382158173433499 0.57919420406930921530
0.97337809344344139451 0.34900184201746159429
0.97562046596505247464 0.39493972380383080001
0.97581234862992494161 0.54810968444560048685
0.97626334915505452727 0.37230452049025347661
0.97675611540504081454 0.53618787330525119472
0.97698747104211280945 0.48069796211751331105
0.97948646548668705236 0.06380540870870599068
0.97988065565875348550 0.29806450297805719973
0.98052405177843204864 0.12847500592595850755
0.98146738731175509063 0.34402235393113428374
0.98281890172966024366 0.32676632278856787561
0.98401825027818945468 0.57269107903609994814
0.98653582852476862097 0.37372803126633091786
0.98819206240261758811 0.31146998211492110675
0.99012748424941277037 0.20061065736705249729
0.99373493869388640487 0.18473098672455950942
0.99516228426636710314 0.83281733770490595781
0.99627684428282003992 0.00214746840603108292
0.99643933936597783863 0.52483831660252422413
0.99722279337423547219 0.43522378369923797603
