0.00002802030852222526 0.24255975829119991172
0.00036046169111314530 0.96739411609254610802
0.00127862129049838291 0.39424340472045982242
0.00208881667779581282 0.49675182513828058939
0.00463763892676693958 0.83840298004625268824
0.00569251162566886126 0.63978122823384053763
0.00688077355960703407 0.39163050405741178794
0.00694692769650262498 0.55839356497976255778
0.00705407809776481542 0.20013596292137530996
0.00761355662465434957 0.62287459707915104890
0.00942477434273081283 0.55538987769941638994
0.01080988471909704977 0.40655371682185958981
0.01189143296993033956 0.96089551158686381527
0.01371350220599188048 0.61313544704118383422
0.01442064975562339958 0.91047273608801027045
0.01652615705289340112 0.35779591458963722062
0.01831558666201571137 0.66056690325109668205
0.01834155108823221081 0.19245329522206200412
0.01971776986703421830 0.60282883911257345577
0.02021679276469389927 0.83595845406646451803
0.02129618988305737037 0.47691944239241951253
0.02166141347801997866 0.89600238030324352856
0.02201455373829419929 0.55452165221840854503
0.02381973110744107017 0.66381938502885995401
0.02480099192083428869 0.53318158484466438019
0.02518184631830399853 0.35145296295588257518
0.02604296324111166072 0.40842231728967659521
0.02691121960813879985 0.80348006029930751914
0.02813427948805801923 0.86128069908902404883
0.02837674191152872102 0.38145731326902748703
0.02841328832810153041 0.60462619798186900688
0.02851751694560800132 0.34006752061734502046
0.02872072719984153019 0.97300778332927539971
0.03043911180430846838 0.46843133601460867910
0.03207245482936139230 0.63783478284804229208
0.03351720452586348653 0.33281107668629117402
0.03379655625847866052 0.15306465021460949338
0.03437053178810167697 0.75683615608624765780
0.03546556639185138859 0.60592299982548181170
0.03619406022152182878 0.82515785866975099871
0.03619418577322475183 0.93953143993682952662
0.03673853191623389219 0.89323042042275113683
0.03714323530629214803 0.57749788693680548235
0.03916675430780869327 0.92631562582232795933
0.03950890446105981280 0.52058900040662992037
0.03991764278235498953 0.54521690468044359257
0.04015772728868294283 0.51390728182298850424
0.04215175775224588861 0.03329210699063767098
0.04228022654717455975 0.51079815627879943118
0.04287281977858192761 0.79183056446631849834
0.04295413405920633920 0.36210589118979491507
0.04340748426836071872 0.94155795409227316384
0.04463339167822055753 0.95834336629036076527
0.04489223752275173229 0.21085237273320789342
0.04490458867310843233 0.27564182602791398313
0.04541119055293230122 0.83188107806728106564
0.04590488840007334037 0.73043074027327969944
0.04857320959523626219 0.32814598597757771437
0.04907071612865542692 0.67255359223287836112
0.05133316088653305798 0.97114664989039745091
0.05160162565178327831 0.17584765398910010004
0.05216651194538113323 0.74513381683392843069
0.05245858426373750660 0.13392560382000320840
0.05257743269357473270 0.54981323675361137848
0.05348250056888371323 0.82250792220527813026
0.05703698030529535945 0.91292547925394940123
0.05776836208825141677 0.87959230662171472570
0.05796695263963325129 0.67866668692862452961
0.06116889840620898244 0.78098038862372509694
0.06117889500333784092 0.82605820273690244715
0.06186533205890198950 0.80573452544930634911
0.06234323103331196325 0.75503251907336876858
0.06244994065615139256 0.64438745320081813883
0.06289542797216340908 0.03908135931284095754
0.06482956241363979633 0.27656364968918667469
0.06648780682254873398 0.97589826605235063806
0.06756321531962816707 0.85849399850900787179
0.07000448954133664525 0.12495023026615699469
0.07112993949663204418 0.88595790538022334282
0.07121670905174060096 0.74281467576034798661
0.07402172183075828027 0.35830701593442021435
0.07611557858592332693 0.84316992420774994343
0.07799868060732717545 0.25011577813317581453
0.07928470890557326456 0.61693263078569737790
0.07983647015291872595 0.84116237934198512249
0.08007100879557427220 0.31498174662716438288
0.08082096958354101357 0.30478008749372748065
0.08110089003157305854 0.79418324262949724357
0.08191296440477269236 0.00254063047379804495
0.08561028939263315429 0.72572619952999195547
0.08597905712045617044 0.81277974331062219360
0.08850128152631697720 0.80692536532553138517
0.09024119540312502963 0.72008364321830620192
0.09210549434302894856 0.80830574442856528705
0.09213813974819851094 0.80634325825932906540
0.09282305676681978923 0.50718757196851060876
0.09330271683203494870 0.84595589054320197153
0.09354071798305985119 0.69599256064566106250
0.09438930540005519010 0.69216400605117023304
0.09458888890468530875 0.11874200025979260442
0.09634234318531309516 0.47146059259525718854
0.09655446563861980191 0.81962077890833484606
0.09694197369007362397 0.93048788661971215674
0.09944448368169045427 0.64756519044789828676
0.09975419281252517756 0.57182149643860735733
0.10048286734221059668 0.80545890702206113243
0.10058734456727590201 0.24259716235469719336
0.10110838833054600072 0.98308727293962594462
0.10116935337320749622 0.61368431617509289211
0.10205971268700030075 0.85697106367703856922
0.10297511186894539592 0.73714149839771303530
0.10408677357970690103 0.56232638714926352907
0.10478907636331349917 0.01951500691453555980
0.10682965505415799312 0.70667019595442204238
0.10732340219285729788 0.37475737176313977939
0.10735022873059750503 0.75887061437707581391
0.10768241447390999865 0.29634061634306502198
0.10790219365225829640 0.93963714348126659015
0.10843613543342270344 0.70318143560512635926
0.10843733277625540457 0.73382809594974696132
0.10891353748355940556 0.78453303085809444894
0.11023390205560500144 0.79062814117488344756
0.11023909374343729417 0.76707701932519634092
0.11229320214970670011 0.17058906839341170247
0.11322931322014069544 0.66780327585481691344
0.11376465897883210332 0.16978949405844290244
0.11479310035110079635 0.92846798535406693809
0.11521538314584099660 0.49499569244502389376
0.11528834597682220686 0.98751372234449530385
0.11611540473607970259 0.69696192756543484670
0.11744672588072410657 0.96906633760623095419
0.11785350690752849356 0.80616322201971224448
0.11956757621696620375 0.74033131741953395188
0.12185575459934909481 0.79246955934343321637
0.12279954103489830464 0.76465621654536808371
0.12286965295785060026 0.51425904787945653229
0.12334240852192239479 0.84157006689706814750
0.12571525691814788850 0.19642308121159349210
0.12690275560648581199 0.91239866910569267233
0.12707474738148749616 0.78439391652414303113
0.12745331515797109212 0.78537573467037113950
0.12789656543715111070 0.00088568269493149998
0.12865801769147219846 0.51051905504574279782
0.12977803072287810715 0.82551875901497484556
0.13078453343723339675 0.15814852520144229153
0.13287506485668421075 0.74400603571333534525
0.13628395957557890017 0.88843662345242480072
0.13771111654109449707 0.92156766107325815973
0.13848674300454941188 0.92023367618784490674
0.13888665767012001173 0.46677890717963732570
0.13938359091938290479 0.98555474590636593657
0.13974475060436081231 0.21194482711806980624
0.14063924890255810607 0.39861888122968341941
0.14381198770453429425 0.14116644531961838882
0.14408294837248009079 0.76929832401650044549
0.14545837357999569228 0.90969211265843563652
0.14593012390741899598 0.48117362698867610638
0.14838707778552540084 0.08972655160296905130
0.14849678086891959783 0.78557961807020315614
0.15016300843091950901 0.39081616828290538512
0.15032222327723990252 0.94917524713453460539
0.15207911018283878923 0.82799235577611696169
0.15255859864117340963 0.90611875645097950116
0.15384678179046429314 0.87544436947827419804
0.15672156616457819100 0.66290751632033728669
0.15674920665647021356 0.93843695949124295019
0.15793473974126148729 0.33733998340435500385
0.15892498909490979098 0.96749993773396747443
0.15944181384809019697 0.87129871312047979526
0.16088637024763949301 0.18280780685214670367
0.16179476492609429217 0.65096561935050989423
0.16262994982018699752 0.28205291365778667467
0.16423078457480830283 0.61343534557744594515
0.16525277059051521333 0.61822288285483895098
0.16713234908656671163 0.86819874009840158902
0.16726069680797608918 0.06265212991254387465
0.16801925526101149644 0.78489875289596211516
0.16882871532882040566 0.87379950588355026486
0.16907799421583791233 0.31110439686416307969
0.17120532770119101240 0.89089619230860916943
0.17121184643753409316 0.98325315391494327866
0.17328472967594671372 0.84618841152401280681
0.17339589639110458696 0.83609322865972068861
0.17358736166348701091 0.88097521444332571594
0.17392441947691789084 0.38648616929179158141
0.17393475810694850048 0.82964416925316053497
0.17402935639067018680 0.56972655413983264161
0.17445214197004568768 0.40915439222407518072
0.17456763433075581093 0.22873778873910668996
0.17565143846390440796 0.93692727258839170190
0.17654682306613500575 0.51830815296357068966
0.17704054127722809731 0.81436110770872938147
0.17818104989933131188 0.20221541032342829625
0.17962910270860160677 0.97445871168400144402
0.18061706107326738757 0.69737625117286472509
0.18220767006418858713 0.23814252516653561242
0.18270325416885119241 0.76274990552694144075
0.18400639819683139997 0.93427955166427334444
0.18419365434267759296 0.82038815282071431145
0.18462270512616649198 0.18166803456159949515
0.18476099289776740098 0.77235335109095737405
0.18501829637148201058 0.98356413595095659730
0.18563994603994479760 0.54384049770699727233
0.18648828624103350182 0.75099193254529528208
0.18652693800759670428 0.48336478341101840606
0.18689683438455428899 0.88636457778555333142
0.18953401615792250801 0.90658339640094243173
0.18953876179534209778 0.17720279966889249113
0.19076891667011158793 0.77742129339370835694
0.19189091706803240722 0.92137870391853282648
0.19195733509794729588 0.01571454626523149933
0.19235791525959208825 0.68322963819752524639
0.19365661028439801195 0.83842744489806353414
0.19369709001800289316 0.86431319420040886303
0.19409784809234409408 0.89550513283033672529
0.19566793519351768915 0.46564700285426252613
0.19568169964562920349 0.90849935838849160685
0.19611916963288558713 0.65197068486984066649
0.19646686567984839034 0.89497880692606479602
0.19820903984902740746 0.55234133385620010070
0.19849566798629700304 0.88301103860054985795
0.19865198802229000474 0.78686361591707598695
0.19869594902960130423 0.15190414084587630650
0.19925476425974539274 0.68556722779465473216
0.19937939850506669615 0.75390240432272026538
0.19942709019769719325 0.42792155736372788910
0.19995859219111569716 0.70741315532649284847
0.20018043497913740048 0.60610954962607777041
0.20032260269214691162 0.79190661656408767310
0.20056992167383810854 0.96393376971361155459
0.20095595168905711070 0.59814259290878335484
0.20129498069330931109 0.12944277428303530009
0.20153215860518081115 0.78487348530198453034
0.20163649886938739275 0.65314755930990020527
0.20224624333321308822 0.83223045147158325463
0.20356113044499679621 0.82809674752517714591
0.20376033323792930307 0.90581935755311959735
0.20454618172506769391 0.10756309603759380000
0.20533679011209590715 0.84771846894576730058
0.20587711978935760437 0.60341053972474767431
0.20802560944099199314 0.97958341688873462605
0.20851309070216170194 0.55686829476884858181
0.20943067763187520058 0.58244207320498486702
0.21336134790885460943 0.99826950546888815197
0.21370938511196299614 0.24228301462104159802
0.21397172213836929133 0.80863986921402453145
0.21485891666837020342 0.04305772545735198076
0.21552988556293470324 0.56935178133896957586
0.21555143975550661306 0.96115718833105845409
0.21589527261956151238 0.96215306580204595921
0.21609823381840709278 0.14014540051164980916
0.21703680035366079704 0.99037071407588750382
0.21781895601473819091 0.90842041223485492374
0.21863033662985709160 0.13287162320986278807
0.21962046587992550828 0.81320882576600317382
0.21978279737545530770 0.82650005643242763220
0.22016677427606060058 0.52018405834670444765
0.22083949836497490660 0.59776332278735455628
0.22132736698060651026 0.86035145732073547986
0.22230426082863868897 0.91822505424345790548
0.22415596532422399356 0.93091625344379003160
0.22570478646757710650 0.90498385863012287267
0.22787504523119880839 0.62172523081746844387
0.22790230027581021011 0.10262430837571200060
0.22794492444640521156 0.54375294606157975608
0.22828516978289670192 0.91873292362065384076
0.22848302137307299753 0.90471127947720331175
0.22918562319606070043 0.94870989422835694249
0.22948685017323358637 0.75264006288888807283
0.23026937102260550128 0.85994257000828477899
0.23092148907718160200 0.94962221066920560197
0.23175086944999689909 0.42653410905105282325
0.23191469044554591239 0.77860524620575277677
0.23466842494557341170 0.73685992050110460383
0.23513105593005301230 0.69132056249075835019
0.23530123812569600505 0.59230170910619273084
0.23560915809825799805 0.40788580397317297788
0.23594855053797170186 0.87547606405533695551
0.23951535574972748766 0.39321602141346451154
0.24006733625883330818 0.85258989311773170083
0.24018904427241169475 0.74852994481276557970
0.24115114225948250382 0.77675166984026577932
0.24213931568737048772 0.85196487191889558321
0.24245717032503691368 0.83263418382588427757
0.24334763295916028714 0.55351439066431828984
0.24468144448375608868 0.94417111483836602126
0.24555965369400520326 0.02396068882888858012
0.24671789170869659613 0.79897358310666033443
0.24996180151643548895 0.82483795089415734569
0.25073124942689939409 0.89657776474007266909
0.25124202340094381469 0.92844953877593028313
0.25179086118308280362 0.73443362604514872416
0.25333165703313237360 0.67739684010074929787
0.25442870593419331104 0.41208271229941151326
0.25514184764301500730 0.12372292831875060515
0.25543921207188891032 0.72677371573249860415
0.25570459919750782030 0.38923572848642612465
0.25699389980401970979 0.58926331458833403065
0.25722138772231800674 0.85535842205394330140
0.25816111560098747857 0.25293937610246708392
0.25918595400642630011 0.88605707381836640302
0.25949525333035067254 0.98940871374812755512
0.26095391619091751201 0.76235266341234597665
0.26154613328761272539 0.15439511463830019045
0.26237803089974220949 0.94262885863030365652
0.26404710273196319026 0.15213790419631700868
0.26486457378544348007 0.24534685246162149519
0.26717901446558262046 0.91453492742249509195
0.26790973449084537483 0.40979576440067011500
0.27008247107331018189 0.15210977936698730217
0.27510733934976988602 0.73945964671030850468
0.27575866835634599283 0.79390208695003838812
0.27837089064333542243 0.94788747895590175219
0.27877617094776568907 0.04873598974939175044
0.27891484234954710963 0.21499849312624841335
0.27936858648780787950 0.44534213318618998123
0.27944679469640620884 0.84626923783992391570
0.27967209483439797735 0.03765800403115449058
0.28091506584070058405 0.17793818177857509411
0.28159292202508112712 0.08484430895834926822
0.28166342923918541441 0.92102841345805763762
0.28538212746910202045 0.53868663797990068431
0.28538213051188088265 0.90421302580935847271
0.28604455194826750031 0.05287331463606437243
0.28683070273160282682 0.41976061112078288939
0.28696233503212287275 0.68036670503818064137
0.28879172375456629851 0.78663197118721983614
0.28893808646624469239 0.99262974778299084555
0.29212405656948847721 0.86023396768076720864
0.29339564516423372043 0.89835391521441421148
0.29357136686918877677 0.84441102873796869410
0.29419916060297240934 0.03684088218114366792
0.29638813679347530972 0.98944817728592793227
0.29760396569051039695 0.17486266752179061013
0.29783290592089267657 0.90395428994250381916
0.29789588349608731033 0.83088716641399551488
0.29821773183189220768 0.92498534142341803932
0.29966722527353278904 0.85783648290350444920
0.30191031238328397412 0.89519489256984507985
0.30246976569271177837 0.86916673221462603660
0.30311351642795841821 0.41076981586058447515
0.30428344058012657403 0.04350869227919351712
0.30456838133353242304 0.53349232881550634477
0.30523195859192758794 0.83618640666914045845
0.30613723144408122590 0.81486150412553515210
0.30676822458835101282 0.15261635991523070377
0.30894136615865641637 0.94193605612912045810
0.31060208364376612478 0.89551599885316790495
0.31200168817466977789 0.86355184655095551527
0.31250858212559429194 0.80938392942198200686
0.31779006343390897582 0.17366072876440599715
0.31805154013385539269 0.75312722181446090097
0.31848342795660700144 0.32169457978055371328
0.31892900083531522393 0.90173817048407989283
0.32115572335417741368 0.93530112278506949419
0.32225709377519101695 0.14889860543914928970
0.32571478507360662746 0.97267540213647940561
0.32678713714265822388 0.84294873796028868540
0.32898323024378312018 0.27483876815357488610
0.33005284933370132583 0.38728540696632940410
0.33022425831817647790 0.51680777504024411062
0.33110226942390180715 0.40046115254706682318
0.33167716263781799046 0.49655752732205571398
0.33310808681070469550 0.94193035138970715447
0.33454231469712369940 0.03634823634424155792
0.33523168765887761955 0.48688024428398590793
0.33539570302749299735 0.98841130970453683346
0.33569494813774058972 0.91755006631526214722
0.33715160318095832581 0.03805575459650344800
0.33997772409698118201 0.99311677583022506255
0.34025859723691648240 0.08893247348316601908
0.34048009114626109906 0.02176973985509956036
0.34062079104167497512 0.78446773654855517233
0.34170039779325728224 0.71010327685811125420
0.34302485412718519697 0.77717157293286631692
0.34377207164128592565 0.66009353140228965717
0.34385270114956567600 0.85242607690682059562
0.34455339308246141217 0.74287931025004627639
0.34506427757606061846 0.04979897264181021299
0.34745869671412538127 0.29369043904930342004
0.34971216007822980565 0.94897570423774668669
0.35057765813116792408 0.98953071565454953085
0.35271313741592508206 0.00693435034243039539
0.35561615043223349097 0.12430816606270679581
0.35719726773067028702 0.95950018878264697886
0.35745244339068149575 0.68168549440458992006
0.35796547970222247770 0.48413510494386552407
0.35819438138187847942 0.07605599789941885902
0.35826093495914068665 0.22527199522245799912
0.35853734277847160161 0.38469711067225287326
0.35900598631514452075 0.02043072231767573133
0.36026599589513630395 0.83242037520602896183
0.36162463242667042262 0.99597951076811519489
0.36334605760235960670 0.97592975523895109102
0.36423573484657228994 0.93004076889350251189
0.36425366662262809170 0.60656029672962907817
0.36456080966340798089 0.58887205888721105840
0.36513487582045389690 0.48323314279072837607
0.36539124669047240435 0.90491820545766821215
0.36540075085329398741 0.80914997756330420131
0.36750757315435378381 0.95529183919379900836
0.36781414683243812691 0.97568708532287240498
0.36870882024304052482 0.96672559678850311649
0.36911903362091408320 0.36521034501466581590
0.36935301647285051496 0.67430584182767561163
0.36994872862887279164 0.50286226470394068677
0.37107544380997781186 0.03063157839506580951
0.37199316607890919872 0.78726948171470767512
0.37296296151011371078 0.44258610022737132628
0.37758598513425800647 0.00351979274037050914
0.37759627326821521009 0.01500103207106162975
0.37872726721498711777 0.32896691258692278836
0.38020377712725300645 0.88939790240479599248
0.38217555919733592340 0.01718307118883755091
0.38251762261234378837 0.88592714250830528755
0.38298754075291840948 0.87198233545449477244
0.38412073903520849161 0.95719157353749217965
0.38443956427257047759 0.92099324397341530979
0.38578431496812831680 0.31769051333200670761
0.38603617404941870106 0.77272920976518755243
0.38617300396661868866 0.25009328934713059844
0.38680232506676132109 0.69593391128410542201
0.38793147638716962700 0.48065737460983437579
0.39149229675008578866 0.00784177254636564403
0.39307909168132781907 0.68678033699292195813
0.39342910148528709158 0.80901409816517821927
0.39506298332773170934 0.76635646128313328340
0.39506695183333478960 0.94344915927624894980
0.39585664169950701696 0.83837842647864047052
0.39734851447482627540 0.47256509796597068185
0.39736818869216689043 0.87177050518962195813
0.39965859211532517303 0.98706429325406841446
0.40269749197227139303 0.02519489564935107132
0.40270987548792447352 0.91493706329780266628
0.40303902760356147272 0.83108188626841972280
0.40379168171714391322 0.74867783595185211087
0.40398932945861132371 0.06985693904243972518
0.40415314257924561669 0.25749958800424899152
0.40606815963097458999 0.85031394254006831268
0.40756446959505449046 0.79453237885117644623
0.40843001429892661358 0.78357078552174475039
0.40851105260986397827 0.81825960012019383072
0.40884152844359100687 0.88915769150545620469
0.41020628129617081603 0.90076506065659756040
0.41126314144886688684 0.83055750010822626539
0.41268429595238959040 0.89473569963614818512
0.41353741809506638916 0.66812941168383532808
0.41672283652432007273 0.99984908513449766154
0.41732007413908367432 0.12446900116209780318
0.41776992083397890276 0.53433883739660870127
0.41844021958172489262 0.30571140550391567858
0.42093039890543687553 0.98247028379807510579
0.42113237132716807576 0.78134326568789658207
0.42227267159008557984 0.06832033662228409465
0.42423143837949361945 0.18389377375934520820
0.42884018375675247992 0.95537566092823289488
0.43042224724024807925 0.58125969362210117009
0.43220912937668171105 0.16553097434240160446
0.43456233661307080984 0.52914559866706234459
0.43607523500168782205 0.81769703753223721421
0.43785328497515108026 0.85346719437551155085
0.43880926792737429132 0.73162768929591026623
0.44067382956112788328 0.22195127712904810791
0.44152062753103260562 0.96723977699640606431
0.44177078939567399063 0.97553228175556983004
0.44497178988021252044 0.00758261892718314900
0.44604532173875599543 0.13286992657108048776
0.44766958232399489681 0.96410890524592762763
0.44946025493573882326 0.94277715399339190316
0.45023460726385078345 0.16090564092439618715
0.45098945847629479111 0.96452621159185725208
0.45446220760439182129 0.71157142925404681666
0.45516271756156151396 0.93326354175517745038
0.45575400178946551266 0.68994674507521547291
0.45838904542610042769 0.12642474325300351312
0.45979569526610797325 0.94277170620277206403
0.46073680136127170837 0.81002258037159369231
0.46140065906431998455 0.21121914115968040693
0.46140925764140028331 0.67607963922558378389
0.46284243884521270029 0.56962148868271611502
0.46583623327513212775 0.56219633573215632705
0.46608960889174527731 0.79180346135514756423
0.46744191861524547749 0.99901989894780007795
0.46949384066627330991 0.20062007325140629455
0.46983149111700922562 0.98187863343846371045
0.47217212543452302675 0.23947242938989130034
0.47306539829224042437 0.19480307157461579370
0.47369171928329989463 0.96023875258405400057
0.47577062683980597679 0.14540767264180320950
0.47641990715638699028 0.16808499863451809020
0.47708741268884968800 0.06787939322536673536
0.47716397087724887749 0.57446169017027015613
0.47892721551230948984 0.04643310135148170925
0.47912567593341121031 0.89221603547482331020
0.48046510625276622752 0.88867527153008329943
0.48107009334785999499 0.18246396554615121333
0.48333248883108642646 0.90367067874277950956
0.48428364737528950545 0.32431198983809811365
0.48527645412712722139 0.17793562452117839268
0.48960171560670329161 0.96311638754935602336
0.49052037582633012391 0.06797483476889343290
0.49090696446615589288 0.60368731015642329574
0.49459180665562940682 0.58960992340712770066
0.49476286995100332566 0.68080181962663455231
0.49510035712175287648 0.80468838726030433861
0.49618411413625912454 0.11534424396190949558
0.49823767673191282634 0.01680347323733389145
0.49995348069127909518 0.28916848840549502775
0.50035456366118591376 0.50802273767285544004
0.50091206673760124701 0.76339356566405647264
0.50122695924759852470 0.57064665447662410447
0.50370744502163311562 0.97946521386804019649
0.50620232632084238844 0.61854433145666731786
0.50709188747801159369 0.72293783181193815857
0.50720588334821925525 0.45458310256679868022
0.50723451039524880546 0.94807252145389109277
0.50724705298036354417 0.79417278900566012911
0.50775363048310018232 0.90054059457917723375
0.50850435531427284896 0.74272468110695466503
0.50937259995241768173 0.08606385338896072046
0.50948301959345376755 0.30747104474573161426
0.51093650150986102965 0.60911935664441663185
0.51177554830049054591 0.68381495785762769213
0.51330345146100864184 0.84176092918654088493
0.51430584175716609341 0.38228770984078758177
0.51442418377375076499 0.29596360386313508295
0.51497068231863329935 0.13199895203837819224
0.51686987881598300820 0.57658900022384806938
0.51696220696990269339 0.91957597024785864281
0.51755331692958661538 0.83383213306442127699
0.51977228847375378518 0.21692309318084040948
0.52163745761843494098 0.94444936055337069813
0.52254323620000253658 0.59582450487328997291
0.52271944190596797419 0.28867514433287361220
0.52272373845442399176 0.04695061099985998326
0.52393121038505829912 0.43449262142754357940
0.52458140489153015640 0.04528670501738563114
0.52538372891583295932 0.22867830671949559984
0.52670321259071450903 0.51011792793807952950
0.52783217264000337199 0.79385787252630191091
0.52883000379978195582 0.67223017438065169049
0.52979993883494513884 0.84157147181659697210
0.53114645429256768239 0.93797705329731051460
0.53273177984359720849 0.00321005218316639017
0.53313582744451359918 0.77005371567162395063
0.53343026253873904174 0.98336783702718999489
0.53693471919596125197 0.59572968297405526350
0.53765551720651805212 0.41744746729735321411
0.53771467755186452830 0.16165129902010610952
0.53791305354712903863 0.96578146003691034416
0.54159724831158995162 0.73112707927368703054
0.54216916966507910924 0.22505398051584091235
0.54235172869926961958 0.79626532050714859956
0.54370789569087785154 0.28405901691483992355
0.54423499451274182093 0.11519693954070249486
0.54508143964996969011 0.03615760194079808976
0.54776823408946340166 0.97963874498581604566
0.54880113395458263170 0.15659749985494880731
0.54912046421978077948 0.01167575296362611051
0.54991859105413831710 0.14569238475098980623
0.55018917653292143122 0.21977298554231788907
0.55260496164237593586 0.76310584936562897429
0.55286835964052993830 0.96237575136513897611
0.55324827262349529633 0.83673538984786810513
0.55429261381518202256 0.70696573301427290126
0.55926908242079687028 0.53215533048878760347
0.55933147744165467863 0.01593379180353194161
0.56191197547785554089 0.99863256783600407029
0.56198701877776713332 0.89467932659249427285
0.56278959708918452343 0.02880401145531686150
0.56302981207046454148 0.58259716679269624162
0.56326674488050432199 0.81304355917721427005
0.56409760938641395622 0.56948927097541668374
0.56453430498452850106 0.05549593858160317694
0.56676570973500106643 0.94242374764719039071
0.56786806151391155950 0.00376722239033255900
0.56874730457997635380 0.75684052785335165225
0.57042730740411817791 0.05879835062518479205
0.57064936679254962826 0.36798663427458971897
0.57172258990431967796 0.34819291644006700182
0.57432348549927980663 0.00564860412490197916
0.57762935181248520333 0.13104757476210429634
0.57936406954917085699 0.92416401890906318961
0.58081714848718646316 0.93566679777613070979
0.58134160084106389910 0.45983640018802401928
0.58335301216163104598 0.02160813481695090035
0.58492542657087687186 0.01859848709869648883
0.58720642686913016028 0.14294974601876381248
0.58733221115091838183 0.05236317505634546787
0.59059592147688977359 0.82829093450523094688
0.59184910851384919805 0.95762145077617510935
0.59387443201832590400 0.02881385420101567965
0.59780278779300011216 0.95180881436519326755
0.59784138093219840737 0.22252120439935441087
0.59824097331350878370 0.70417760466756074145
0.60224483070398149298 0.29859022507233418109
0.60464423147972523598 0.08333493398850355671
0.60480702872780922608 0.09350111506304947806
0.60491659734932134995 0.68639216002525349491
0.60596326761521612791 0.12628850850401998618
0.60684795664794433101 0.87658486319349659954
0.60704897037006255722 0.99806104169564058282
0.61006592946245563613 0.08283301181822788628
0.61354514816438965319 0.03922206857031106803
0.61398729237477012166 0.14811902484743680319
0.61651189140835527258 0.99465131767325110079
0.61661379208580957556 0.10894486902159389308
0.61683006240892845895 0.97650015946892654295
0.61807509078889044662 0.13187341860740930954
0.61832057809681750804 0.03979456881423781844
0.62062180510258890820 0.01383275230897484942
0.62097270377017677045 0.55725485919072759167
0.62157505395347878441 0.65982928051152833770
0.62222898644094348786 0.17933833082547290250
0.62298043562274030283 0.44202382492513980772
0.62409175352224410815 0.02123675530088375840
0.62436575298002705559 0.66477590453511725688
0.62441370266453766202 0.09032002679039430326
0.62478433130378330240 0.08633033218162555755
0.62774546511589424114 0.11549214866595780560
0.63066657262117586935 0.02207694184030107101
0.63119384077321405435 0.94659175136725171029
0.63661973215561884487 0.66025716366709552574
0.63709997536517903871 0.93305413683279048165
0.63943071849622945546 0.22084567402807520065
0.64187177845278031718 0.16635346262840611242
0.64542984226209865195 0.29144397729187249135
0.64684786746174827154 0.13590020625682999733
0.64897199063291544086 0.93918832633651683217
0.64902131807225205140 0.05563598697980076668
0.64922997498852130782 0.75989911453536684860
0.65107447609721924575 0.38834757741745540294
0.65330426844561473310 0.18719507484816111376
0.65394020601322189190 0.36042220718860118467
0.65418794530974577750 0.02439937278053038935
0.65451892932214894572 0.28832317161773962644
0.65528182195600270799 0.26986540041349699193
0.65700801831161059763 0.16961457305409188834
0.65706300732681044430 0.22024005957255748944
0.65922360055542583712 0.06952581998977491740
0.65958874688229074401 0.07710085383315323782
0.65979006583597910041 0.26554434214501287936
0.66004007764098437949 0.24953112681543249129
0.66267343862206751215 0.02979898669617652915
0.66325968007461810760 0.92399273674043369553
0.66351780138947469290 0.10569711996311190183
0.66354053690517555975 0.82240979021314630781
0.66586945661123420059 0.19015489040462310588
0.66608255491921430913 0.06926146185906534303
0.66753635170852909653 0.68220556202259019507
0.66992808492717947910 0.23064931124621909642
0.67124906081289748006 0.43735159479073282274
0.67237140081325685870 0.49358377187300400690
0.67278411302396157190 0.99719145982427959130
0.67284909902401501824 0.65175621045601916936
0.67461282686493728722 0.09422815923360405854
0.67514688690346646993 0.59655503521065655903
0.67592449638767337916 0.48864656751204632590
0.67618940176958564070 0.32957981332821212339
0.67631894066426612167 0.91970794763698415775
0.67646340424143347470 0.16211436244025950737
0.67715884959533867438 0.03026068841660655914
0.67716631723260245490 0.34423189457664638002
0.67981281164929396876 0.20730315158531781305
0.68007621263796425026 0.32059380552867189351
0.68053338397417739714 0.33777427517845221017
0.68095799706138882001 0.28738957864334679915
0.68194254050669078637 0.10767326626242110232
0.68294974425092913606 0.87591113867187031516
0.68783609661714650851 0.05578631731238548053
0.69134547455023387386 0.19689164878956461058
0.69788102269386065313 0.67990090587880969153
0.69923339708886722565 0.08424268926866484986
0.69933982341106459835 0.90953974027684436621
0.69995944709486257462 0.08790564593969685259
0.70384600606100866660 0.50761605237128426538
0.70388496074284390147 0.90762503186017495782
0.70504783746752419660 0.50284476447353565476
0.70608004619746722597 0.14082864291763561027
0.70793781125890964390 0.08007373739878764773
0.70886358084482326003 0.55830071396048797094
0.70895300509170555703 0.11517264380149870584
0.71323005957863561122 0.66561677860637080695
0.71912905722172582035 0.00732866791709096965
0.71923519353757792150 0.12416153059591150676
0.72169572441894058734 0.88896620484355404201
0.72263098488023225219 0.04948311957900120017
0.72328036306439835723 0.56003727677024084386
0.72378315724763298000 0.04077468631206337957
0.72630741250170050005 0.71924637309825112386
0.72828900242122729392 0.71637338472698419700
0.73001653838282432041 0.00312966588246166300
0.73023541347244314004 0.06360441878078693101
0.73036822611738916322 0.64108860072083218018
0.73039181259841945426 0.15175394680716500218
0.73300852683453587844 0.09791271820894653644
0.73326313794046826811 0.07305423688282053352
0.73710710495106679385 0.17490891494297020059
0.73716255029160726586 0.53657784518368722981
0.73784432267391864002 0.84542965726879359956
0.73796015302666528868 0.90943516656277012533
0.74012874611537016190 0.90083417967878454125
0.74070138949102881654 0.82771925653364242237
0.74259670739581495891 0.08073405362031826904
0.74467734604105695340 0.09169743210093195263
0.74516962109157958150 0.17851221437026879024
0.74715821654673253427 0.07268738684495479330
0.74791850790277236705 0.02619832412904110966
0.74883008564226527515 0.12658554786134829095
0.74948506355193722506 0.01961254464335648873
0.75246774524782911175 0.36414199113923850781
0.75337752131375368414 0.99218222275154599465
0.75473814286212614899 0.05402119822070838850
0.75575039290720369412 0.92654048282164269690
0.75609868054090301204 0.13917364618092881168
0.75727179103734298948 0.04153933547138909804
0.75900796204717058124 0.78679310772754751380
0.75917078729620668387 0.92067505730011567344
0.76164895076392735707 0.25124002567035358391
0.76708953359848952580 0.54792016706363799727
0.76762857442165288724 0.48419076072917199838
0.76950954672255600375 0.54729871574234467690
0.77109860453611878128 0.23075885682818159106
0.77307611248494145784 0.06286086064790252781
0.77374222366868816714 0.33962315903413531348
0.77611966061902770697 0.53170373449244878739
0.77771462907597344039 0.01378569418644893033
0.77802456942155628905 0.10346441314705330516
0.77889751985689859026 0.11727727412145590169
0.77994821597773755784 0.08335075363412824956
0.78007441352024364800 0.73055431768334255782
0.78049028659098163008 0.03248151467426851902
0.78076336598149675972 0.91413080345097919022
0.78126564437469425695 0.02447620451774223937
0.78184643508743578710 0.14151915938386760985
0.78254632577656235704 0.05462775859993607153
0.78356318877458597250 0.62128875043449482973
0.78415002824185453534 0.36027434919199990970
0.78561502337092081749 0.24593511594935998921
0.78711261009145327971 0.83921227660690467243
0.78750883989972320087 0.11263096147972999350
0.78852439101169535807 0.31712747874401742143
0.78992333232254274833 0.02443097694453267091
0.79005244529590989977 0.22202565620672309876
0.79296775023580923225 0.15698343822381610746
0.79616425461582984724 0.77171223399035071555
0.79729169594480830963 0.20725891989874090093
0.79752331594201042453 0.19553894545885411316
0.79809024155131869094 0.29735625399089499199
0.79809781867294504742 0.06128250392776902339
0.79848984151229973616 0.16499442722468579681
0.79887642734231911756 0.05205148981044316336
0.80025137875135843313 0.76354556972671772108
0.80175788313883500358 0.39051708445343980003
0.80502506925271166693 0.16024871243870320026
0.80578421514820519622 0.79482798982425728607
0.80671458096537873583 0.05117109536982900053
0.80951881432670136363 0.03049406415320988009
0.80982401898463818313 0.76938022839488806603
0.81100841001354406767 0.62719498475620327760
0.81547759667512575987 0.03682802121297489711
0.81606989039317145984 0.27885238754721930476
0.81640600083225589589 0.20168989074431079023
0.81844324280271374406 0.96274985387156386540
0.81985443210966157945 0.14152524150066900233
0.82094129678521299276 0.76445937168193944800
0.82239225749899802498 0.11038543551727120207
0.82682416449734186248 0.06288855078606403470
0.82726109766700828274 0.89342296720560154810
0.82894512964156485957 0.15699051180401110694
0.82966208644492800417 0.13585333598425988755
0.83012052036437544711 0.59704979349435660652
0.83036266111286727298 0.80464175722554387438
0.83078700216060752393 0.29197131505199891421
0.83135305589160513051 0.91190597049635979676
0.83168380001331365659 0.18667507028547730696
0.83251306175880812610 0.90276448341036619194
0.83253341666628244422 0.11694622964039040613
0.83254179455785737307 0.23648949155757151286
0.83310985247385538344 0.18493151799597751239
0.83470409318469673821 0.11427126247491370403
0.83471878237473928763 0.97741748426272456740
0.83695331747981194237 0.87292528886495546203
0.83834633849660800120 0.72688426675927919618
0.83947419988805294100 0.35953747982524997262
0.83982075215926499379 0.58367974601486782849
0.84104285597890338089 0.89590488669497625462
0.84187144605336450276 0.07300684105920540734
0.84189603226365417044 0.15066753986021261258
0.84228630193723186270 0.09751627282863084556
0.84367714493032419654 0.92779634420164025510
0.84407177926777199328 0.72032912049761654849
0.84482803817041896011 0.09361729483711500599
0.84551477336018765474 0.26197168650502372644
0.84705687927344086585 0.03497883923929113320
0.84865397518565699464 0.20193586562339291279
0.84920631464285467604 0.58185132911913162168
0.84930990066170086727 0.16363754198748800550
0.84974000090086709847 0.66777272019039035644
0.84988720787159210968 0.84960006215619865433
0.85019801712301190655 0.62522546080276786284
0.85025212422084206487 0.42557803473263050575
0.85192207964485477945 0.72422360801296570276
0.85289698978780892347 0.52423297894511333705
0.85353011914987064745 0.82997870162715003950
0.85541072534197570842 0.09695822810824628046
0.85562056278143738819 0.01933901833843432172
0.85568622771246261038 0.35681732205596289331
0.85573650425188063640 0.22004742896050011325
0.85641014438834672795 0.34820960265087330665
0.85686550038440711941 0.15120651248700459068
0.85754607105828306590 0.10269584865491990233
0.85898661778951479473 0.82767628506238422048
0.85910948173605639067 0.17375496168527279628
0.85955806247242860785 0.42477609586671821740
0.85979620513062737786 0.24705010002159968896
0.85986058251582286882 0.00056078892907696076
0.86198496453377215776 0.16988801982991849626
0.86201557984104748567 0.95995931456010652472
0.86430183022938922299 0.49493781343956799734
0.86504543673848033336 0.17052212923165799285
0.86507827036701323564 0.84740305544978966612
0.86574546819892217453 0.21288027949932239458
0.86774913036977230352 0.03417801971725697996
0.86820234551135977430 0.33472942921036791253
0.86889512944034319464 0.57660025499946410132
0.86906417285242909543 0.07326218059157518780
0.86954664999237729628 0.47723582992659502322
0.86955463675177568916 0.20723900366603809076
0.87072101539275204019 0.69192491238556186328
0.87254624636988498132 0.06131158202242503741
0.87261163315454304268 0.47242113641676519720
0.87266176548264084989 0.09220045631881779169
0.87377422288309813947 0.14779188595497680381
0.87677418056561851056 0.76031313423951851771
0.87736761243933514276 0.14341107468370639655
0.87749284473747379831 0.38335953023481939006
0.87841682209554061700 0.14654203455633618702
0.87889064193013588522 0.20471705936529410730
0.88015501117017524990 0.46838883029640021594
0.88041795523348920227 0.37800901774519307663
0.88174319819344826321 0.14312796643137379315
0.88296397119353497995 0.84409292743518093971
0.88369852889767186443 0.89102458746972879045
0.88489461317885076408 0.16743635964332601040
0.88584270788772401239 0.03408700293403609666
0.88618047963276924683 0.95542116423657130753
0.88633591920113796725 0.27212173317454518839
0.88729745666256087944 0.64033965242273371832
0.88965849754084314061 0.02022097814875389865
0.89043435666203640810 0.50261897535043276175
0.89113809482987238475 0.56851116590232975145
0.89151294913856982127 0.08621638770985162736
0.89158297081255255545 0.73562345314213106739
0.89245585460700971314 0.36134280988818351377
0.89270309444723106029 0.16119008574035151304
0.89289040501197913802 0.67649567189484660634
0.89360524819245612527 0.53307380980000251824
0.89367881037528207333 0.20953461580612159354
0.89398723279008640574 0.27734872037042401782
0.89504591679381662050 0.66608886066446781893
0.89687905137865986394 0.12158141276155269572
0.89898408467582369141 0.28694744267902422274
0.89902870169387893995 0.94033785242784495573
0.90237784712074942117 0.77092384896011922901
0.90240503925622517212 0.20566504301061108717
0.90288424150613033614 0.47814866041423731424
0.90337738256333777187 0.50705362678873222571
0.90342769097674058276 0.83928382461236405998
0.90362989672845606126 0.39880179679723348762
0.90780465755506611902 0.38863337077618331783
0.90983033732814011518 0.37675309594133088442
0.91008900896598876606 0.22116032615501249325
0.91063687418664485129 0.15108848830682969355
0.91093699015079498960 0.07716141187316427619
0.91206781106212841959 0.13580494972989110014
0.91289750004362946179 0.63549732793347546433
0.91296467381386303686 0.07703101515500310192
0.91367769100245466163 0.84714881757083704272
0.91401568112937647825 0.09506838867332378928
0.91462339332880449039 0.15087471548983741321
0.91473688990153556588 0.46708850368640381090
0.91531477141938899500 0.70885591455682561701
0.91541833171847819539 0.55425448339263749808
0.91556633000767173591 0.24429371498603810742
0.91613086211117222835 0.40814127172640207730
0.91808161296943480156 0.30420396017997242133
0.91936263155401420910 0.81267275351377210590
0.91946097183181896284 0.38981813043262608653
0.92241518879150208310 0.88937997577042948727
0.92260774936237377464 0.25945234019210050569
0.92490638634798860718 0.86066537817268529142
0.92523402256469111649 0.80829743946723953130
0.92589900065768560022 0.76225882923442311867
0.92598633173176203570 0.11986409938859950153
0.92634968788768545789 0.46654135132623097970
0.92660231955849448049 0.20673078411033529722
0.92781882027141482361 0.65809982855107440614
0.92787088832178610254 0.07878728856723749008
0.92822882602418432807 0.22028920160154061292
0.92876602109838679588 0.32144987925827661623
0.92920844514171652140 0.09015723891889204644
0.93012221278114171064 0.53043331918807201664
0.93017028935964496394 0.41605966359856461079
0.93232038288804230941 0.84188215328956295114
0.93346213428756175112 0.06487438709471060605
0.93460519475576120385 0.00381759921591229290
0.93487054293134153049 0.08063577759312690052
0.93601090165446487745 0.49475395526699511572
0.93715966023899288651 0.74494842595380827976
0.93721430940032068868 0.28428918611481179823
0.93725045576532284297 0.04147519413178291092
0.93795709350937062077 0.70631137942422383968
0.94100322596186547486 0.18536853737303349288
0.94104807942697166201 0.07945096771346726872
0.94160308148077120904 0.38057674414645409344
0.94478640066910624107 0.27772771924158901058
0.94480013381158900465 0.65554514807594288506
0.94515260786918320335 0.65927307351636066368
0.94654075956598571207 0.16060148592513959209
0.94725093846213437310 0.78521831483317128253
0.94734086662047745087 0.03468258289450831811
0.94785877980279864552 0.08039489317475612129
0.94859412591551295346 0.61007863766190550958
0.94900845162854574610 0.16405125341637610825
0.94934997048959235411 0.74885331826505152630
0.95017314989764833921 0.52834808135639010906
0.95089440143134740246 0.46405500175723080059
0.95094888939522004279 0.25531066738437641073
0.95189383995994936161 0.73659210848045131304
0.95247081051544979502 0.78816702207677191705
0.95272577761997745416 0.45868739017665510760
0.95323242582864931016 0.49739416776364708817
0.95325263994720188521 0.87814091585627207515
0.95348986468761753876 0.77717442263585811979
0.95617931565765590385 0.75241760123886647360
0.95661358842226584809 0.69734583932333427114
0.95898550375344493446 0.03321638077531052780
0.95912694868699077677 0.08328119882550977238
0.95917610163034194848 0.72717097890599924348
0.95924373021073661150 0.83247813220216659857
0.96029011349816528753 0.24246237866434849906
0.96048423428271090252 0.72156959352039062860
0.96115379281898671859 0.80585104968565035577
0.96141003744237341078 0.14103892876120630029
0.96230966446528987124 0.06064101867486305225
0.96337553947246490349 0.05355080487896857200
0.96356157254270102808 0.30960778426336937885
0.96370008653801675358 0.67975302948319660246
0.96503683854298072387 0.03109961709673613947
0.96529949452986663072 0.10019421211901480273
0.96575768499229808217 0.07018543489856254869
0.96577903618788840667 0.57230240750300431785
0.96662913503063274678 0.25953114462419302200
0.96685424102342665265 0.04276568595850783333
0.96723900777374871573 0.65241827738013091764
0.96879785420628683479 0.21333797351480920934
0.96958049625817421813 0.18558678270849118808
0.96972893521010461448 0.61242216532636750692
0.97246949663521586871 0.47146173558250792368
0.97303406655591284657 0.01260208335880185979
0.97320517171611808926 0.63063659671537208862
0.97321215159271912132 0.42710827310327648121
0.97402205634104088716 0.71324017067958800364
0.97429436664717605776 0.46644602242778337997
0.97452480793934459502 0.31293364365752190936
0.97453970509712961601 0.22537699599605048872
0.97532491065505888539 0.37990974240153968511
0.97624154130010598607 0.23984197792561098850
0.97635754619041970059 0.41486787792491541804
0.97667774359432057985 0.23973079971418850831
0.97789392377894301944 0.56098028821081524775
0.97849534912312274848 0.15200540082568950173
0.97953458401178716830 0.53380083973784941964
0.98092783656137227943 0.55396818600770925123
0.98159246273440770025 0.36398938619518278470
0.98282776779479452678 0.55451635253189246466
0.98349116043465967252 0.65284743274055478945
0.98552337498820907769 0.16023796537089560199
0.98559767967201972194 0.10557132396634290317
0.98597115946921720653 0.07462733788667563761
0.98660558571045975373 0.17305369655078758906
0.98705548317504798739 0.47988334633222579084
0.98712751891810546212 0.26899250267497398781
0.98755065535493957718 0.79757174751514003930
0.98868608559009940606 0.10524303972082670044
0.98924128916736131512 0.76450441822140136061
0.98941145490239712501 0.60175119122480691392
0.98983355563301422819 0.03325396725690032973
0.99012502123835910428 0.72016063368291038937
0.99026559194032148792 0.06331409450693814556
0.99027955704809289550 0.62426946432667385078
0.99329033175202330330 0.37022094331792199107
0.99387509382222682941 0.31726495061938209119
0.99415067999561690382 0.55284661826737124812
0.99423681912051387055 0.76677413024318852308
0.99475145779134821478 0.37557738965354481309
0.99555678186742257996 0.86698220977877116233
0.99579161117569625628 0.36341455661644411768
0.99638311125179601646 0.85299382330148432185
0.99684728393073795960 0.30412590196013228327
0.99792508351365405428 0.31928258555963617837
0.99908279551408640806 0.54825145802424546382
0.99919892293371448400 0.80142196798468912089
0.99928642355411778642 0.61380034345564304932
