0.04164283148759218012 0.47598774180440228676
0.04480111220971649821 0.47521072737324349111
0.04742852305937694801 0.54640072576409315364
0.04979576387926076819 0.48151906319559067970
0.05336055189915611674 0.46554520831137308212
0.05426841313408514722 0.48083108337541957678
0.05495524112165751235 0.53183249049773750894
0.05593587647064734991 0.45424646453784489619
0.05640267634543971731 0.45852748399270698565
0.05676244499022398138 0.44532513827783248850
0.05718931293274386735 0.52809413198700216885
0.05745033592785819820 0.52703510641249862179
0.05884686509633497292 0.52235658075874857875
0.06269447275784800766 0.48869066196600130514
0.06754704993343918495 0.46946385833199222315
0.06903582128803864570 0.46855680643019559373
0.07081302220414986692 0.48293640255073178036
0.07109046509290350979 0.47256272907284802010
0.07352751992475958787 0.50205047760069976270
0.07449504943149742875 0.55712381221989715208
0.07500600728094608538 0.44584591391347189182
0.07572174371411766192 0.43655621712035941329
0.08460494599096224366 0.42865655400398722241
0.08469060588568089187 0.56838484606201289395
0.08475788730079003575 0.52210188642488764010
0.08589909045501475937 0.44011185774475330978
0.08617139588096134339 0.42336982082188928667
0.08662672272239713145 0.56243848493890546969
0.08690993719721951116 0.45008898516280332336
0.08701507617363035685 0.48598850109233887595
0.08718595617542812537 0.52071129846119912354
0.08842261202164758416 0.44855228341094310895
0.09206908454833895306 0.50186962398855627931
0.09465812454690081257 0.56966238859101325787
0.09483858500177000384 0.49995112508299099918
0.09604845509661175118 0.54423774493182530687
0.09610180942034018958 0.42921070708606601229
0.09731853932012479724 0.48159201556660408139
0.09754278599830856766 0.59459656781458769537
0.09854820329461533301 0.41132850829238082335
0.10073716776647559379 0.59802792529943438193
0.10092689496348319911 0.56013372735803812485
0.10688872077951340478 0.60295887032823491936
0.10777288446557689583 0.55222457537406854922
0.10787389980242470533 0.43497540687289970585
0.10806818134131790377 0.54989828037451182752
0.10873255879149000547 0.58828803952167574298
0.10915517145463110582 0.58590538761902222209
0.11051907421988149682 0.57764409054714571656
0.11085903055043920540 0.56852278348893536819
0.11170283028571950656 0.56834877005622208568
0.11173751068770609862 0.44827257785345947516
0.11190067061249220348 0.41460753578075937309
0.11367772343774240618 0.55297455355551983214
0.11428264326577179666 0.54326685109386851913
0.11676813098708059557 0.54127913314078557327
0.11783522562377579668 0.52948424584623421385
0.11786108284428009618 0.40943113357791799389
0.11817849668791609308 0.52090126929211177931
0.11937422983531349729 0.39044988413569742258
0.12037942767579359882 0.39006250966062461227
0.12159043509174999320 0.50769118702897997331
0.12319791933775370296 0.61779364279838999696
0.12498319083572720367 0.38893614718917829398
0.12510649992379641038 0.41899731910355747511
0.12805739604053359426 0.44402825753972158251
0.12913642207517539440 0.60586491322691460315
0.13006569897040620720 0.40628781310853168129
0.13136336043002649898 0.41707422811692551612
0.13179561983791168722 0.37220090852178228102
0.13387520919985598788 0.49084602865665377669
0.13440088015984211212 0.62867828940484493661
0.13829921038805900735 0.58564555372739990347
0.13844336814838378857 0.39457515568019990715
0.13989109219428511044 0.62806064734546840356
0.14003924582462171089 0.55359523961639656164
0.14019047528447459161 0.40327744165756801431
0.14138618487909671018 0.61502603135176592275
0.14143255369520579823 0.53438183168142638912
0.14170043263160550517 0.48820866931741552230
0.14253475453331510003 0.54549735953914979536
0.14379211861967811092 0.49908050820921501245
0.14557796347182108687 0.55808899600563033339
0.14635099440054030739 0.53592583817664751766
0.14677015624757910883 0.39327529834519209251
0.14740943889481930573 0.46513363870954782531
0.14798088386146110440 0.52472302248371327504
0.14912236831888239785 0.38395099497520102094
0.15027121825987410642 0.39975840577781607266
0.15073364688864521188 0.49714714431353251856
0.15129668777443189276 0.59293989270586622276
0.15157229188459109270 0.40275263955708229258
0.15176362143721669473 0.47843507648628419426
0.15286062789264651118 0.58051669419125406790
0.15288038911516430018 0.38177437070654351992
0.15308461075144760843 0.47729370464399512031
0.15378671018234921219 0.37811724892392439834
0.15596113921465679097 0.52076358948282286399
0.15737001099472439081 0.52006346490206412092
0.15762940806791059245 0.43944149809592392142
0.15867524890012449368 0.56218884999444496131
0.15889519968110510373 0.35466286429582388751
0.15956787305060529669 0.48482649001076938422
0.16034965374080009659 0.63483034018859607617
0.16097743388520469043 0.56202541772640313145
0.16133243781148820517 0.53636778723564038085
0.16183529627519019356 0.66064634734670091287
0.16190287129475580685 0.64061551513604642061
0.16207808141096000099 0.51208660573835074192
0.16530646673596791074 0.65856674606756127055
0.16563637620396320926 0.35311444357651661230
0.16654950062266069000 0.46309195041234629819
0.16730197209683980719 0.63445668278296363241
0.16830453005013629175 0.43884740768683339063
0.16888343750269418919 0.50862287404682571257
0.16994988439517980106 0.33291173989601702266
0.17048108827512958863 0.38036348667521352462
0.17050729583719639870 0.33787055349882000321
0.17101471370056781085 0.62500842509496923327
0.17155545332814570170 0.65705633845927791103
0.17270932159073820733 0.62433205946219516580
0.17282241944961329594 0.33049394072182480819
0.17316600940505230688 0.60286190434975439612
0.17317348270435078961 0.49850978343444668495
0.17354627250795900961 0.49462828527997837469
0.17675702636766529863 0.57703318951659365865
0.17749924659394530901 0.56511053864085492027
0.17887480730297899978 0.45914528634931822682
0.17930575902824649748 0.54382628688509770942
0.18230340067324599107 0.50550594484443034382
0.18312014640433971202 0.32403976752544960682
0.18387749790609630995 0.32267176857307838800
0.18442558468454819942 0.48163641978886728712
0.18453714079070179799 0.47885378047967852577
0.18539305532341068816 0.65798785539501436492
0.18587595786589669600 0.41250043533880781377
0.18599598671327591259 0.67770624677943613889
0.18603839019542378619 0.49297218437883627562
0.18725045294592010392 0.31999406017519038681
0.18782317610757928716 0.41363657331978748166
0.18804994847092249000 0.43755478758035487585
0.18896567368365940753 0.67518210367248321369
0.18944334966883488724 0.62245827762134575689
0.18956216322133301322 0.46340461340440219917
0.18960568731842358803 0.68496776845180407101
0.18982152129565771359 0.55987321847731019719
0.18986512424754881101 0.43443658299643761467
0.19107447619865550181 0.62102311544790289588
0.19145140954726749816 0.61596248122060115460
0.19174867739533749122 0.61123701392190044057
0.19283837314653901052 0.37442589487072558407
0.19285797269084659078 0.43335103835751592749
0.19426824243185500385 0.36026442615894027632
0.19599030706488118625 0.35607034852830937721
0.19610823239397909279 0.31621741754412990844
0.19663388157090280761 0.30512945444672401329
0.19765046710688891074 0.55515841277809474530
0.19847837929110859201 0.55234000439863595311
0.19862097665535449753 0.54467327410034205304
0.19962218349801330586 0.40576617468053299831
0.19968427741730218616 0.35303531793723552656
0.20001051307825348791 0.65539476574275301601
0.20119952294937690218 0.40574885247964992407
0.20216560231248029145 0.52868650597400146385
0.20227626137904730630 0.46231977512573368960
0.20437933399532490220 0.38729491024317891368
0.20479539343062000412 0.52552316485540417901
0.20499741240622459948 0.60446593762954758944
0.20713434424863891303 0.29305748169096207389
0.20728757293052699207 0.42879476179816639059
0.20785848964907818748 0.34004803924243537372
0.20802625721692011296 0.48099769313566337336
0.20866017897292679639 0.54412744785555988702
0.21009736629387879003 0.48797689758541240579
0.21082482111654890500 0.48327532351716440129
0.21159042941792668979 0.47653463664658979315
0.21260332882968599466 0.70802618869164057891
0.21298649874482689093 0.51231659949177088542
0.21316544429848580111 0.49892104033249579098
0.21354070932332280819 0.35500551055696250025
0.21369795680256981063 0.57469608675055317004
0.21420302545322619792 0.32048224111106748957
0.21495196368509200679 0.61636224218050172929
0.21596786159307149178 0.61477963209077601814
0.21745633604383879378 0.59640166556639129247
0.21778870153284479727 0.47588236480117118710
0.21791498604831729957 0.31959072119946640989
0.21795541832746620492 0.30409781713330241715
0.21812229214675940558 0.34125126058917110150
0.21886751309052049352 0.55202994331082311241
0.21889744888415330060 0.71504580957387064988
0.21915717695423608813 0.71119881209706159453
0.21918349305219220202 0.68268370266910272104
0.21933573233012121362 0.30316594636838789523
0.21960638970194071296 0.46923501636924558333
0.21963630934402159078 0.41100516416930410468
0.22149044040570259329 0.68653982403688240677
0.22312975587004019173 0.69217634196322674889
0.22327869234172151303 0.67592506342518809959
0.22341874982342249667 0.70365949407781469560
0.22359868517285080847 0.35342859336868021058
0.22441962996995959423 0.62788567832994934825
0.22481861272129891050 0.41935605516283130934
0.22507282958263641337 0.40969476630104811887
0.22538897711396541079 0.71504629958032894788
0.22589590657076188962 0.68896959631940135615
0.22772395330444350492 0.67582508712204614199
0.22947105111320301174 0.51113824434294752308
0.23046897514954600705 0.63141408961904110786
0.23100841720164000392 0.68471836240119332562
0.23155328328393540160 0.49645917486180779488
0.23167302442155729425 0.43248268245602211612
0.23242456408967598902 0.71113354878168733020
0.23251135700807479267 0.29827046337884671745
0.23253527841193619152 0.33315238080877718208
0.23256512308974450209 0.65969366610420721031
0.23264609079327630559 0.54634942311224854450
0.23276417310033889474 0.38570135346905848328
0.23279954507713199185 0.40351106868491831703
0.23340096221405540189 0.54339992476932441612
0.23411938386029879089 0.69807691334818777751
0.23584835290854139211 0.58151899034360821084
0.23646152605842149508 0.33395483046108070946
0.23821850403687208630 0.54208421946560148008
0.23885777345782269188 0.46688730734045719162
0.23966717746744450879 0.63131861889018214828
0.24024409271251220832 0.57648569987464004516
0.24025712079135730370 0.33058631342674749121
0.24027593349885389973 0.28592883533395907492
0.24070506294951399262 0.37252760768227560773
0.24093260647833039667 0.57470169053225028666
0.24093764670386769167 0.44987837602337382714
0.24122913939688128693 0.51563660209413619828
0.24172278323788129462 0.57307145369516254707
0.24184903770664109568 0.32913364180460208397
0.24206330832695441280 0.32188974343535481371
0.24213868176745009797 0.56939990638742421503
0.24341820551701690012 0.61320121573418984173
0.24346688438937560961 0.68443859578546528688
0.24383924217990879391 0.64246242497516536929
0.24402226267967300211 0.61035657637763984784
0.24526381826821569421 0.59992738996716266087
0.24540080956213231045 0.48603246942550881737
0.24636280785259109805 0.47352370911863000957
0.24685973282955589458 0.35213611469969441359
0.24745703203336388842 0.65938402573391052819
0.24784826443685850639 0.41520660096517580939
0.24839941286607811199 0.59445786904944020179
0.24854202907592520821 0.39602277948478992187
0.24982482176652540118 0.50943869439010525113
0.24995915512691080362 0.41434981095209072466
0.25085676398582518187 0.45884856559922021502
0.25097604510099058572 0.31928261242739047754
0.25157033293044139821 0.34738995026167712732
0.25207939614319940791 0.27796294749397998380
0.25248349912687950702 0.53311234009763663888
0.25276419043624692717 0.68098488823683256399
0.25299916800087918212 0.41292723682739201907
0.25303474923569352351 0.50651832779687477881
0.25334362974442869998 0.34674985627673848843
0.25336022305197908322 0.26655412916466708628
0.25356255057709642386 0.52705027789482317147
0.25529944479495791931 0.26080921294903630647
0.25545124631318671948 0.46503047972220468154
0.25550431210021778972 0.56137543994811656134
0.25592106497248751085 0.70021221371576580772
0.25597947024531697569 0.65534598122787646179
0.25619529714133598697 0.50304201623971267487
0.25701207125665359587 0.34142368131977368639
0.25836881621932028530 0.56892728851693907810
0.25885461749489607763 0.29026312365994400011
0.25897097770046312304 0.39730984237144939542
0.25916096273958638685 0.44080124781768170728
0.25931573229571291961 0.49002820469398628012
0.26019400381801088828 0.43919655257032030882
0.26099596884271158981 0.31012152064355341663
0.26118946307690721342 0.58923638604966654952
0.26177863733369038934 0.50118812002017021356
0.26204433610492211537 0.65033208751145710202
0.26249709924024378083 0.36848633520022711085
0.26250400979699162196 0.46046834794970509241
0.26276279016506609576 0.42830021177140309430
0.26359953178558670484 0.45241726845336738272
0.26402590941234249655 0.27243268792251412735
0.26404595364127270152 0.30445067698531569356
0.26509828613645081141 0.44749830533578832670
0.26554562555777111443 0.43880798301044732224
0.26555350830066681844 0.37755306548547362677
0.26820487890045707768 0.36517721853374818242
0.26848497220295691745 0.25351688469666622261
0.26949716566104298110 0.35290782145973598194
0.26979979713419699472 0.58466246679336297820
0.27145744569937879653 0.76377107654177189833
0.27161425478551270984 0.65427304099543726057
0.27248937922231208919 0.76245479480901812153
0.27299751110377729058 0.27998572853286862738
0.27480534546420481989 0.34551979013041761446
0.27486935824957270391 0.50964910201549973312
0.27691880733279017335 0.53284511525903877072
0.27798860150684562287 0.53105258321016812761
0.27805749867313067636 0.72655635938310136890
0.27858848253421319985 0.45346316655053109379
0.27947130316787749393 0.42733041018406958678
0.28015922148755068033 0.77877574940405169812
0.28082231729168238843 0.27947831029427849803
0.28449526280678261170 0.34001475158549820943
0.28504658365226920314 0.41400645149700010528
0.28522033551558328979 0.27849785415385930332
0.28546309217140680703 0.69952202276261421510
0.28714927031370829358 0.42707668841297047324
0.28759704928432788806 0.24661119296744798968
0.28771548239652688927 0.43629246001903421170
0.28833550118243539417 0.24180139323984400912
0.28960209138162928966 0.27096244843348238351
0.28991876914267772358 0.58128955662723769127
0.29166230167372242388 0.39055917668714801305
0.29241009867794548471 0.74662917037208942350
0.29292604800558058598 0.62835189330810969910
0.29323793606362191788 0.72314860717791340505
0.29363284828670987991 0.35927277104106730699
0.29417454231419737365 0.64467090326829135094
0.29448626254762100274 0.45850651491292621076
0.29459167268558827946 0.43204620084707218153
0.29498951152010849386 0.73068194712871259444
0.29542279308472257915 0.38558328779214678939
0.29607199173777881684 0.41637476768981351860
0.29634708200565468283 0.37208995993894899978
0.29795064077928218316 0.62657412484602093006
0.29861454805561860049 0.35112110767604387540
0.29861916103886010365 0.76793627024889010713
0.29864795020367357337 0.78736889359860740001
0.29885988489515807887 0.60916240784807451636
0.30035161963893297621 0.37132271809284411734
0.30070715762149519135 0.72404702534792142465
0.30164438057751991051 0.26735071824863798629
0.30314364952761552185 0.71037682248129152551
0.30373101480045638922 0.34597060602963591869
0.30378078510930101030 0.33739900450670179399
0.30429150808116467442 0.76148857343978759715
0.30581190852824718940 0.37969512700800289728
0.30589442882051370853 0.68964949414070497724
0.30654866252612877897 0.26699017330753738175
0.30779637859996372695 0.67431261831531219553
0.30802031594424650329 0.33679457987310618128
0.30924011534836148840 0.65777090469093879577
0.31009770949394160899 0.33607861587609910714
0.31091321787586390091 0.47383305234231809511
0.31099483538702910046 0.39269930725082441425
0.31157680935817877454 0.20037291684525951330
0.31195782250069081787 0.43412979001788171152
0.31236710706014159111 0.27498883639050630823
0.31322828268690139364 0.47259365031085009967
0.31389510254189950667 0.29200497437267258771
0.31394359765962071007 0.33519985378734262760
0.31404368414733219161 0.60479305071984501563
0.31439322111786349723 0.69663320047221000131
0.31457203200963118617 0.52233586432390921583
0.31655503575582777387 0.19423131536375951023
0.31702710883872758929 0.38198798474188372376
0.31779783730570398959 0.49658980733157009890
0.31798930483544401993 0.52895921497566089631
0.31808214954742708436 0.32706477958286239716
0.31834303360222249157 0.19379064142560731288
0.31849433629203782736 0.80344707284769423250
0.31859404001858532274 0.67835877380348341692
0.31862598790106100299 0.52373934968368052179
0.31888648391883622768 0.80166443171401624568
0.31927509090669592418 0.47182141451994691339
0.31959522256924122185 0.81944430460659467563
0.31966637092418909161 0.65441645423304128926
0.32073522119955427678 0.55668026661150338263
0.32111909390635251516 0.79619453242176430052
0.32272208366039600858 0.63304917742219812826
0.32332254353439882077 0.55466381241074269592
0.32410224463694931041 0.28370699267232768470
0.32412185443800450857 0.54890415688677363093
0.32416625367578211225 0.72473654975050993965
0.32425678309656780218 0.31582904931350919142
0.32491982366723820563 0.31458825648527322105
0.32501898061682177321 0.31226805722576922442
0.32595527850454292240 0.71565534747006420702
0.32640420610570242133 0.52019928009110305567
0.32758526795332271186 0.81814467537906343519
0.32766224069200577951 0.25649144125065348465
0.32767356107285627864 0.64673834400585472615
0.32789340507966441285 0.25308779305379902613
0.32877132306687351093 0.69471650420216934929
0.32974084280146859216 0.31054207832367680675
0.32995792937280199464 0.22595958268766710986
0.33004697884022438092 0.36071206489200158263
0.33019105119645147939 0.21663546422676729919
0.33060140474096522123 0.63389820571753141554
0.33071646988895458952 0.18143565390229898782
0.33130174018662950086 0.51707643083832355302
0.33136086675828718695 0.30837280561018148850
0.33156590200727270590 0.76856480338981980616
0.33167014728600041629 0.76295971238652549040
0.33189248600040027748 0.44602912429643448711
0.33248246747680920699 0.82538225479616689206
0.33253010129884491564 0.50491663589152990799
0.33259115829494811933 0.27219106868943887534
0.33261368341135627569 0.81471007524121485943
0.33314628436535598244 0.62167367796178363282
0.33358396688115088402 0.55870416054220861657
0.33359496207289118797 0.30026003302864867628
0.33410574450852731365 0.81582843062714571758
0.33476002138034161026 0.66062733237512283324
0.33504591429231067590 0.16994601096845349253
0.33509060828518238973 0.54519427199715808641
0.33527260879859638321 0.82953654952944455570
0.33528930103021581388 0.79278022056365837766
0.33585546278953587462 0.80523066083276584326
0.33700213900007230938 0.29356182506099931517
0.33757068552858460198 0.70907714751712380696
0.33763985844361749100 0.62899571047060809370
0.33835643620772271056 0.17509751170996720737
0.33865886203249101483 0.60192642693864295556
0.33929733783235088707 0.26415143104567401222
0.34042499626145950042 0.65504718688436103236
0.34059040304605459060 0.25238852642568210261
0.34119616621310677740 0.67101850566668819198
0.34144104988019291502 0.70055212640223707421
0.34154809652228751427 0.64644462815217185181
0.34219011626659490144 0.80330947955649456560
0.34220261089609421701 0.78537397382045259775
0.34261757402713727272 0.74683295051443332468
0.34276567789003231645 0.67076984998389077575
0.34286096336733229428 0.17288142701594919060
0.34307267738435021087 0.77562012709512706543
0.34324499264445712532 0.53252500438371419555
0.34383914045442270924 0.16033508927728820637
0.34388796594925230554 0.23900904043562448686
0.34395997999870148165 0.25062972555593510116
0.34424073264218257862 0.28178015723704441520
0.34508025128822927829 0.24233663054546750182
0.34531287966322610217 0.54113278042105616983
0.34587241448576439007 0.66909419866828689916
0.34597347213011819811 0.53301235544260350263
0.34700318452543782444 0.52054134323287359898
0.34739570385612822401 0.30205101055690392053
0.34785775318547357271 0.63458765118398618998
0.34800866893830167959 0.51901895424265054313
0.34870256466360360914 0.33839432083607318136
0.34893688268265399266 0.16863855011460129885
0.34932079923737979765 0.60245481673386869215
0.34971090693025008722 0.36392459402492421949
0.34974688679551951820 0.28691389038300207925
0.35030076561843287442 0.33799954241933549692
0.35123252461718290629 0.35726594484331519741
0.35220160243150377966 0.66189584077862817502
0.35314749323214722487 0.69512919935581274355
0.35372413177157868702 0.54445090465082957021
0.35406400029695789256 0.28503885723780897354
0.35406464564215911484 0.65853895571281095833
0.35449383567083492252 0.65458799851901128264
0.35527960075590342415 0.29839893087062907551
0.35696504250259919466 0.22259965752700960895
0.35701067055648788573 0.50144322203047930753
0.35720150018313717721 0.69178423428905588821
0.35736314291742538041 0.68861029201006707101
0.35736582100882352542 0.28405433740839458601
0.35753483487558040954 0.75720665620780158722
0.35797504744128449961 0.26466275136621192354
0.35802959130133110710 0.60166007344950356295
0.35949852439476870369 0.80833499547537701613
0.35975599147838410730 0.42541731323027448530
0.35988851140225130987 0.34666701656291909472
0.36030408214865250471 0.29488453072735948401
0.36034769280593570429 0.73661149846280382647
0.36053024231337549299 0.20313956095571419902
0.36073729257540548820 0.28904891732860421572
0.36102412472648059971 0.34532352562169948973
0.36167248837177301546 0.58758872799344330495
0.36186076923197368904 0.59944751719193045680
0.36216270799199479224 0.85188184150589163490
0.36223206633426358048 0.37403516748256920854
0.36230825460126170334 0.26744599783191291831
0.36233431287761908024 0.16849974326119240842
0.36253598361793687443 0.68576180045008783281
0.36255335463257287731 0.51069640593475207346
0.36325847985815001850 0.68016300211001456955
0.36335312308323608477 0.79626374306731972919
0.36378762305715250935 0.72016313183461400094
0.36388849827343722199 0.24293889560244649739
0.36424434945669598163 0.25855995069854198487
0.36521785542704687799 0.78022272994206409713
0.36540322453521512092 0.36170351126371680373
0.36581499157742780604 0.15077305398371429468
0.36594746866106947492 0.71725393893299860260
0.36628703965684472621 0.25224504310846201927
0.36630602030216458109 0.79084813608783754990
0.36653326676557229646 0.82786772398475705348
0.36686369087599568495 0.28890603774883222288
0.36717250640206577916 0.71562123915314712619
0.36728904678739771050 0.62985758916919964978
0.36747101342928228940 0.67906124112432586504
0.36764934952156941295 0.67334889967049682546
0.36774868496190732392 0.39961793260168898545
0.36844984430117699858 0.75705151522383262730
0.36860387088180679438 0.22946853322345009407
0.36860880319692601592 0.28144215185400689450
0.36863643892083497455 0.77131647995386087846
0.36889687087575651070 0.14844211621064198892
0.36898182871732609911 0.40867871149951717769
0.37004526546187399560 0.77053783029616973455
0.37046104431692661318 0.39922224273011541751
0.37061561572655432606 0.75874741559592340234
0.37066080779163440573 0.65060541408789684947
0.37066998952001428691 0.35776124808277270928
0.37071555261473687626 0.64930998357659042153
0.37122299714992051944 0.16641909963779438764
0.37146965058933550941 0.86644839050019539783
0.37175368360296612291 0.84085902065158246721
0.37191635325256661160 0.19837322790096059699
0.37239656134873877491 0.71218915243252256531
0.37257975679779031797 0.67264975179595776211
0.37315590233779860618 0.86591283987527645216
0.37396622314240929308 0.56153723940499344902
0.37416224665890929213 0.32259132741613028017
0.37430200395531648683 0.75395285007925560983
0.37432603260446839499 0.66453217478935311391
0.37442156793674352677 0.68630059797074460803
0.37495237247898322019 0.23376208753736280044
0.37580316579234329666 0.22210480882027380800
0.37584456980647318325 0.39342217100057508272
0.37650113804812668228 0.56012718236204805944
0.37657693301570732691 0.37957375282040611841
0.37681581546400427785 0.33766177795080287716
0.37814380030505018171 0.27175734598173229006
0.37847594706494191996 0.82009969993189391069
0.37848254253536600666 0.58625196157487058368
0.37875501444395381911 0.32799788509330751740
0.37924281009905608242 0.80134171014761124141
0.37927285177917252623 0.31333655658333642302
0.38093275060413922528 0.65794737747188014598
0.38186607119295928880 0.15685484430556770330
0.38216960243138020648 0.54451199362014646166
0.38224014467857558852 0.31686473951294319429
0.38313609586042252086 0.17779544390613280513
0.38365464305697627445 0.71905826964570085380
0.38487016254801781345 0.34471219899625921146
0.38541269711581538360 0.29631231205213831581
0.38658765239979941963 0.31206581488692930471
0.38686709985205641749 0.16923532585474748702
0.38711346326945988983 0.28213923681664898613
0.38715963709251571823 0.24990182278410999483
0.38746420708542711475 0.83946468103993854282
0.38812089639745350755 0.65756215983131471869
0.38866013466970839030 0.75863235282741414700
0.38941506963849137346 0.28205015003864292167
0.38944678267347138112 0.12444556293757770560
0.39057573476097612319 0.37681769077991061900
0.39070988582580179482 0.11483925473375010406
0.39131397545781887448 0.15263830498620289955
0.39147688982542377945 0.54251369882544075995
0.39185016626231189418 0.34458877642327750968
0.39286305344280059160 0.82663393508148264033
0.39338985527365472050 0.46363860118305610936
0.39353921802402969110 0.19553492832869179274
0.39356694899037170110 0.22955869943651449616
0.39361434080770890676 0.71894514365449335713
0.39370785601790669883 0.29271065283205310870
0.39371050024528181366 0.62946616522151521700
0.39407892275865458176 0.46105987246952018221
0.39433957269306207927 0.29050266397246748973
0.39453153351802749960 0.33930287208575871105
0.39454883721032507626 0.86101362597349828665
0.39504673979947801943 0.16476924177809579297
0.39566622373048521144 0.24137387082563130369
0.39595165714361280074 0.19161685077177578740
0.39599362585206487886 0.24091140733706820076
0.39602538078976917690 0.86816749572721940709
0.39670746372898607612 0.65714701568524358510
0.39671204340138621625 0.58081004205212771740
0.39704756869481211412 0.18154681024060950745
0.39745287238949267294 0.65016587148267512841
0.39758297635331291131 0.40156091797608789440
0.39766843088160958031 0.71655439768771655995
0.39769999444758608043 0.62133102176295984531
0.39835565440907111379 0.74493072050792275007
0.39882633384302779156 0.85939811140179322990
0.39895102656583647516 0.85591441367934339990
0.39974639031799008571 0.71142233851584402160
0.39984959090172700336 0.85287396279234428675
0.39988375941730269769 0.63567558280922964453
0.40052760288016509005 0.76122519387592413320
0.40090622485692567478 0.64913909359874477634
0.40097934897777992580 0.62131241920583257787
0.40104706229010378404 0.81983999803522489280
0.40117928405182479157 0.28888817135313388240
0.40278484802534730846 0.38966153353767291057
0.40293512640691347970 0.60313176589829720076
0.40313531287820159044 0.79346499494850919465
0.40333320015028678585 0.20943285116391188727
0.40471207783434431926 0.64531138345226557451
0.40511929456655021431 0.55724774773627494540
0.40623521370410009546 0.62702348305390775973
0.40630805065210179317 0.56391170675065394047
0.40645502851606557515 0.13443913539745530605
0.40668990816721767301 0.18141152466939949872
0.40723950380546358740 0.69173397940740177781
0.40741963798328129087 0.72255176382102592747
0.40744879564452968213 0.66060719952702617874
0.40768628557925989941 0.83217872298842487933
0.40771166964115951314 0.75963395312329229370
0.40827270237009349874 0.64766312371404488601
0.40856837819997560146 0.62264640540498639165
0.40926105352549102534 0.21310299651788180975
0.40939598685023248503 0.44291960732066298911
0.40978714300789020886 0.64531429165137810244
0.40990586647940857601 0.37478107554029999049
0.41015555050888802269 0.45416737761793118944
0.41068870690981479354 0.71169971553607691561
0.41140726035981972641 0.38934944920486397324
0.41256562683424791160 0.75757905630112587492
0.41256707761938149481 0.68734339886927653396
0.41263575014739239943 0.27936126646693032471
0.41297373770056788889 0.65977107914341093231
0.41305565199015398248 0.44987620311323350819
0.41306125188510112167 0.29322304142854671571
0.41306280783769538933 0.51428471984468693279
0.41313946942066748225 0.55788391206864706984
0.41323335444929848448 0.28522727892988797294
0.41324875776985192655 0.16135034676416659671
0.41369388139460250287 0.17821009417077671166
0.41441663094754521701 0.09870937296990411891
0.41532187119281571697 0.39101330691900137992
0.41543490090107831891 0.80456814719437896866
0.41559514126882518559 0.37421126007262078828
0.41560318855612138345 0.50963194857198901300
0.41561057131650869234 0.91516146285610777689
0.41581104594176132583 0.43160807637081738397
0.41619813947217698669 0.36159547416690340782
0.41624196742276098337 0.82856956479226073764
0.41675669319204017294 0.17690907251882881379
0.41682947978940171341 0.81126270050302062842
0.41751302368054410419 0.38606265096600217435
0.41820729227847258658 0.91196090964474185725
0.41855043761879662245 0.22875391674117179219
0.41869357662705808387 0.26238893058711509898
0.42036890602583432131 0.08448559531288657443
0.42043460996532172613 0.76574959817458676525
0.42076541704457331994 0.74525262926442270572
0.42246749806859928977 0.10354213512228989391
0.42319011091630198695 0.37752567773471978896
0.42358063076769958410 0.21049283001266619331
0.42383220261548848473 0.49161934918442828923
0.42420657663808708504 0.37485935239064538393
0.42436449782281887577 0.31851538944262430819
0.42466597341124451281 0.70154475389407577879
0.42527932681572411244 0.44788461164784609814
0.42574519211963041121 0.20749246708803839589
0.42715332245430870373 0.64269268612646113237
0.42733325864134857897 0.82634567375093170849
0.42739451561913838207 0.54855391720135537881
0.42773916806267958668 0.20649667531506019080
0.42807188541745039290 0.63478462394410539726
0.42807935944802139039 0.16932551175597621018
0.42824942670411481060 0.53528656370740279602
0.42848506103774347542 0.52014077958799476153
0.42948389356160138197 0.71982665619393593204
0.42978413677509907931 0.54406593174833561832
0.42992529758648817539 0.79349786753449980115
0.43016795405509017369 0.70131644428268402613
0.43066763552435310958 0.41581732732439891098
0.43239377009138452168 0.78445878707448246647
0.43250911225261057247 0.92904988301790891736
0.43269474785420242169 0.70043870451025003199
0.43301465784485088095 0.17065734623163250627
0.43340071035277688560 0.76155538624718754903
0.43348233877349429122 0.16891751203607419107
0.43375860911851149559 0.39197101592051258878
0.43379142196584441482 0.44527697816349209869
0.43427515983176012693 0.73320996665926230218
0.43442502428304807793 0.16177270966212450864
0.43442917482683768293 0.63346909634132242406
0.43578095049586912380 0.28254540556942081553
0.43599841363645919223 0.92096961025267698453
0.43722319286223670920 0.88366734023080162341
0.43754708445031398334 0.78275020814125084723
0.43772642087895641261 0.60164381277235845502
0.43798703539910022187 0.14044807274573659073
0.43815940093487032447 0.12662269750401389246
0.43827547996242999240 0.24829897162071901118
0.43858565397126497709 0.39992850461894202674
0.43860850751225272104 0.73203496445350313415
0.43907733092725592661 0.15710560082309579788
0.43927666411124499657 0.77602362806122415773
0.43955836060855307812 0.56582872734496247880
0.43974024042155118730 0.60105153366129215886
0.44030239678483168442 0.26222340111196229540
0.44050659317140078430 0.25850960450374871336
0.44141942971086017833 0.69598562196297131255
0.44152014916789750210 0.26935735781077652096
0.44176861444933551715 0.08695887436419835748
0.44272184818213827784 0.15482434084449359091
0.44286327689810972563 0.26912475365913407499
0.44301731649239267652 0.33294853182783140655
0.44320623550918791800 0.93603600461907199293
0.44320686624945060395 0.12599633579938979144
0.44341779285308152714 0.44259657461259321876
0.44358584791569177774 0.08558706847772312720
0.44392008443756170166 0.44178694945362417812
0.44422628278832931858 0.06102020732108214690
0.44435938216985781946 0.52471739454774135591
0.44526819802052292063 0.52295830255276143372
0.44568789380895412755 0.59566649423277506781
0.44617842571480337277 0.39024531508224402643
0.44683975145116150429 0.74850907740935268553
0.44695012722502097668 0.87860557239921910355
0.44751621168918842564 0.38637814123673619449
0.44836198651168868157 0.24523520633908080235
0.44841144961131007562 0.51823435618663971081
0.44842861239705300580 0.11850865223178840002
0.44853089154133440886 0.59152451421965601686
0.44865435516162138763 0.79024286168643997907
0.44897469986919968932 0.56093977064303923719
0.44967658184754238926 0.22097507391808490773
0.44973844205138241437 0.05976846969496873996
0.45005361883343997231 0.34241004982335998541
0.45036745499066122012 0.68003094644609507480
0.45058437173504839457 0.50979128216423275077
0.45068765740964189526 0.45122201507375880869
0.45094389210909041621 0.07987796902313182290
0.45121419421752212431 0.44536954742696388543
0.45130987387077342587 0.44512176157971977686
0.45137589114064741169 0.07310641973275666672
0.45147806529399159281 0.26766681723594437647
0.45184749588653549957 0.15416619731171399277
0.45226868391099772637 0.39430998500620828562
0.45265176914312210688 0.44012488972742780380
0.45285572050821737422 0.66019364399493662976
0.45303339879142429103 0.87101098350589667429
0.45337542477367137606 0.84782300111991126812
0.45339110837330071080 0.91616608337591720623
0.45341967806290400800 0.65804876553824842578
0.45400255152159757488 0.06238618206308720743
0.45415393907258688744 0.95043958330141209423
0.45437820738372397544 0.55600975888575043804
0.45497139574514872118 0.51125380397093311835
0.45515423812814909121 0.78616303435941070621
0.45569712287094948922 0.14356502261692591360
0.45647071940511257937 0.14872022798883760553
0.45651814943663121538 0.91243040158223420732
0.45656735368323858593 0.16625035923407038840
0.45689630939554037869 0.94725814396008478635
0.45697946224152791173 0.72778206381397403391
0.45732075567255298099 0.14170367780766210397
0.45740130688482011356 0.34706260175398501167
0.45787314024612540964 0.72039013135682594680
0.45789116949233160669 0.21577909808576459239
0.45858838850407090959 0.65226822647153037682
0.45878332052965720145 0.49574792911728482458
0.45899677057561172333 0.39070957503027020641
0.45932141288441408200 0.04333886327164526708
0.45942482490016001151 0.74401852012044089602
0.45986622936071852585 0.78206892354159351921
0.46033761474711581974 0.59845161941514990467
0.46051150052275968694 0.16341801562144750437
0.46160512906245432241 0.11615836044815530670
0.46194849426761958044 0.38584394385814757555
0.46288747457014350895 0.84348974413705646302
0.46295215099675918191 0.49638047230016058009
0.46332616382827679358 0.14730952950509221266
0.46352359206322940599 0.22440062984297579063
0.46354429898696142276 0.96176052642910181412
0.46404963524594372570 0.82443194869857960860
0.46426877126355531322 0.76321852976535753399
0.46464317936323362712 0.27597835564347661386
0.46480509515688772648 0.52024134656381548769
0.46490703560510221459 0.71596555771514602817
0.46504033945047129617 0.56680208570687973246
0.46509113794919537677 0.11473941081010789744
0.46571559443096377517 0.19547967417126768663
0.46610193067544669621 0.16039785987708521375
0.46637659311668511197 0.91838370282445613846
0.46677010097015497747 0.23973905636133038821
0.46719887999323028716 0.94677057214826065845
0.46759146659102557297 0.48284333333190410098
0.46762308927156248650 0.26616572490137802021
0.46843963191053938910 0.12687178597778950295
0.46873186120722948322 0.48947108537256350802
0.46875213628251310993 0.89365591457283710675
0.46875805392753988610 0.55453008536979719878
0.46907529009693671451 0.91202890768513666941
0.46911369864982460642 0.39491785650167121613
0.46914103594477618575 0.59839068288287800002
0.46932188833158011709 0.83033569516077421202
0.46951935678681139263 0.59325724484532216252
0.46981720423300821210 0.54811302439311437862
0.46987487283538659222 0.58393590904226788663
0.47149830461705560802 0.40111103444247481198
0.47165187655919532661 0.85258568018336589045
0.47190397898692348910 0.37529331672297672196
0.47253697215155610056 0.07098634255703772933
0.47254230314960982140 0.12108750493053979658
0.47312395769635862131 0.57991393364053811510
0.47358886071724082267 0.04739803112745966107
0.47385611856078618809 0.85060659639056246384
0.47408871165490718003 0.57164812591710278955
0.47437271016066639984 0.79479447975974104601
0.47476929342381180010 0.95825411330195897630
0.47509575354506261569 0.47207573952617287727
0.47520137959207531253 0.10303950376574530501
0.47525722543583137636 0.82509833546998123666
0.47541458700229088929 0.40807722623550518604
0.47610843674071418041 0.61452206075321724743
0.47632601451656497726 0.88133710623529160078
0.47721141827623680953 0.53734213382894879807
0.47727633099327759769 0.45658455205302228563
0.47752879205439369148 0.28933621085384259031
0.47762035070305181028 0.14537552844622900206
0.47764765314784962680 0.28404260305863687774
0.47794882427276552672 0.04662593033345153321
0.47846019732960581861 0.05172087055750151929
0.47871517335037278018 0.11651176139625089856
0.47927851134369509056 0.13628860724956970429
0.47940013776965917369 0.35615441615866222369
0.47946388598978001427 0.82418784573694259254
0.47995776001649387288 0.47661101108191811226
0.48000760944900938698 0.50579705930139029491
0.48044444032401428801 0.44844010198834322045
0.48044996406334389283 0.95703143351594222032
0.48056523617860680275 0.69413491190648590745
0.48070688293005409131 0.69386414820950859106
0.48091377797292389484 0.07704575444538686035
0.48148342437056479426 0.97739871924861843056
0.48160827721147470015 0.65885115488881240697
0.48222773612335290139 0.35044728596483470939
0.48253364681193888774 0.44578716204611307239
0.48284645002248460788 0.82122490514245161108
0.48286338012085422422 0.84720848504626133924
0.48291037967058697555 0.44307435666210259750
0.48311553455002748114 0.60791811003165063809
0.48333228527649890749 0.26161708725560361977
0.48357350676881261098 0.45333365835407307687
0.48430527873149187279 0.01799145911365617953
0.48449602512849948566 0.18979229421737189853
0.48500993048378981953 0.12922038504882879528
0.48605593720475098740 0.52624609810986289204
0.48649280503375380569 0.63563976048458092905
0.48677009617409477960 0.06305997074666414015
0.48699846988423789451 0.21825650707717930699
0.48711067801472968108 0.30162825506100937600
0.48719173240974861239 0.01501061512706446978
0.48724680406220272078 0.73398071633440231665
0.48725504139552311411 0.28400119589985872715
0.48756156815002971161 0.38505539695833701508
0.48769831370538430093 0.95608126516832392383
0.48792405950738071407 0.43834437385784918995
0.48797810122756890561 0.45289603965351987735
0.48798373111880372077 0.79904761268880919456
0.48807711311980589430 0.50560705237069525353
0.48905176827674501361 0.04099449535151832719
0.48915246782832388917 0.60184450118248833395
0.48922766987770438529 0.09960279907112479236
0.48951713446976008459 0.58429662258426051658
0.48974885525705619260 0.09818943884458208871
0.48978766896303937983 0.51547906065776694096
0.49027646046673817315 0.09487702041998546942
0.49087692998699727909 0.26348846960446592469
0.49108801820021419360 0.04066798181868668677
0.49154977513475200945 0.91892335305283767699
0.49163703015772930449 0.72871980769852628956
0.49207218168175098638 0.91168270004172746734
0.49221965061004008257 0.07577312019821269562
0.49229029065665508291 0.22734517035694878917
0.49254680501233277790 0.18970844450908611045
0.49394658784510381277 0.88779794611235585133
0.49399417590580907422 0.57929409225434935760
0.49405796677718177845 0.04863519238615476858
0.49432210734957882092 0.06948810591789011948
0.49471676838780631602 0.49248669358497898507
0.49486207099326062764 0.38020101507388170958
0.49500023326073477881 0.01068553733664800998
0.49567476395936388434 0.68855452875600675622
0.49579566873008862338 0.03968429190780076166
0.49620357173472051660 0.72736773867474824318
0.49630552120023518903 0.54914002573587505918
0.49638680104714927310 0.79846582187107184581
0.49660574723788919460 0.21059651253730640730
0.49676762099597188138 0.78329493315907028350
0.49679817090051098250 0.60351027919988198267
0.49719638219884237929 0.45160841935976542283
0.49741942593825538843 0.89902943574192428766
0.49770484429978861796 0.28387888701760688459
0.49797927860993251858 0.70599921161038547979
0.49933796024246407397 0.98449080560637580728
0.50009158191408287220 0.83843040241788624467
0.50018756095296601494 0.30674568617843928076
0.50019485364007310046 0.02851532383915944893
0.50032806286487352398 0.04652182284401761708
0.50052249904935186553 0.65846037917263522399
0.50057439158807115476 0.04144971453397183758
0.50075933954841156392 0.87037691948881701354
0.50076957281916523179 0.86567271434283654674
0.50081804859822276477 0.37143854321780739314
0.50090568508562871575 0.03268012386360862748
0.50106960217228369014 0.85465780982604100391
0.50136895932942737719 0.61704778221464973154
0.50152685194080559583 0.18636775829939081217
0.50175530336635953965 0.25978931620588108231
0.50232158509333413310 0.99600002641391605085
0.50287745144748219328 0.84946103702628639187
0.50445117318538224005 0.83387407874914565298
0.50473902234434664393 0.29404984339301087903
0.50482738287618600381 0.76238646812689925270
0.50498010040525853626 0.79491047372384726621
0.50503760894867844033 0.01490274923994338967
0.50548828926151645469 0.63031088519131506231
0.50568384388654730177 0.54659115485586795558
0.50615526875200089751 0.63754911735652253224
0.50622668326377628922 0.79153527075267771096
0.50664357308440943761 0.88580643090447774846
0.50714783618628900275 0.62550051345423363092
0.50722793739778937461 0.28115302656502089151
0.50735551344545448682 0.44095953038574181582
0.50757588207796511259 0.47833922101123188542
0.50791767071898707986 0.82788420174479104841
0.50804000401803461884 0.20682319253776640378
0.50843790710888303597 0.19333774550366220057
0.50858908885898257424 0.87008295017795689308
0.50889059053811402933 0.42571407667608002212
0.51007693050315916494 0.92525345676539061390
0.51011747150093855740 0.39866317764373071508
0.51045355603295006208 0.86990407712449946409
0.51045415875517041737 0.61126124060154285456
0.51062176340596221458 0.17979174199598241257
0.51075949743336368503 0.14665604274139620866
0.51103992050069246833 0.78764898127596782995
0.51108813579077994049 0.25877626114129698154
0.51115435589361291058 0.12431673190290719322
0.51116290996099100763 0.27312008221620820425
0.51145019213470521713 0.53396991243725233645
0.51153389851577735215 0.36124775154034921565
0.51176280318003830594 0.98417083790101322904
0.51224323973354690676 0.41904035774600090214
0.51235754138743294650 0.43505542304616051652
0.51282796452240919649 0.14298849538628438660
0.51297541274615698903 0.92222948588985576013
0.51328164823683630758 0.17384332687903258918
0.51333190867510669619 0.56039352590877922200
0.51360284691419044734 0.90773368128328035809
0.51379944159576562690 0.60852751576086172580
0.51415076807632353884 0.71368957930516896404
0.51420862911449749522 0.86263612273271017550
0.51430874666226866765 0.58476940986417280666
0.51431748265772958550 0.93950994452471492391
0.51452168186701052743 0.82504809919870503165
0.51474097917270256186 0.02470606236764583130
0.51498850820136432560 0.38140909627346741839
0.51508768213902145217 0.74413974910032576471
0.51514140844685285536 0.60809506355936548960
0.51522570542798951099 0.25994767360663367795
0.51661250834353933392 0.12278745047730260653
0.51661730119365090186 0.26308336663463471883
0.51669876766536182444 0.08979155161261376250
0.51684815196886757516 0.14200461897390739829
0.51731850133879209164 0.08945410686376609188
0.51820054194016906823 0.51355691046128748578
0.51822249233771588983 0.89680167124024456893
0.51825493787668375223 0.57233213651655689969
0.51833952052134346644 0.40842275992321208644
0.51868695721407376276 0.13322001786746900942
0.51870325678171502748 0.57168871053732672749
0.51939604481549628279 0.89158442617419808585
0.51950075268197937195 0.47199666587925021011
0.51971932378806673380 0.56086457103139530922
0.52028683825600785529 0.54080697546701195222
0.52054833609789141757 0.33658337464662868577
0.52067984957794255507 0.18511507011058109251
0.52080092368270991532 0.22582290058091139540
0.52115885143951790059 0.25234856789731041626
0.52176459789425366775 0.91713207263008977854
0.52219540712402390259 0.25163575147187722258
0.52247736870455641078 0.18478370767785989859
0.52284581208459823820 0.76837579484271545383
0.52286939120724773566 0.33024644188357688002
0.52311441886039189431 0.82321006890520764809
0.52317458622066004281 0.90247430279341533943
0.52362528790019635672 0.08484883848335267320
0.52387001619296891253 0.41102322791915602007
0.52406711785980630847 0.61024792921204518148
0.52409014692164002103 0.97307761551808413802
0.52467751905179826899 0.48882549156769750098
0.52471472387054396425 0.89321957119680095438
0.52471923587776858611 0.06939626461685610703
0.52495086908288679517 0.45550252019227621680
0.52503350875515764073 0.15668456131274210996
0.52568861471147820819 0.46958476881329791475
0.52574547993454701089 0.59663317952722361159
0.52585261504463820526 0.94864281667502448059
0.52607590699811201951 0.95063593708249238823
0.52621987377378987016 0.63059035947185759774
0.52625102187043260038 0.46691331062668062213
0.52627021986983424373 0.60244875438144884772
0.52644809387034652293 0.05784981264564337256
0.52748558483810303876 0.43249995998417861687
0.52752846735217462371 0.32739285715466620585
0.52803326868308131381 0.37791919476242469278
0.52858432751918793535 0.27898301337520631238
0.52862155711793401558 0.19792351158049731330
0.52902446463575203417 0.29542958645768102599
0.52923636832628440096 0.37722464349694478924
0.52959322362889904579 0.93978333421480064747
0.53083038482789124402 0.90200263314409212523
0.53102022875915144695 0.88375644690457744179
0.53129130919893230445 0.62946852846282141947
0.53140551885927544973 0.93055746408139428105
0.53170350961223167285 0.85882002573546334379
0.53211061184502428389 0.91701784603936808971
0.53298777287370191491 0.76174127153971682436
0.53330959524440646469 0.75816997912573502738
0.53335095731621418036 0.78633396347077100241
0.53370124033239696448 0.15459311402231060151
0.53379647142391783987 0.26820325750788570618
0.53389207366641533437 0.75332237342909347255
0.53389384833447151024 0.77695670560983820518
0.53416945250792591260 0.48394979426965389901
0.53429945567782843874 0.90537431828203318585
0.53437343626422151299 0.64827244574103515262
0.53473816720668765345 0.25335592398969492001
0.53498693325764035134 0.63525912236043913239
0.53537322821454624844 0.50254899727843949098
0.53597570649756232086 0.32508181147697889912
0.53693579987523132324 0.39157951739583007900
0.53761936633277895847 0.90458462596852429183
0.53792385053737601375 0.74555464510455005112
0.53809697805043366081 0.25923733415376798428
0.53831164609249793074 0.25875254995516022705
0.53842988138921521468 0.55935685023226577872
0.53851659060836054582 0.37183437181490941459
0.53875025804166731813 0.72653811962249525980
0.53886564338518827544 0.24582321123212189096
0.53896710546380866003 0.68472428914434568803
0.53909152873065280254 0.89226254196570597976
0.53910721847253439964 0.23794926277342220988
0.53963978810748081116 0.04861266535653108178
0.54020282999350044406 0.19311548536914660557
0.54030315820228669299 0.59957115163482488374
0.54093071871271913853 0.08975907524718562680
0.54156100585997990482 0.45100399514019179348
0.54215714823513039278 0.63450282501689136971
0.54226777754630217654 0.44354502460941841457
0.54239705633055190770 0.59782382392223909484
0.54249164266735416806 0.55173248417340481353
0.54285398343546353850 0.42211232809461268767
0.54308268110815627328 0.56842058938770512189
0.54318424102004958520 0.52409282317978067578
0.54323299042372430456 0.44164882255423348889
0.54354089368647684477 0.88130012028331661256
0.54372566793881327296 0.06498584616863012364
0.54380998035268723889 0.64977633795239253534
0.54396987064754898089 0.39054989396245187727
0.54428134008292539114 0.06004482547149180699
0.54439856534245889552 0.74443247645786891908
0.54473756190738120697 0.43913954752353712152
0.54504150820383112652 0.32306041692506631824
0.54506478983994355314 0.08179728774671402025
0.54568899132401882390 0.18859965171215739566
0.54603163402717891373 0.07575754788568855869
0.54647640453930046434 0.43674667453915122506
0.54694810533029658561 0.45007482351036909307
0.54721994021671216402 0.05595405280887211230
0.54729412179743108791 0.63155970279674300549
0.54730355580983947039 0.61954666771666599967
0.54733419754251699807 0.67993958012395783186
0.54741748053949146335 0.17096563079112178651
0.54816567453227771356 0.57463239040928815182
0.54892542042726022444 0.36321956857329051882
0.55002312552383547661 0.35386099635308299050
0.55005542382554339920 0.74394214391280155674
0.55008098118340764682 0.60847628338691872596
0.55032309956465474965 0.44781006918280852336
0.55080312838660994146 0.83209396785724742962
0.55146443420951596348 0.52735975303901494460
0.55163401268982470427 0.62187331931597622514
0.55177197611118433684 0.64387654850831288478
0.55197245321152665909 0.90182010952789626312
0.55203177338502862348 0.47578077213530567402
0.55210273421593891729 0.76170443945708654621
0.55211085163271000908 0.89110918686373585818
0.55249677462649726678 0.16943059948135411052
0.55298840648948199838 0.80275519773075210139
0.55348542104258646734 0.06939990424068920305
0.55364815574062575809 0.05583446603697694854
0.55389206980422101001 0.47257286244817148235
0.55390110037340112292 0.29539087681174819311
0.55401367615947538781 0.48789675587138908730
0.55516647563009680066 0.56361133784085282183
0.55516864121658815456 0.89084902854605818590
0.55525715293820265828 0.82106743278325755586
0.55562641555141578653 0.69252872338548365772
0.55602131675437327374 0.18843929592223140901
0.55654888849482442303 0.46623930089084691941
0.55700663152156293378 0.14108846176602110600
0.55708536082082771301 0.67438659613493612266
0.55713484044857042310 0.24663942732416291315
0.55765948682868182740 0.48995343876545538464
0.55781101837147772926 0.22439670270288239462
0.55792012714618677283 0.42544091610344692000
0.55863471289159394306 0.18405216115439079760
0.55869994111890697308 0.28884776621929147966
0.55882420806353505505 0.74299883057554116927
0.55888460657558503009 0.72095905012483685326
0.55975022564647092249 0.90087841738666341040
0.55983671893738595760 0.71612449295748070721
0.56044385542056263105 0.86655432011394917247
0.56046398144204923053 0.42443215062256228753
0.56058402785983574290 0.77046711583269011925
0.56101505812912022542 0.61273511301794059136
0.56142954546178680530 0.26637387604045137390
0.56197461985308250210 0.06710433982172170353
0.56226102315933723652 0.80275873653896567816
0.56314088534556994148 0.18108669794278120513
0.56403639375402470080 0.82294941626013884406
0.56407772685010826308 0.13864508292211868978
0.56431552129915962812 0.85784701739173474522
0.56535063285014408585 0.68739145273669488567
0.56539170765615942571 0.11725224532754539852
0.56597653709522710574 0.33592057478014647476
0.56638028115106486826 0.79909131498225016710
0.56653848464463940626 0.57062024021791135642
0.56721987109000848726 0.38230605443888748818
0.56759423624540628062 0.48394400758311767463
0.56830226916525750092 0.78456547978760304840
0.56838104387745724821 0.32388353362723582007
0.56861379731135230919 0.77005912906457640865
0.56875570701316779942 0.86824823549488661101
0.56931559661159347741 0.58612056826563174727
0.56933603706727886618 0.18398074778014639197
0.56947161415202918189 0.85584451112036197262
0.56980461375134239255 0.60553278835456625373
0.56994293070734813877 0.91688814456687450782
0.57042135444017239010 0.90425924637929200323
0.57045653731996515123 0.14684421516477511038
0.57057353386196485445 0.89335109479086194373
0.57070526846831315382 0.66647871729381946704
0.57072528311078329910 0.65867606371350118089
0.57173191719411775580 0.55695997446863954039
0.57173223800732730915 0.21879038855885610260
0.57239183300952534150 0.39529397267728449972
0.57244118582845937571 0.32240853243003192441
0.57254505417572665316 0.85025792756914508885
0.57257209684826004814 0.38004782538350267984
0.57272929287253382391 0.39163017718683662549
0.57335502772996427279 0.36559949113230322260
0.57335647663184075018 0.90090714197159560417
0.57371955037501398689 0.27269202659155611368
0.57414271195781041435 0.38226113610841278012
0.57429942264083710945 0.78154430259693397076
0.57489112466080183328 0.25207456752708140568
0.57517576368240352913 0.70142938213446492934
0.57543223880226967992 0.14972118440668269468
0.57612299033919633917 0.84659277517288866743
0.57658811022720724004 0.60912454162667184487
0.57706115092747956030 0.20116465531064400829
0.57827463434204351422 0.60646672980541105336
0.57890105033798000544 0.40716681227460999049
0.57893580511245923415 0.48204200900350940850
0.57913647495054532133 0.36716745994121191554
0.57937815182225660404 0.38225818613873702168
0.58014759204006283166 0.35095680469021128811
0.58030220397683374145 0.86610773976068800017
0.58090751448000865764 0.29130943490100652538
0.58097087192004426281 0.19883843755983410251
0.58119664420127636895 0.47143681544174181886
0.58162909438789422989 0.19782237924413179075
0.58188840983488965275 0.66379022729475845033
0.58210331982310170584 0.47032240981320827533
0.58211741639543546079 0.81533123145735697523
0.58218957984401698003 0.35010656917975707669
0.58238880987162899849 0.54178731589191275742
0.58239293001930170224 0.89908432190129561334
0.58265552138835974283 0.13767596390500941306
0.58272115315036165928 0.09058969725192111966
0.58281713774238874670 0.08339718233791970636
0.58369509126139984545 0.76865822474384604135
0.58397556145733842126 0.83313081770732466680
0.58438374484031407885 0.29957680338372422169
0.58452103071865735284 0.70134767613627480021
0.58469429694410413045 0.73456956623013458518
0.58481972947296900767 0.42144753598352918678
0.58576532204594111697 0.46188666677728867915
0.58607403170144278803 0.24240716585619190293
0.58610091228982275080 0.80631311948195572015
0.58614115991427429009 0.37835401688617431581
0.58620455995229237001 0.88259911169354676730
0.58643144355152332370 0.53941032050031612055
0.58658666653404278879 0.21957092689080640047
0.58692900522552715614 0.75954823503890056546
0.58750609582623136706 0.82183054916360087638
0.58763788804244487807 0.69581326458278758285
0.58768555506061104232 0.42272390181819441413
0.58779455437439553922 0.78495534551183465677
0.58802627985310718106 0.26975134604528638871
0.58829701590622074381 0.17342875555181080927
0.58838334886935605983 0.81781244601695679552
0.58947348936818144693 0.28130706130387950203
0.58964563097176136974 0.21094328932687961276
0.58984965553801249616 0.75472141076830212558
0.59035836009159803339 0.45218579233199451828
0.59058170104634133413 0.86551977910027777519
0.59144235188334248754 0.44807500957604601277
0.59170247537896158985 0.44358734920997511253
0.59274441440250191793 0.12928303731052590009
0.59293581495119818126 0.40958112630674797794
0.59293844467255152342 0.16689246499140489299
0.59326826657961362343 0.22952555218221951105
0.59334864317814639545 0.42271228279015332641
0.59389311055647431292 0.77539351178795101749
0.59468699337357966428 0.22240396308762919175
0.59507632478411431887 0.34198210821926039449
0.59529287872646896584 0.64316457510137403641
0.59532346247446843446 0.14728304467605490835
0.59587233496878500016 0.59247421509265074668
0.59592206978336148548 0.63566587538576169170
0.59638927329604973782 0.12123795136375040138
0.59647591155588153278 0.43484457497374928714
0.59689218542092659092 0.40189843960975107917
0.59739600506047263462 0.27395589435204692474
0.59782258160754409015 0.37661755527110341024
0.59870876218297808258 0.37019773313491100009
0.60026347873592711402 0.26948234822655509069
0.60064866590025545179 0.31969055371923077447
0.60092314616086761614 0.67469895341897367924
0.60120386344170106963 0.87356375289733523282
0.60165572296183733592 0.39593136762423691843
0.60203260646627343444 0.17750694865646529652
0.60253680542740228887 0.33396680390202232447
0.60265513787400992740 0.86906433816418027227
0.60279346298965519324 0.48156436255368939570
0.60297524432770543967 0.14193169335998170877
0.60304271027653599813 0.22174074963513770720
0.60355508262742685321 0.59762298322312490395
0.60367565446260185169 0.83556574134981287383
0.60403996720351915695 0.26596072462341141529
0.60438198657789232726 0.58824338542398280083
0.60440779282947443285 0.20818230153678060623
0.60460951315934952088 0.83148914279242325254
0.60479721908071337744 0.57077659590953599977
0.60489311985455462839 0.13857951445032690163
0.60515916613013687186 0.19248589275252309116
0.60543245812231549774 0.41998291067094040141
0.60553024674440991681 0.72118277222715110319
0.60621116434295596598 0.56854576686382007900
0.60635462712979792954 0.67348226472395922304
0.60642887258712618870 0.36971864461874359709
0.60672012951504861178 0.86500516104083047253
0.60779559203962985059 0.31318641570888011705
0.60810168400346298334 0.83051714256274822290
0.60856081900246095095 0.73419833399272926844
0.60864982323706162681 0.60502419003941176889
0.60875708685946705589 0.36662420468197909340
0.60901412064061233309 0.50745917257127737265
0.60946890630801320299 0.52654217812486370232
0.60960375972336877659 0.83418095507103662278
0.60973704777849135894 0.80642024677590951054
0.60983773993283640902 0.17745371566645640193
0.61036860997878938928 0.56639619756404357975
0.61063078507474433110 0.88750382491560597664
0.61082819799748833134 0.55994071767340891643
0.61088638603902445379 0.33121804174537822218
0.61109468940883227006 0.88135188239680817279
0.61137652882550141964 0.65471332604007748124
0.61151339054901410197 0.87369888159673692041
0.61272438237968041008 0.71852510535943081571
0.61288651655891090986 0.11664730526694100377
0.61291862596614643532 0.16171963806628208982
0.61360377193468518264 0.32566227600142161336
0.61363540938881888653 0.60439374987166705200
0.61385495878217810617 0.70012433616573632733
0.61408014560494916800 0.85399436861903221807
0.61431278584468607118 0.36660383184012168556
0.61443935688133832773 0.80339273297967150889
0.61466407936557654335 0.64158114578616343149
0.61501303947870689104 0.79329957094572445264
0.61561593864805308485 0.67119862475130032120
0.61609315917723650458 0.36352637168133328238
0.61635595183682478915 0.47544214131457457340
0.61766047612820917934 0.66858155377111327944
0.61885845903838188065 0.82759543483581521350
0.61888806890692693585 0.29523055245064028229
0.61909622275385989276 0.66707126022522500453
0.61915913452217630208 0.29026464013071917591
0.61926764058137129254 0.69030216622047879671
0.61937763379294619170 0.25291908878143992689
0.62069173330926585841 0.41695788421398988222
0.62103540355267328188 0.63783486495490748780
0.62134002773433782973 0.70485916052807773280
0.62145658573542128522 0.32137333263780382131
0.62152048457027431194 0.24864182750934391009
0.62159974581336818744 0.83554984804293352951
0.62248180141246267638 0.18961527587991008903
0.62256288708015850020 0.54808322041044366113
0.62283139652673180642 0.18802062913990891246
0.62301530125731763299 0.26542118888736632165
0.62303089279094614472 0.12739240563560369490
0.62307650037571105095 0.75764049835173619130
0.62394165476055563069 0.39024496489316462533
0.62407580905322634912 0.75005147169401997775
0.62408528394366336034 0.25819119345521518438
0.62431017303976332755 0.29417659575204208044
0.62516637992944235069 0.36958672409118048519
0.62537193026743898017 0.18428888942229529335
0.62647573395747346847 0.83409298956512312184
0.62858454859933432513 0.59492150324742476553
0.62869425900384023898 0.68748573452564443187
0.62880236397238697954 0.48950149316919822073
0.62902250211089116849 0.18217013901013529020
0.62930329870449341900 0.72025125814717694261
0.62940732534579524327 0.47356077239190702555
0.62982541479696851905 0.31418079520392672155
0.63041651424149958149 0.80003228585832963926
0.63059398642668951229 0.74424196651190033247
0.63138734200024237975 0.21503322280130168775
0.63214718057848584554 0.53878342164912929046
0.63234211077182589378 0.16018789940391850446
0.63235060641939688786 0.25427117206671917549
0.63249904253694355649 0.30922228105155491473
0.63314261213317546417 0.30843031586959607226
0.63327833473314909529 0.39189757202385111512
0.63365941237546163922 0.71945901834028591626
0.63411335771748689183 0.80691473674797997706
0.63445739783132126810 0.43580236359637952726
0.63480495579126605676 0.20684235638878831209
0.63529984930221150563 0.82847449353071722644
0.63577171845287894225 0.36572274336930848948
0.63614179429600536952 0.38635055642049281888
0.63627453060462835222 0.56309696748841531200
0.63635260459929410271 0.43448569415761661983
0.63783260338731295747 0.65493883493232063486
0.63812132233919061086 0.74374636954068085171
0.63827234757983730695 0.77429865722036883557
0.63854976578471145388 0.37928866551305051580
0.63860650101061267048 0.37699241499361457741
0.63885851553701145100 0.71591447684686881914
0.63960607088811172183 0.18037721034942499898
0.63962048530520809742 0.85956984200902220028
0.64018475673254815472 0.62933463467395356350
0.64023472586038776555 0.61527396896596620035
0.64033150034389707539 0.47218693517636828316
0.64071819633863091870 0.36571001168356742639
0.64077611000393530638 0.70933915080759213367
0.64089181293125330185 0.36132730373476340535
0.64130311054034871976 0.60931510561730017894
0.64161482858926544015 0.75675963345963337403
0.64177044053073062368 0.46136527216176609345
0.64218253856821305714 0.17658076617884360671
0.64256194653755072110 0.35905326780836671619
0.64263188915176971960 0.37554966537940531746
0.64311225667374027903 0.52757397700592023604
0.64322724912486484161 0.66890650422733466396
0.64337973655707569876 0.42582051933940878730
0.64361983114844656395 0.69302724926625614010
0.64389177134901554034 0.75573939538313894548
0.64410564054687080571 0.42372831683743100717
0.64443762399746928882 0.29349278122158339865
0.64450186996386682470 0.17345631202061900789
0.64464144282730806435 0.58911063249413520015
0.64473183623565333278 0.20728469874453980815
0.64521349816030837410 0.52894841221871113923
0.64559907225725710056 0.80635061818985986903
0.64572149169807335767 0.39802911923700889929
0.64574178978318397260 0.42294800185978131957
0.64591910763889892610 0.74715558250621372238
0.64719553235982585360 0.73510569528771685377
0.64734584313316256843 0.73260841584014568806
0.64755656141497275335 0.16477724176251579147
0.64784359479506670176 0.82335446215969443351
0.64838912211109078765 0.15999950380132010874
0.64840646702044635319 0.58747773438378847466
0.64892191672054722051 0.23989159503972790066
0.64949202967810515386 0.47940468995528867646
0.64962231083051136249 0.55459504735924614049
0.64972873890185323109 0.73089515189842302334
0.65003261891034347375 0.47131900845935259525
0.65064545297704134974 0.41328715353652711872
0.65065125972009474342 0.83744929768041942442
0.65069599375160780408 0.38112245884217971215
0.65083677324882438509 0.55445415164789146889
0.65087231762285990833 0.68592702746641054379
0.65156368355292781924 0.72403688908732899421
0.65230203804488373631 0.42446719535440191606
0.65241430587006465913 0.52499726046599115570
0.65245795256568417386 0.74307752961413797710
0.65275105185287718434 0.15651817080298410789
0.65366540500386227652 0.66515680502489038517
0.65403161989634650553 0.37805427661897961222
0.65532039949074205598 0.40192583926077357637
0.65539711567316571994 0.30364644641523508284
0.65889457364001613460 0.61330245678681660770
0.65992987451098639173 0.79939793824542038081
0.65997350138333787939 0.32419251088591827248
0.66018453602328763807 0.61283023693879679072
0.66058209339070528276 0.16380620609838761337
0.66095733523389743613 0.74274287685952211646
0.66144459594951776626 0.79728915050081439198
0.66178338332667552280 0.50496065565131986741
0.66209971536993061925 0.50277964436662336833
0.66235220953365470109 0.39948240923660488511
0.66272941534238627437 0.37197123077622362697
0.66358958136151446894 0.46388617187181852008
0.66384960505487800031 0.76743709582219710175
0.66393613838941578642 0.46228363553837037436
0.66395816534730622838 0.75989485945568835401
0.66405622014382481577 0.39523506211342207539
0.66596444075094374249 0.75485906866629737255
0.66607153322484757840 0.71578741994159911233
0.66626370003336521375 0.72001489840351551308
0.66634666119016250363 0.49400776043684258010
0.66654604311649789938 0.75612211201791856841
0.66657832093055191525 0.45895924841171509279
0.66671438372162916686 0.37111741618349258776
0.66743589416856274887 0.74179518922894960298
0.66821647513754645065 0.23769894296490479135
0.66846587982919791759 0.78673443021887545790
0.66870766747509302608 0.83020973962880662000
0.66934499851546891414 0.79777080560664948017
0.67084575787068312369 0.35441590821240487319
0.67132922093882707593 0.70351915704242340421
0.67133452758708000996 0.34843067225258539388
0.67148636292928287617 0.39890378075199300900
0.67194531591443473761 0.24976320985530550689
0.67225535292073990146 0.52454619440177852052
0.67282985976097964276 0.75538324781071797265
0.67323900768322308963 0.41842304923901951774
0.67327407094669367016 0.60910236427527075787
0.67331238828358996873 0.69561646569096979853
0.67370426629531432461 0.31887600085644041137
0.67456304338552852684 0.34472523806963162318
0.67524214841470531212 0.64731521552236481742
0.67603858972619745860 0.39217464343639069080
0.67628117301708978726 0.79365097736140921558
0.67666632305191620755 0.54557413170398294522
0.67689448848363720224 0.78209283859652312110
0.67704760043413636517 0.51183785199684039835
0.67729430750872365863 0.18363813017082200596
0.67761510102550526202 0.69259850612723528052
0.67846683550694186771 0.74674932693106288450
0.67855947508665492851 0.74380170492097297252
0.67914345250164942502 0.39164309901594390739
0.67926490005753736856 0.74633087643537876499
0.67926546221194206154 0.77499529194398308896
0.67998173145765417047 0.68856776554122633982
0.68080995101089925026 0.63802560323229984274
0.68151889316514291384 0.58911881394754628261
0.68169045435188901916 0.41213719206557397623
0.68216240974642350370 0.37085105581464938851
0.68253106235644667166 0.45144385241170797984
0.68308193179699616682 0.68401277632606227730
0.68351850741572295345 0.31491043370300841886
0.68390276859766441220 0.72814858929523940123
0.68416229671814332569 0.50554570210629734550
0.68490443324022398652 0.73178919791874219580
0.68602770736032248067 0.38531285867937098422
0.68606678970709256138 0.78542834789886151192
0.68642023168751720164 0.37842499826790437778
0.68771922058787404719 0.62964391243674455723
0.68789963243910734469 0.34432607017269517558
0.68850766159252352328 0.44807991876366598527
0.68884871793649093963 0.48356909842464157467
0.68934401166366576774 0.57422447570784407311
0.69051872864714980427 0.28240713829087177311
0.69115403203653236197 0.51306058149573918747
0.69118333117835861756 0.73957624408752031808
0.69226131939004731386 0.40886922996650498785
0.69308671991110737398 0.47949252941103998049
0.69352005404134475786 0.40809807564616501496
0.69401086353928642669 0.33389542358010859679
0.69405267756874788887 0.36948637566335479354
0.69439395514551727207 0.72315344151135541040
0.69450104299709158884 0.77300757128333097423
0.69476054027336409114 0.71838163844316604845
0.69592955217961949277 0.45768303223702261340
0.69661760384665083468 0.72047758452663390738
0.69680406487021573358 0.44161998105889488375
0.69685280040927499723 0.60460237088507018388
0.69700782130287708416 0.70509693269012196915
0.69752837383369403756 0.45320330890257110035
0.69823133645552526438 0.47421290425220918863
0.69853447538937452066 0.43684325256488781841
0.69882637768355704289 0.69072408590490719238
0.69909396874090856677 0.73908056388327891817
0.69946288842403370190 0.75682183021174953552
0.69966220269335266391 0.75083469572491190469
0.70036357539410998285 0.60224575775785915699
0.70079992374959443335 0.69856023614391482557
0.70085218995152642751 0.55008222703103371032
0.70091117782663803215 0.21044196999739150922
0.70163547851135910083 0.75072948570491160325
0.70182709209076266088 0.24578538603359209591
0.70211627585107616589 0.40782775363183471073
0.70237958113800669224 0.60355298926349965072
0.70305424621775469696 0.28745541818877679008
0.70311830029822253163 0.20799348924045368836
0.70325547387811349065 0.54783797030693537344
0.70386454011536969677 0.39906474946239711699
0.70402154808173145195 0.69655907500149272238
0.70454571857769210386 0.27892097417008188120
0.70556935797472042360 0.65977585459654597422
0.70622083067404450851 0.73836805719738352050
0.70676743921963192108 0.65889683800563692007
0.70677070971528366261 0.52584160725917672430
0.70683914092987576439 0.54808138960298458109
0.70695790410030567852 0.36693981409803178018
0.70743855610571892978 0.29139695574664747912
0.70759415879632547863 0.31565549997646652480
0.70769571150711130247 0.59201520661228645981
0.70798343848567102388 0.46542505469888162395
0.70819201212338722673 0.73731962733339284632
0.70860007778939082534 0.35357617156578952100
0.70939235404329670232 0.65569701106339517427
0.70957650704962293986 0.36488674003310317406
0.70974287684746029115 0.28386513603216828594
0.71037471932893503368 0.30690730661356802056
0.71040850909114539036 0.27228879865793281789
0.71281903083080011552 0.48218788217315827760
0.71352756068643508058 0.25629654846877908403
0.71400979550534793283 0.49541447111814679305
0.71414262732867650474 0.24200797794854919665
0.71460731171078317736 0.48368636643388507323
0.71517529779785637967 0.41980399257724981821
0.71521320558643564080 0.25374055331910627675
0.71538667970606839575 0.43427162181648648609
0.71557247942765334070 0.52031760661013781721
0.71619389980979342170 0.38875724028317820702
0.71651449054680260708 0.73481292089549421487
0.71793646891864115744 0.77815423379362347323
0.71807406688796060479 0.74096547638708776251
0.71828599318110142313 0.38868014468386108407
0.71831264043110454320 0.68508627887041928517
0.71841362619373372311 0.57933266837992403175
0.71907741302778049874 0.47013573132566122137
0.71952552780225065288 0.51716178704243176423
0.72086041464654482258 0.38789667643938541275
0.72192769323628158684 0.37813610947290438036
0.72227412602626916982 0.45191087348991187955
0.72244800094048977623 0.46750912862552029825
0.72330698868966281090 0.47500086953177400595
0.72512626260112755805 0.59740475023148142952
0.72548604086078682940 0.40727187699133671206
0.72560601602383167918 0.23425782439384548739
0.72623573801602603339 0.30328370753283839800
0.72662937843274111316 0.46898394777609031525
0.72680325883106244866 0.44926531173798617269
0.72750344197115157652 0.76687143144686753526
0.72784904774540282180 0.26852350570918742667
0.72791149741552496621 0.25348821252000308668
0.72837563018288942196 0.51534051263779823149
0.72889521047310923407 0.39864048696177312170
0.72933332083520685529 0.26590689207862222565
0.72935935110942873294 0.49937440717698228232
0.72977633819434983842 0.53972777568570939888
0.73030748326210459531 0.66049745184622676852
0.73103221778919158513 0.62517181173739122535
0.73195392778812673473 0.43069103265365071831
0.73216625551095704250 0.32380745782753117545
0.73364225447858488760 0.73922850193074796099
0.73477214573486748783 0.38108520892356712029
0.73642445938217182544 0.37793374007302849016
0.73713638759561528335 0.53745568601149318333
0.73800513862695105161 0.74512219580650218553
0.73850121249437805648 0.38036170541934588574
0.73922747555997847524 0.31925840281284489919
0.74073111252541778970 0.64566578423188192293
0.74104734388310544713 0.43025957494610489462
0.74168406889608717858 0.28301691788615490619
0.74190587490661119574 0.61620574009803763538
0.74285751639323538420 0.29532450006829097378
0.74290469440469675266 0.44654308896073807711
0.74411088602146879811 0.73349590564995070796
0.74411708230405781972 0.25014750374894278995
0.74469997867946502446 0.58420619877305546286
0.74505518536226478243 0.36591637824814238211
0.74610500128113343976 0.72922352169168258573
0.74693222988051555244 0.71459523487809362141
0.74871690089623266218 0.48130673968030718290
0.74902501200103899226 0.48009903283981947286
0.74918628026171107948 0.36484758285241591924
0.74925059223843337719 0.71446547617621281034
0.74927789029998814740 0.71201755165445390627
0.75060163199251805910 0.53159010805298190228
0.75176126426715994544 0.35034458825027031681
0.75250036711047341154 0.36290831147944141444
0.75282306791464626006 0.73171427404870348354
0.75363491917246527851 0.64489052988996153903
0.75492428438910497146 0.63819522362869629539
0.75691407841654101407 0.72461161039457810951
0.75817286936935968100 0.45481893264212808203
0.75819507676906505722 0.71261045129455835578
0.75832451302555836659 0.58353243356192285862
0.75845142833949397154 0.70799949121828131826
0.75972369427078734194 0.54899988114775621906
0.75982217486487957370 0.62106147440027992257
0.76023921154397422484 0.27117228105177421105
0.76286097643523620437 0.63536365993402099672
0.76410806235919448426 0.67973824739448729382
0.76445970781178695930 0.54495515530471294596
0.76487047851071110482 0.52402301646359483733
0.76528635754158658155 0.71198259214148096330
0.76679078804689626558 0.31640318775353148961
0.76716752944938548797 0.37202520841052671985
0.76718251524375280503 0.35469653764078007407
0.76739864134762147962 0.63027082547552448766
0.76771575003674141779 0.43715081955099088784
0.76800074972861998024 0.52194010555302849941
0.76870571912630147882 0.53953806481997534927
0.76884906069686187458 0.70136266843973849028
0.76947501952699459693 0.36819255032666292626
0.76998868552956611921 0.41930328227451307832
0.77042701592005480293 0.27678826962321867455
0.77047008050658094547 0.34075381089655809586
0.77048981718798292828 0.45398928133735960699
0.77049036827640393632 0.65888991111248507160
0.77067016488295558840 0.49340963310524649232
0.77068062272788051548 0.58330496680294963152
0.77077223563314922750 0.41769422366713387929
0.77156899919980337366 0.35090919587817248626
0.77254176816107744674 0.67694424504765216000
0.77327014804017735194 0.41085951023344469135
0.77391114253505066678 0.29411104869766391268
0.77391356705241609593 0.38714519965107530020
0.77417194588659499210 0.31337838920628602324
0.77442019870753908695 0.50347209060911246592
0.77465577210709490874 0.38606425806545041635
0.77521459055506847236 0.46954432904565718276
0.77683811042873118780 0.67633907186321173821
0.77748834760876073258 0.30474041900326481747
0.77820293758287362174 0.56845592710663062075
0.77905084413555591993 0.37393626806366009330
0.77915920850319009272 0.34526780665074691123
0.78056911895601821527 0.47669757858695732677
0.78139868565491488184 0.50890545829631117503
0.78160286631482300823 0.58754525748909847138
0.78185196098229070572 0.70338674684912716462
0.78187843054132988296 0.64740686471487762788
0.78209857961013018457 0.37301341615304117738
0.78244396096720791878 0.30404988873782107239
0.78325379221651902917 0.28879501792865819310
0.78380281055156275638 0.58284702748306271847
0.78457613856362762306 0.50211084318766363577
0.78547230240116827638 0.46903534223560772176
0.78620613674314776542 0.35730957038326782715
0.78708683148672731189 0.42711322410034679997
0.78734956967894964563 0.40239521475891248947
0.78799812284178072375 0.68522760588032771700
0.78825901878024540181 0.34449359454379968604
0.78961878430428444897 0.48361986061695039218
0.78968768406902634105 0.48053935969128369621
0.78982636319412602433 0.38064618306234832001
0.79022464503042422201 0.63244136885179780272
0.79084538457384478960 0.42678751601462328047
0.79123052946681882158 0.46483566086017941155
0.79124910992685626443 0.37790969300437921019
0.79138888017228781191 0.29533492298434799173
0.79235870645353911890 0.60826707800187895803
0.79256075717244567347 0.29583580539860188097
0.79315862461621799984 0.62905414554328753507
0.79388230500713741211 0.68974282788378959985
0.79409150849527754268 0.66887990333831615075
0.79563575920196405455 0.47168832325639342695
0.79635722647155826603 0.64918460775881059455
0.79664741488102963629 0.68247604891159330265
0.79698835754119712327 0.34910203131387540498
0.79709475133315133011 0.41113086476118310131
0.79750653735744880812 0.67158254887397150767
0.79790875777415759540 0.61390017460591639331
0.79798758062167385319 0.46136031732434679142
0.79807692578425737384 0.46660990660090129190
0.79818775419157517170 0.39263412487425058961
0.79863345008360053789 0.36264966632880102360
0.79895444328290965430 0.45650945739119141997
0.80024740659882331872 0.49814189402657621519
0.80100607659750933109 0.34330600148927481463
0.80371634743772446541 0.60107590539368849214
0.80392647549232032489 0.61270022867852791393
0.80466163190272477213 0.45485504601148368797
0.80493040134210891434 0.39156856559016017805
0.80586385467020826834 0.34986301145486958797
0.80631940492496467776 0.66428303504594699014
0.80672500743908481802 0.44448102204981787544
0.80693048152745694424 0.60042223313953635433
0.80705326297058843643 0.53913037399437135910
0.80733985246212647269 0.34108511340728131511
0.80839591402131560915 0.53872814433101090525
0.80868418221541849000 0.52984276717107625654
0.80900784829783078944 0.56437086117227808213
0.80927813313557162012 0.67997581991465427809
0.80958485504437593949 0.61012609924248162319
0.81284379046314936268 0.62395479050389313080
0.81301017325137647784 0.51097879299921311613
0.81343156929424043078 0.31581758187186859121
0.81346418489703775645 0.44355478632993727839
0.81380720019860575132 0.64906680278686368357
0.81623029559696169688 0.50536253717279389086
0.81757055983750448469 0.32928086657409777471
0.81863753593782551121 0.34319490090510812452
0.81866620892660857400 0.67495838105494465609
0.81978142584973001661 0.62687024238228239437
0.82015745270847917325 0.38639611389500960748
0.82042177872340549261 0.63863564212592194291
0.82131975784051458600 0.63656042442111704371
0.82177439890842618464 0.36306128720676900112
0.82528617450307206749 0.56428238662069685194
0.82766299601685888732 0.65607037707979565244
0.82887894418550178699 0.50927159290222179244
0.83052985485832875323 0.34026809050682249591
0.83058970762785577779 0.57086169895690397347
0.83078695805124425089 0.33178691784571562318
0.83097586184325988867 0.55975766852570052468
0.83100125377264089099 0.55938975836456628077
0.83204871111072586931 0.62123648106576656591
0.83278741262600963768 0.37810079385431061283
0.83320403526565567365 0.40319281979609489230
0.83630509267308328347 0.36481555094496370684
0.83718646110553074369 0.46839277280512470192
0.83806087719479194220 0.50233147158389201969
0.83812682977633279346 0.50008092305515206011
0.83835713449227411420 0.36105615468960827741
0.83858258991793643844 0.34273825907486682452
0.83900584455751825441 0.51698464944645550201
0.84014008960042141361 0.47635060727996808572
0.84212616179562693741 0.65450818037250835246
0.84257081495580521402 0.48684722059153678897
0.84324484238141494963 0.35381255237526970658
0.84361170279565944607 0.39919882077979912394
0.84559276279450623637 0.55466160091551464095
0.84690208294271518419 0.65003568197242300730
0.84904355539516540574 0.47548294147978137358
0.84984218579173864683 0.59953288047973984920
0.85070153663268721633 0.38126739509653279070
0.85135671304961813011 0.45398511779130412691
0.85146472143839568858 0.61861366381477933540
0.85868080534936364057 0.47311607279638961954
0.85883270225160601719 0.61916567050729143240
0.85892556547752230145 0.61186988489144500392
0.85926630026329819945 0.61796746041320416154
0.85994088983881455945 0.38027606160345467368
0.86119781502329606493 0.57984684432312105784
0.86173548095520213774 0.57586593787499762431
0.86195768797086425028 0.63109842362910606450
0.86224219943979429903 0.55020360325387129841
0.86234874836104380424 0.36907184309827389956
0.86287498726616573830 0.62382942834778465357
0.86327887659384749952 0.61103819405951365074
0.86391408528295021707 0.41675573784287561763
0.86580406408355259362 0.44413326457267948699
0.86620409637488882115 0.52862484215689509170
0.86703307571786059071 0.46164932034216710210
0.86791921938358884692 0.59818412840705936784
0.86875740403244505750 0.51532088504824080655
0.86972962455984736962 0.62275921638251685586
0.87007261484526954298 0.50847346581455576953
0.87131911724434141231 0.56346706453787176461
0.87432812687520544692 0.47089430032022872030
0.87554138793501345983 0.49855319712005990995
0.87590817534911924458 0.55703194386880705569
0.87610043818043092934 0.58481227532602542141
0.87781027456800586606 0.45676785735116998133
0.87785668976644570805 0.60471286810675350942
0.87939346870595225258 0.55040689321473779128
0.88051062977774174900 0.44094324923090499890
0.88056863552141673157 0.54225200261387207501
0.88144928353189389014 0.46813623809481247351
0.88174249853166064561 0.60066084932616414793
0.88256227551974020251 0.58176956589056760816
0.88277973368569251367 0.47324942651136681082
0.88315678134322417314 0.60472233523817997547
0.88327745276510061245 0.59372708630047643652
0.88660746839563198129 0.53522439167600499577
0.88669107899400534389 0.58775115511597730844
0.88696331804063466286 0.47313352217527659960
0.88950622585518568375 0.52890993473686487292
0.89189819666621750205 0.40108363219199971716
0.89210875704113845597 0.39854647032830231579
0.89236572779904566044 0.58977929351354507759
0.89306524112907048618 0.58709028746837688129
0.89423579593531588028 0.55185901250462798817
0.89577146291069498218 0.52833079702518448428
0.89620566052571126736 0.55106219745662987641
0.90068796302595577341 0.47741818449023609716
0.90075517838255436676 0.57673004448719089599
0.90089411392242657595 0.58049888620412670726
0.90172944034479030062 0.57272508637908525753
0.90190963577133131945 0.57234244841670522952
0.90259709386716791002 0.52339255206669421661
0.90513812295930440310 0.46432746500573818249
0.90560507794773137391 0.45999688277646422208
0.90651364305804937871 0.42068545088006331634
0.90708967774209414703 0.56888258336574759610
0.90863479292550619615 0.52736891570219468495
0.91051018568540076359 0.41472674163732731190
0.91070973977834990265 0.52681811091196351082
0.91084116852722996072 0.52353641724234645238
0.91226167970471194746 0.58036979383330566939
0.91290449324706690604 0.50398410162220019792
0.91482635932450306893 0.55873627503398892724
0.91699250369810458849 0.49644688561347560807
0.91746185119954981602 0.47016865457545919949
0.91796805616459720145 0.49302418112944451645
0.91862408925381044966 0.48446320661124292473
0.91908110246672058974 0.53361759940569986060
0.91935632129682642866 0.45139977068676651051
0.91998460535229609203 0.51147360683915199520
0.92442093488875576313 0.47655329294160897469
0.92656233080027117222 0.43358220176732931161
0.92699864084027561173 0.49854422386057262173
0.92872726524276127957 0.47765017222430450339
0.92993381686917486739 0.51534875728918583260
0.93137761975065858078 0.49938336449045772625
0.93294012196655706770 0.47588201009103781036
0.93442202590207901203 0.44436376186841297642
0.93782910039206113240 0.44127514611188528582
0.93793647574290450741 0.44596341290389468481
0.94269094253426954921 0.53341771280395555710
0.94482386401583229318 0.47289647082556651725
0.94587980171867203083 0.55329778627708570138
0.94608034861309919794 0.47026259619803151280
0.94615684085148366034 0.54904782002065277702
0.94630295978774492394 0.49354296490321247770
0.95059962633157712997 0.54398606902886259551
0.95123601306591964999 0.45173544877251048391
0.95204581827716883158 0.46917535587099290506
0.95309235887304755153 0.49528020683684287340
0.95326840278093394332 0.45826442670174671878
0.96210599089839821119 0.47930151897343520329
0.96698383919757202598 0.52078407438291729470
0.96705714530661701644 0.51583337517959249041
0.96963220547066830690 0.51451248194846710415
0.97327097681485552627 0.50753720150967518432
0.97353634190243787394 0.47486877367039781461
0.97651589386951931360 0.51363841279363786629
0.97835967094834475066 0.50458731121075828252
